dataset                   n  K pairs           observed lambda    race       residual (obs-race)
Dots                   3183  4     6     0.206 [+0.176,+0.246]   0.169     0.037 [+0.008,+0.074]
GSS job values        21797  5    10     0.227 [+0.212,+0.242]   0.233    -0.006 [-0.019,+0.006]
GSS socialization     33921  5    10     0.276 [+0.254,+0.298]   0.315    -0.039 [-0.059,-0.021]
Jester file 1         24953 10    45     0.392 [+0.371,+0.413]   0.350     0.041 [+0.022,+0.061]
Jester file 2         23494 10    45     0.388 [+0.368,+0.413]   0.343     0.045 [+0.025,+0.070]
Jester file 3         24904 10    45     0.371 [+0.354,+0.392]   0.337     0.034 [+0.017,+0.055]
Netflix                4379  3     3     0.619 [+0.522,+0.769]   0.102     0.517 [+0.420,+0.665]
Occupational prestige    143 10    38     0.280 [+0.201,+0.426]   0.330    -0.050 [-0.136,+0.095]
Political goals        2262  4     6     0.425 [+0.392,+0.461]   0.181     0.244 [+0.212,+0.279]
Puzzles                3180  4     6     0.178 [+0.145,+0.212]   0.151     0.027 [-0.005,+0.061]
Sports participation    130  7    20     0.333 [-0.067,+0.948]   0.304     0.029 [-0.363,+0.659]
Sushi                  5000 10    45     0.494 [+0.463,+0.537]   0.370     0.124 [+0.099,+0.155]

contraction interval excludes zero in 11/12 datasets
race closer than renormalization (|residual| < |observed|) in 12/12
EXIT=0
