
=== add-alpha = 0.0 (paper pipeline) ===
dataset                    n  K  observed  null med  null 95%   excess      p  reps
Dots                    3183  4   +0.0017   -0.0015   -0.0007  +0.0032  0.005   200
GSS job values          5000  5   +0.0019   -0.0048   -0.0039  +0.0067  0.005   200
GSS socialization       5000  5   +0.0060   -0.0067   -0.0041  +0.0126  0.005   200
Jester file 1           5000 10   +0.0020   -0.0014   -0.0008  +0.0034  0.005   200
Jester file 2           5000 10   +0.0018   -0.0014   -0.0008  +0.0032  0.005   200
Jester file 3           5000 10   +0.0024   -0.0015   -0.0009  +0.0039  0.005   200
Netflix                 4379  3   +0.0013   -0.0001   +0.0001  +0.0013  0.005   200
Occupational prestige   not scorable at this alpha
Political goals         2262  4   +0.0076   -0.0013   -0.0007  +0.0090  0.005   200
Puzzles                 3180  4   +0.0008   -0.0012   -0.0006  +0.0021  0.005   200
Sports participation     130  7   +0.0056   +0.0059   +0.0123  -0.0003  0.527   200
Sushi                   5000 10   +0.0113   -0.0062   -0.0046  +0.0175  0.005   200

=== add-alpha = 0.5 (both accounts smoothed) ===
dataset                    n  K  observed  null med  null 95%   excess      p  reps
Dots                    3183  4   +0.0016   -0.0015   -0.0007  +0.0031  0.005   200
GSS job values          5000  5   +0.0018   -0.0049   -0.0039  +0.0067  0.005   200
GSS socialization       5000  5   +0.0057   -0.0068   -0.0043  +0.0126  0.005   200
Jester file 1           5000 10   +0.0020   -0.0014   -0.0008  +0.0034  0.005   200
Jester file 2           5000 10   +0.0018   -0.0014   -0.0009  +0.0032  0.005   200
Jester file 3           5000 10   +0.0024   -0.0015   -0.0009  +0.0039  0.005   200
Netflix                 4379  3   +0.0013   -0.0001   +0.0001  +0.0013  0.005   200
Occupational prestige    143 10   +0.0391   -0.0227   -0.0104  +0.0618  0.005   200
Political goals         2262  4   +0.0076   -0.0014   -0.0007  +0.0089  0.005   200
Puzzles                 3180  4   +0.0008   -0.0012   -0.0006  +0.0021  0.005   200
Sports participation     130  7   +0.0051   +0.0051   +0.0108  -0.0000  0.507   200
Sushi                   5000 10   +0.0111   -0.0064   -0.0048  +0.0175  0.005   200
