
=== add-alpha = 0.0 (paper pipeline) ===
dataset                    n  K  observed  null med  null 95%   excess      p  reps
Dots                    3183  4   +0.0015   -0.0011   -0.0003  +0.0026 0.0005  2000
GSS job values          5000  5   +0.0018   -0.0049   -0.0036  +0.0067 0.0005  2000
GSS socialization       5000  5   +0.0059   -0.0067   -0.0046  +0.0127 0.0005  2000
Jester file 1           5000 10   +0.0020   -0.0014   -0.0007  +0.0033 0.0005  2000
Jester file 2           5000 10   +0.0018   -0.0014   -0.0008  +0.0032 0.0005  2000
Jester file 3           5000 10   +0.0024   -0.0014   -0.0008  +0.0039 0.0005  2000
Netflix                 4379  3   +0.0019   -0.0014   -0.0004  +0.0033 0.0005  2000
Occupational prestige   not scorable at this alpha
Political goals         2262  4   +0.0076   -0.0013   -0.0006  +0.0089 0.0005  2000
Puzzles                 3180  4   +0.0010   -0.0009   -0.0001  +0.0019 0.0015  2000
Sports participation     130  7   +0.0056   +0.0058   +0.0124  -0.0003 0.5380  1999
Sushi                   5000 10   +0.0113   -0.0063   -0.0050  +0.0177 0.0005  2000

=== add-alpha = 0.5 (both accounts smoothed) ===
dataset                    n  K  observed  null med  null 95%   excess      p  reps
Dots                    3183  4   +0.0014   -0.0012   -0.0004  +0.0026 0.0005  2000
GSS job values          5000  5   +0.0018   -0.0049   -0.0037  +0.0067 0.0005  2000
GSS socialization       5000  5   +0.0057   -0.0069   -0.0048  +0.0126 0.0005  2000
Jester file 1           5000 10   +0.0020   -0.0014   -0.0007  +0.0033 0.0005  2000
Jester file 2           5000 10   +0.0018   -0.0014   -0.0008  +0.0032 0.0005  2000
Jester file 3           5000 10   +0.0024   -0.0015   -0.0009  +0.0039 0.0005  2000
Netflix                 4379  3   +0.0018   -0.0016   -0.0006  +0.0033 0.0005  2000
Occupational prestige    143 10   +0.0390   -0.0220   -0.0104  +0.0611 0.0005  2000
Political goals         2262  4   +0.0076   -0.0013   -0.0006  +0.0089 0.0005  2000
Puzzles                 3180  4   +0.0009   -0.0010   -0.0002  +0.0019 0.0015  2000
Sports participation     130  7   +0.0050   +0.0051   +0.0109  -0.0001 0.5132  2000
Sushi                   5000 10   +0.0111   -0.0065   -0.0051  +0.0176 0.0005  2000
