Subj_idx,Stimulus,Response,Confidence,RT_dec,RT_conf,Version,Condition,Wrong_option
1,4,4,1,2.41473131199928,4.31905314199958,1,2,1
1,2,2,4,1.567965792,1.95188435599994,1,2,3
1,2,2,4,1.48905611400005,1.92095650700048,1,2,4
1,2,2,4,1.15627637299986,1.70013750399994,1,2,4
1,3,3,3,1.72744187900025,2.39983415699953,1,2,2
1,3,3,4,1.24746291100018,1.6476119050003,1,2,2
1,1,1,3,2.30230498200035,2.75015053199968,1,2,2
1,2,2,2,1.96696918599991,2.52756435100036,1,2,1
1,1,1,2,1.64143108899952,2.87311175899958,1,2,4
1,1,1,2,1.63724057699983,2.27778977700018,1,2,3
1,2,2,3,1.54586372199992,3.30575206599951,1,2,1
1,2,2,3,1.70011749900004,2.01896753500023,1,2,4
1,1,1,1,2.05034302900003,2.45017819500026,1,2,2
1,3,3,3,2.27222516699931,3.69594430300003,1,2,1
1,1,1,1,2.80969456599996,3.25840594399961,1,2,3
1,1,1,1,1.68654943700039,2.42289455300033,1,2,4
1,2,2,2,1.15710045499964,2.1973399819999,1,2,4
1,3,3,3,1.9172056110001,2.73295799300013,1,2,4
1,2,2,4,1.69490250099989,2.01919580899994,1,2,1
1,3,3,3,2.06123186900004,2.57364738700016,1,2,4
1,2,2,4,1.46200487799979,2.00516252299985,1,2,1
1,2,2,4,1.3491810509995,1.71689134499957,1,2,4
1,2,2,4,1.27992339100001,2.63986541099985,1,2,1
1,2,2,3,1.83003310500044,5.60573149300035,1,2,4
1,4,4,1,2.59294241999942,3.04101640499994,1,2,2
1,4,4,1,3.59024636599952,4.05427297999995,1,2,1
1,2,3,1,2.89733778499976,3.21701561999998,1,2,3
1,2,2,3,1.47165510900049,1.91933001800044,1,2,4
1,4,2,2,1.90523934399971,2.35399792699991,1,2,2
1,1,2,2,2.86621908400048,3.34644158300034,1,2,2
1,4,1,1,1.72313741499966,2.23526899099943,1,2,1
1,2,2,3,1.56876630599982,2.27345499500007,1,2,4
1,3,3,4,1.58918575900043,3.71756489600011,1,2,2
1,2,2,3,1.64704792300017,2.0315503719994,1,2,3
1,4,1,1,3.1503710549996,3.53402933300003,1,2,1
1,2,2,4,2.70817584100041,3.23651110100036,1,3,3
1,2,2,2,1.92174034799973,2.36925984299978,1,3,3
1,2,2,1,1.13709651499994,1.5372795129997,1,3,3
1,2,2,1,1.09164067200072,1.81141355100044,1,3,3
1,2,2,3,1.3555078469999,1.80292016200019,1,3,3
1,3,3,2,1.65055624099932,2.27509052000005,1,3,2
1,3,3,3,1.15905508800006,1.59168438399956,1,3,2
1,3,3,4,1.01554803300041,1.83168654100064,1,3,2
1,3,3,4,0.799234932999752,1.15075989100023,1,3,2
1,3,3,3,0.897341554999912,1.58496724199995,1,3,2
1,2,2,2,1.50526655700014,1.92168687699996,1,3,3
1,3,3,1,1.71647499400024,2.1640383189997,1,3,2
1,2,3,2,1.67704130699985,2.31709991499974,1,3,3
1,3,3,2,1.63172757999928,3.29567022299943,1,3,2
1,2,2,2,1.38640398100051,2.23483261500041,1,3,3
1,3,3,4,1.4243884739999,2.00072648600053,1,3,2
1,3,3,3,1.11925343199982,1.45520411300004,1,3,2
1,2,2,2,1.25330519700037,1.58960554900023,1,3,3
1,2,2,2,1.31751436299965,1.70123549599975,1,3,3
1,3,3,1,2.09794585399959,2.43364503099929,1,3,2
1,2,2,2,1.44000722099918,2.20765805299925,1,3,3
1,2,3,2,1.575085726,2.0234401129992,1,3,3
1,2,2,1,1.18897979599933,1.60474764299943,1,3,3
1,3,3,3,1.36427438700048,1.68521311800032,1,3,2
1,2,3,1,1.36092738699972,2.5451767859995,1,3,3
1,3,3,4,1.30660417400031,1.67453814300006,1,3,2
1,2,3,2,1.31923459500013,1.63989507899987,1,3,3
1,3,3,3,1.07826939999995,1.73427615200035,1,3,2
1,2,3,2,1.50458682699991,1.93633666999995,1,3,3
1,2,2,1,1.26681430899953,1.77888497299955,1,3,3
1,2,2,1,1.19537341399973,1.57980827099982,1,3,3
1,2,2,3,1.00528556499921,1.37288120899939,1,3,3
1,3,3,3,1.35094902199944,1.83086911499959,1,3,2
1,3,3,4,0.941858870000033,1.45373937099976,1,3,2
1,2,2,2,1.02676393500042,1.45925639100005,1,3,3
1,4,4,1,1.61524482700042,2.11190726099994,1,1,NaN
1,1,3,2,1.27520414000082,1.61056819400073,1,1,NaN
1,2,2,2,1.45105871299984,1.83507400300005,1,1,NaN
1,2,2,3,1.53706818999945,1.93713329499951,1,1,NaN
1,2,2,2,1.79512388100011,2.17886926000028,1,1,NaN
1,2,2,3,1.34047136900062,1.70794595300049,1,1,NaN
1,2,2,3,1.33538875400063,1.67082763200051,1,1,NaN
1,2,2,2,1.25324665900007,1.68507176999992,1,1,NaN
1,4,3,1,2.03290196800026,2.48071248100041,1,1,NaN
1,4,4,2,1.58113116800087,2.07702248800069,1,1,NaN
1,3,3,2,1.43333199300014,1.86568738700043,1,1,NaN
1,1,1,2,1.66337640200072,2.3355815090008,1,1,NaN
1,1,1,1,1.23187946799953,1.92044836700006,1,1,NaN
1,1,1,3,1.10691871100062,1.6186414470003,1,1,NaN
1,1,3,2,1.37808526899971,1.7460464349997,1,1,NaN
1,2,3,2,1.62932103100047,1.95251491799991,1,1,NaN
1,2,2,2,1.22917847499957,1.55150016100015,1,1,NaN
1,3,3,3,1.29522809199989,1.67975055100032,1,1,NaN
1,4,4,1,1.51640515500003,2.204343032,1,1,NaN
1,2,2,2,1.28374391299985,1.60179360799975,1,1,NaN
1,3,3,4,1.29992779000077,2.57964149600048,1,1,NaN
1,2,3,4,1.48448794499927,1.96392281199951,1,1,NaN
1,3,3,4,1.14973347099931,1.53314407800008,1,1,NaN
1,1,1,1,1.29639464999946,1.75975422099964,1,1,NaN
1,1,1,2,3.0822588029996,3.5296671039996,1,1,NaN
1,3,3,3,1.08304789799968,1.40167746299994,1,1,NaN
1,2,2,2,1.31530890300019,1.66658445800022,1,1,NaN
1,3,3,3,1.18378509299964,2.27192090300014,1,1,NaN
1,1,1,2,1.57250040700001,1.95616693500051,1,1,NaN
1,1,1,2,1.79837937699995,2.11898538300011,1,1,NaN
1,3,3,3,1.00908360999983,1.34450265699979,1,1,NaN
1,3,3,3,0.92338380900037,1.29170885799977,1,1,NaN
1,1,3,3,1.19279913800074,2.45642361299997,1,1,NaN
1,2,2,2,2.14982514500025,3.12589393500002,1,1,NaN
1,3,3,4,1.0951363030008,1.63944103300037,1,1,NaN
1,2,2,2,1.57263260499985,1.92451848200017,1,1,NaN
1,4,3,2,1.23893601399959,1.95926838399919,1,1,NaN
1,1,3,3,1.56068174399934,2.10507152299942,1,1,NaN
1,1,1,1,1.39639507299944,1.7188272530002,1,1,NaN
1,4,3,3,1.727469767,2.14284073599993,1,1,NaN
1,3,3,4,1.00094652099961,1.44949333099976,1,1,NaN
1,3,3,4,0.975007281999751,1.40744935000021,1,1,NaN
1,4,4,1,1.59067716400023,1.90148408700043,1,1,NaN
1,3,3,4,1.01926223699957,1.49900037399948,1,1,NaN
1,1,1,3,1.85558021500037,2.23979192800016,1,1,NaN
1,3,3,4,1.0294348439993,1.47765386499941,1,1,NaN
1,2,2,3,2.15471126899956,2.71498837299987,1,1,NaN
1,3,3,4,1.26175006799986,1.74171241099975,1,1,NaN
1,3,1,1,4.21639810300076,4.95162841300044,1,1,NaN
1,3,3,3,1.40658828600044,1.71857612700023,1,1,NaN
1,4,2,1,1.59377870899971,2.16981092300011,1,1,NaN
1,2,2,2,1.37857135299964,1.74685091499941,1,1,NaN
1,1,1,2,1.43677336400015,1.90080077699986,1,1,NaN
1,1,1,1,2.43247126700044,2.75319340799979,1,1,NaN
1,2,2,2,1.13714942899969,1.45164107100027,1,1,NaN
1,2,2,3,1.23840535300042,1.71811254299973,1,1,NaN
1,3,3,3,1.39343994200044,1.82592765400022,1,1,NaN
1,3,3,3,1.16042865500003,1.468353794,1,1,NaN
1,4,1,1,1.90167766499962,2.21904679499949,1,1,NaN
1,1,4,1,1.86040945999957,2.66027683199991,1,1,NaN
1,4,3,2,1.289425166,1.60170846000074,1,1,NaN
1,1,1,1,1.17664243400031,2.43991609400018,1,1,NaN
1,1,1,3,1.27032498300014,1.6861198860006,1,1,NaN
1,1,1,2,1.32948748299987,1.65121733100023,1,1,NaN
1,3,3,2,1.45634946199971,1.84062431599978,1,1,NaN
1,2,2,3,1.19012514600036,1.5011350069999,1,1,NaN
1,3,3,1,1.56283274599991,1.97828618099993,1,1,NaN
1,1,1,3,1.2111376619996,1.53514462899966,1,1,NaN
1,1,1,2,1.08575733199996,1.43833856500078,1,1,NaN
1,2,2,3,1.71728927500044,2.34081619000062,1,1,NaN
1,4,4,2,6.38166867299969,7.80563266100035,1,3,2
1,4,4,3,1.63102317999983,2.19119900399983,1,3,2
1,4,2,1,3.71835328899942,4.03727555099977,1,3,2
1,4,2,2,1.31497769699945,1.63514030099941,1,3,2
1,4,4,2,1.58488264400057,1.92172200500045,1,3,2
1,4,2,2,1.28440788799981,1.70072228999925,1,3,2
1,2,2,4,1.47216110099998,1.8080542179996,1,3,4
1,4,2,4,1.59195852700032,1.91208891800034,1,3,2
1,4,2,3,1.22711362199971,1.53507101800005,1,3,2
1,4,4,3,1.50170106400037,2.25414694700066,1,3,2
1,4,4,2,1.73047023799973,2.37046508700041,1,3,2
1,4,4,1,1.5386701970001,1.85203527500016,1,3,2
1,4,4,1,2.43954745300016,2.7599464900004,1,3,2
1,4,4,1,1.49636724300035,2.26443726300022,1,3,2
1,4,4,2,1.43783383199934,1.80575832399973,1,3,2
1,4,2,1,1.76525654399939,2.08579880399975,1,3,2
1,2,2,4,1.08903628600001,1.58541297500051,1,3,4
1,4,2,4,0.865786807000404,1.18459034599982,1,3,2
1,2,2,4,0.738298409999516,1.05089799899997,1,3,4
1,2,2,4,0.760499558999982,1.09652244899917,1,3,4
1,4,4,1,3.94970586199997,4.73391093700047,1,3,2
1,4,2,2,1.35799280799984,1.66856159300005,1,3,2
1,4,2,2,1.5307722030002,1.85238174999995,1,3,2
1,4,2,1,2.65668528399965,2.97004159199969,1,3,2
1,4,4,1,1.51197287600007,1.83550270199976,1,3,2
1,2,2,4,1.18229539899949,1.53411433199926,1,3,4
1,4,2,3,1.20060509500036,1.53726078100044,1,3,2
1,4,2,2,1.65169664400037,1.96881570300047,1,3,2
1,2,2,4,1.41247983499943,1.94081007499972,1,3,4
1,4,4,3,1.35036960399975,1.83085543400011,1,3,2
1,4,4,2,1.35712585100009,1.80559658000038,1,3,2
1,2,2,4,1.33310663500015,1.6848032300004,1,3,4
1,4,4,3,1.44145928800026,1.85776882200025,1,3,2
1,2,2,4,1.15959309099981,1.47893252599988,1,3,4
1,4,2,2,1.72483302699948,2.2371042019995,1,3,2
1,1,1,4,7.01691163800024,10.2170070920001,1,2,4
1,3,3,4,1.89608698699976,2.55141823699978,1,2,2
1,1,3,2,3.18442116700044,4.60851214100057,1,2,3
1,2,2,3,1.76514333599971,2.11710016599955,1,2,1
1,4,2,3,1.85583668500021,2.3838797010003,1,2,2
1,2,2,4,1.16819603000022,1.66398193199984,1,2,3
1,2,2,4,1.59787376999975,1.9820546359997,1,2,4
1,1,1,4,1.71079334399928,2.14305486400008,1,2,3
1,2,2,3,1.27234867700008,1.7046944449994,1,2,3
1,3,3,3,1.79653967600007,2.2288038380002,1,2,2
1,2,2,3,2.10750120600005,3.3388874530001,1,2,1
1,3,3,4,1.89202406000004,2.43565845499961,1,2,4
1,4,4,1,3.39267797200046,3.70335026800058,1,2,1
1,3,3,4,1.54654405899964,2.04314117800004,1,2,1
1,3,3,4,1.27267755699995,2.00917015899995,1,2,1
1,4,2,1,3.36853088300086,4.20014770100079,1,2,2
1,1,1,1,11.246238058,12.0938747420005,1,2,3
1,1,1,3,1.56673094100006,2.19066335200023,1,2,3
1,4,3,3,1.79788563800048,2.31061287800003,1,2,3
1,3,3,3,1.33711927100012,1.97661271099969,1,2,2
1,4,4,1,2.39299395999933,2.90488756699961,1,2,1
1,3,3,3,2.17918127200028,3.37916202700035,1,2,4
1,1,1,1,2.28311706600016,2.61898016299983,1,2,3
1,2,2,4,5.47231501200076,9.61634192300062,1,2,1
1,4,4,1,2.75949661200048,3.07945977000054,1,2,3
1,2,2,3,1.70766152999931,2.20303689999946,1,2,1
1,2,2,3,1.4097292589995,1.71834546099944,1,2,4
1,3,3,3,1.72473469400029,2.10912345999986,1,2,2
1,4,2,4,2.07247292000011,2.61663519000012,1,2,2
1,1,3,1,2.28711908800051,2.62326513500011,1,2,3
1,1,1,1,1.47740618899934,1.86114456999985,1,2,2
1,3,3,3,1.30683841799964,1.61849181399975,1,2,1
1,1,4,1,2.60185933200046,2.92012865000015,1,2,4
1,4,4,1,3.57178438499977,4.21160659099951,1,2,2
1,3,3,2,1.76937912199992,2.16910184199969,1,2,2
1,1,2,3,1.85618218700074,2.23958390000007,1,3,2
1,1,1,4,1.84584338200057,2.19783286600068,1,3,2
1,1,2,2,2.23778561200015,2.81413185200017,1,3,2
1,1,1,2,1.50040627199996,1.83618040700003,1,3,2
1,1,2,1,1.55492254100045,1.98658849799995,1,3,2
1,2,2,4,1.07433060599942,1.38415547499972,1,3,1
1,2,2,4,1.62756182500016,1.93542213000001,1,3,1
1,2,2,4,1.77362827400066,2.08540896100021,1,3,1
1,1,1,3,1.84904058499978,4.77738924200003,1,3,2
1,2,2,3,1.07890173599935,1.43113068299954,1,3,1
1,1,1,3,1.70984929399947,2.30220451399964,1,3,2
1,1,2,2,1.66501192000032,1.98512410000058,1,3,2
1,2,2,3,1.02505491800002,2.04909580000003,1,3,1
1,1,1,1,2.07959623199986,2.4028716189996,1,3,2
1,1,1,1,3.80642624500069,4.12118048200045,1,3,2
1,1,1,3,1.86275333399954,2.31050412900004,1,3,2
1,2,2,2,1.64248361999944,1.9523405179998,1,3,1
1,2,2,3,0.923172684999372,1.24391021999963,1,3,1
1,2,2,4,0.778624163000131,1.10131865600033,1,3,1
1,2,2,4,0.510499677000553,0.831203101000028,1,3,1
1,2,2,4,0.501014029000544,0.817675629000405,1,3,1
1,2,2,4,0.687167950000003,1.00105540099958,1,3,1
1,1,1,3,1.09584695400008,1.99204649100011,1,3,2
1,1,1,3,1.19207270900006,1.57617530900006,1,3,2
1,2,2,4,0.856751054999222,1.16793677599981,1,3,1
1,2,2,4,0.794929753000361,1.11799128100029,1,3,1
1,1,1,3,1.43895257799977,1.75177139200059,1,3,2
1,2,2,4,1.14412678299959,1.57605439500003,1,3,1
1,2,2,4,0.794045814999663,1.11816829700001,1,3,1
1,2,2,4,0.733298919000845,1.05112869500044,1,3,1
1,1,1,1,1.62000141499993,2.00397901300039,1,3,2
1,1,1,1,1.09121326100012,1.42697965099978,1,3,2
1,2,2,3,0.874375662999228,1.18467866699939,1,3,1
1,1,2,1,0.619274999000481,1.25964582200049,1,3,2
1,1,1,2,1.33778689500014,1.65184722599952,1,3,2
1,1,2,1,2.47853520199988,2.78651826700025,1,2,2
1,4,2,1,1.64606855499915,1.96888095399936,1,2,3
1,2,2,3,1.90249241000038,2.21924338900044,1,2,3
1,2,2,4,0.853335247999894,1.28530901600061,1,2,3
1,3,3,3,1.48966025299978,1.80187743799979,1,2,4
1,2,2,3,1.00111274200026,1.51312770499953,1,2,1
1,3,3,3,1.13345731999925,1.45360858999993,1,2,2
1,3,3,3,1.53893352399973,2.00329705799959,1,2,1
1,4,4,1,2.86651402900043,3.1870515720002,1,2,1
1,4,4,1,1.2811702529998,1.60187033700004,1,2,1
1,3,3,2,1.48885774100017,1.85698924600001,1,2,1
1,4,1,1,2.03903809799976,2.35260237300008,1,2,1
1,2,2,2,1.44781189399964,1.76863215399953,1,2,1
1,3,3,4,1.39290363799955,1.70179522099988,1,2,2
1,3,3,3,1.29293513000084,1.60165567900003,1,2,2
1,2,2,3,1.66079148599965,1.96872059099951,1,2,3
1,4,3,3,2.4294584850004,2.75308200299969,1,2,3
1,3,3,3,0.81411252900034,1.26225042999977,1,2,2
1,3,3,3,0.780309650999698,1.10146984199946,1,2,2
1,4,3,3,0.96081473600043,1.68121368300035,1,2,2
1,4,4,1,1.83818550199976,2.25400889600041,1,2,1
1,4,3,2,1.20334593700045,1.51835445800043,1,2,3
1,1,1,1,1.34968444200058,1.66860435200033,1,2,4
1,3,2,1,1.58677630600141,2.06734819200028,1,2,2
1,1,2,1,2.63903450399994,3.27953051399891,1,2,2
1,2,2,1,1.48317311699975,1.80196537499978,1,2,1
1,1,1,1,1.42636838699946,1.77822884299894,1,2,3
1,1,4,1,1.739373462,2.07476943199981,1,2,4
1,4,4,1,1.59177367899974,1.90204364000056,1,2,2
1,2,2,1,1.24336394099919,1.55169447199842,1,2,3
1,4,4,3,1.3254910630003,2.09345672299969,1,2,3
1,3,4,3,1.00104459400063,1.33695456900023,1,2,2
1,3,4,3,1.0284667900014,1.4919944530011,1,2,1
1,1,1,1,1.06470040800014,1.38491829899976,1,2,3
1,3,4,3,0.86479780099944,1.32884241599822,1,2,1
1,4,2,3,1.26729584399982,2.27503948400044,1,1,NaN
1,1,3,2,1.15961353800049,2.0718714529994,1,1,NaN
1,2,2,2,1.25222498200128,1.5686664320001,1,1,NaN
1,2,2,2,0.83721820899882,1.15125893599907,1,1,NaN
1,2,2,3,0.696085803001552,1.0178717430008,1,1,NaN
1,3,3,4,1.10415577599997,1.41815196799871,1,1,NaN
1,2,3,1,0.919308806000117,2.15111343499848,1,1,NaN
1,1,1,2,1.85633589700046,2.28913424799975,1,1,NaN
1,1,1,1,0.98033618899899,1.30165360699903,1,1,NaN
1,4,2,1,1.5849072029996,2.6727320129994,1,1,NaN
1,1,1,1,1.76444836200062,2.08583761899899,1,1,NaN
1,3,3,2,1.18481470000006,1.56861532699986,1,1,NaN
1,1,1,1,1.29770468999959,2.33790007099924,1,1,NaN
1,1,1,1,1.05981712399989,1.36818158899951,1,1,NaN
1,3,3,2,2.04527298799985,2.36944484600099,1,1,NaN
1,2,2,4,1.48530117500013,1.80186417099867,1,1,NaN
1,1,1,2,1.50880546100052,2.11677650899946,1,1,NaN
1,1,1,3,1.53576866000003,1.85210504099996,1,1,NaN
1,1,1,3,0.933848974000284,1.25394065900036,1,1,NaN
1,3,3,3,1.39585173999876,1.73149757499959,1,1,NaN
1,4,3,3,1.45527173799928,1.76864767400002,1,1,NaN
1,2,2,3,1.20813817099952,1.51824888699957,1,1,NaN
1,3,3,4,1.21056444399983,1.51861157500025,1,1,NaN
1,2,2,3,1.32637544300087,1.63515725400066,1,1,NaN
1,3,2,1,2.49214440300057,2.87621066400061,1,1,NaN
1,4,4,2,1.48074684300082,1.80229215400141,1,1,NaN
1,1,1,1,2.44822954600022,2.8163146629995,1,1,NaN
1,3,3,3,1.23092881200137,4.38287722700079,1,1,NaN
1,2,2,2,1.35710432500127,1.8207822050008,1,1,NaN
1,1,1,2,1.42784283400033,1.73521469299885,1,1,NaN
1,1,2,2,1.34166864200051,1.65168932600136,1,1,NaN
1,4,1,1,2.81142176100002,3.12002054600089,1,1,NaN
1,1,1,1,0.925734725000439,1.23447101700003,1,1,NaN
1,2,2,3,1.58030102399971,1.93210947599982,1,1,NaN
1,2,2,3,1.08699018400148,1.43895409700053,1,1,NaN
1,3,3,4,1.7432427549993,2.55958008499874,1,2,1
1,2,2,1,1.41630183800044,1.7363235720004,1,2,1
1,2,2,4,0.786763754000276,1.50694667300013,1,2,3
1,3,3,1,1.73479827600022,2.05238082300093,1,2,1
1,4,4,1,2.27559314899918,2.72303387099964,1,2,3
1,4,3,1,3.34930181500022,3.67095236599926,1,2,3
1,2,2,3,1.42302626300079,1.73521782200078,1,2,4
1,3,3,4,1.14569643899995,1.46830566999961,1,2,4
1,1,1,3,1.75881278299858,2.68680823199975,1,2,4
1,1,1,2,2.73909237500084,3.13901976899979,1,2,2
1,1,1,2,1.17154024199954,1.97177590299907,1,2,2
1,4,4,1,2.66034896499878,2.99632154199935,1,2,1
1,3,3,3,1.72297795799932,2.13981075099946,1,2,2
1,4,3,2,5.66933295200033,6.08490913499918,1,2,3
1,1,1,1,1.19724053900063,1.51851447300032,1,2,3
1,1,1,1,2.68921508200037,3.20131148100154,1,2,4
1,2,2,3,1.5674141189993,2.12761664499885,1,2,4
1,2,2,3,0.746507491001466,1.30651645500075,1,2,4
1,3,3,2,1.67070983700069,2.21415516100024,1,2,2
1,3,3,2,1.87019326000154,2.30215734800004,1,2,4
1,2,2,2,1.31339310000112,1.92054020600153,1,2,3
1,4,2,1,2.03545795499849,2.5002749489995,1,2,2
1,1,1,1,1.7917289119996,2.12712039500002,1,2,2
1,1,2,1,1.45033531599984,1.92964168300023,1,2,2
1,2,2,4,1.64508703700085,2.38092070600032,1,2,3
1,2,2,4,0.973171142000865,1.28469109200159,1,2,1
1,4,2,1,1.20930184000099,2.80939453800056,1,2,2
1,4,4,1,1.91248523600007,2.74488789200041,1,2,2
1,2,2,4,1.30607192400021,1.88231937800083,1,2,4
1,3,3,1,1.53521470499982,2.03142863299945,1,2,1
1,3,3,1,1.35762187300134,1.66870194500007,1,2,2
1,2,2,2,1.13096550800037,2.13837856699865,1,2,3
1,3,2,1,3.06133060299908,3.37042658000064,1,2,2
1,3,3,4,1.4517529700006,1.83593649000068,1,2,4
1,1,1,3,1.13831479799956,1.81057307999981,1,2,2
1,4,3,1,2.60915151799963,2.96091796400106,2,1,NaN
1,1,1,1,1.4015769639991,1.71879975499905,2,1,NaN
1,2,2,2,1.18741558000147,1.50165758399999,2,1,NaN
1,2,3,2,1.31956629699926,1.71928263799964,2,1,NaN
1,3,3,2,1.28249566799968,1.60190106999835,2,1,NaN
1,4,1,1,1.74694319699847,2.56297379399984,2,1,NaN
1,3,3,1,1.54788340100095,2.25196676700034,2,1,NaN
1,4,2,1,1.74480858400057,2.12901719399997,2,1,NaN
1,4,4,1,1.32300679099899,1.63502774099834,2,1,NaN
1,3,3,3,1.19380023700069,1.59401467799944,2,1,NaN
1,2,2,3,1.33881093400123,1.83446927099976,2,1,NaN
1,3,3,3,1.2010888420009,1.53654662600093,2,1,NaN
1,4,3,3,1.52324530899932,1.97169513799963,2,1,NaN
1,2,2,3,1.28380624700003,1.68388735899862,2,1,NaN
1,3,3,2,1.16849375700076,1.55250403299942,2,1,NaN
1,1,1,1,1.36283893099971,1.71468648399969,2,1,NaN
1,4,3,2,1.32616273500025,1.63503641800162,2,1,NaN
1,1,2,1,1.78850201400019,2.15681102300005,2,1,NaN
1,3,3,2,1.23812158100009,1.57446044899916,2,1,NaN
1,1,1,1,1.36764439499893,1.7034518950004,2,1,NaN
1,2,2,2,1.49123541299923,1.8431675869997,2,1,NaN
1,2,2,3,1.40160405000097,1.75395747400034,2,1,NaN
1,1,1,3,1.41119926800093,1.76337639099984,2,1,NaN
1,1,1,2,1.24500399600038,1.58075172499957,2,1,NaN
1,4,4,1,1.59811402800005,1.91886573100055,2,1,NaN
1,2,2,3,1.10472651500095,1.41823107900018,2,1,NaN
1,3,2,1,3.33636416500121,3.65405755100073,2,1,NaN
1,4,4,1,1.31570764499884,1.63513192799837,2,1,NaN
1,1,1,1,1.82690435999939,2.13559980199898,2,1,NaN
1,3,3,2,1.45220644099936,1.76872984500005,2,1,NaN
1,1,1,1,1.46150297399981,2.80590078200112,2,1,NaN
1,3,3,2,1.17244922099962,1.66838655499851,2,1,NaN
1,3,2,2,1.52143525999963,2.08153481099907,2,1,NaN
1,2,2,1,1.18198927200137,1.50183545500113,2,1,NaN
1,3,3,3,1.25021877899962,1.61772449000091,2,1,NaN
1,4,4,1,1.78417310400073,2.18396833000043,1,3,1
1,1,1,1,1.51955620499939,1.83563705300003,1,3,4
1,1,1,3,1.20583328999965,1.54237553299936,1,3,4
1,1,1,2,0.984715467000569,1.30150992700146,1,3,4
1,1,1,1,1.39724873100022,2.03678416799994,1,3,4
1,1,2,2,1.12288960499973,1.43495374899976,1,3,4
1,4,4,1,1.38579323700105,1.7018912270014,1,3,1
1,4,4,1,1.47760152100091,1.78518575100134,1,3,1
1,4,2,2,1.16589934799958,1.48495490200003,1,3,1
1,4,2,2,1.34637762000057,1.66859379699963,1,3,1
1,1,4,1,3.3921406190002,4.17619168099918,1,3,4
1,4,1,1,1.63804517400058,1.95220701899962,1,3,1
1,1,1,1,1.28731155700007,1.60162394500003,1,3,4
1,1,1,1,1.07880689000012,1.40158600500035,1,3,4
1,1,1,3,1.58266240000012,2.89452229000017,1,3,4
1,4,4,4,1.25792858899877,1.72132588299974,1,3,1
1,1,1,4,1.34871494800063,1.6686340110009,1,3,4
1,4,4,3,1.53749444699861,2.28986446599993,1,3,1
1,4,4,3,1.86162800700004,2.18595373700009,1,3,1
1,4,4,3,0.781937132000166,1.10124702499888,1,3,1
1,1,1,4,0.786294535999332,1.63390485200034,1,3,4
1,4,4,3,1.28086032300052,1.66473266700086,1,3,1
1,1,1,3,0.734142616000099,1.32616386500013,1,3,4
1,4,4,4,1.09790954699929,1.418428433999,1,3,1
1,4,4,4,1.00918005399944,1.61708718299997,1,3,1
1,4,1,1,2.68857005499922,3.0408899239992,1,3,1
1,1,1,4,0.837852565999128,1.22113562400045,1,3,4
1,4,4,3,0.82117629899949,1.38115819199993,1,3,1
1,1,1,4,1.13451207099934,2.25495536500057,1,3,4
1,4,4,3,1.26772918799907,2.14800355899933,1,3,1
1,1,1,4,1.02213983399997,1.4858492229996,1,3,4
1,4,4,1,1.61870353700033,1.93562923900026,1,3,1
1,4,1,1,1.38076841899965,1.70217879600023,1,3,1
1,4,1,1,0.832609305000005,1.15119008500005,1,3,1
1,4,1,1,0.787034752000181,1.10115107000092,1,3,1
1,4,3,1,2.60935304200029,3.74514722499953,1,3,3
1,4,3,2,2.24927002500044,2.68136104800033,1,3,3
1,3,3,4,1.42170899099983,1.73533465200126,1,3,4
1,3,3,4,1.06338464700093,1.38484154900107,1,3,4
1,3,3,4,0.752912821000791,1.06763811100063,1,3,4
1,4,4,1,2.14976721700077,2.59728718500082,1,3,3
1,4,4,3,0.862193981000019,1.53436033300022,1,3,3
1,3,3,4,0.960262059999877,1.31242723799915,1,3,4
1,4,4,2,1.40501882799981,1.78890225400028,1,3,3
1,4,4,1,1.70146453699999,2.16559205600061,1,3,3
1,4,4,2,1.80675122899993,2.35051354899952,1,3,3
1,4,4,1,1.16755901800025,1.51967021699966,1,3,3
1,3,3,2,1.13875298899984,1.45176880500003,1,3,4
1,4,3,2,1.46500436600036,1.80059193000125,1,3,3
1,3,4,1,0.992611244999352,2.32011682600023,1,3,4
1,3,3,3,0.690557777001231,1.33116450099988,1,3,4
1,3,3,3,1.75851706499998,2.06908172799922,1,3,4
1,3,3,4,0.715439532999881,1.03472608500124,1,3,4
1,3,3,4,0.754722637999294,1.25015623599938,1,3,4
1,4,3,3,1.12030178399982,2.38457173999996,1,3,3
1,4,3,1,0.768439192001097,1.15235496300011,1,3,3
1,3,3,3,0.834824497000227,1.17115093000029,1,3,4
1,4,3,2,1.4125075030006,1.73545803399975,1,3,3
1,4,4,1,1.29496469600053,1.61865043099897,1,3,3
1,4,3,1,1.35835735099863,1.66847454699928,1,3,3
1,4,4,1,1.56326810300015,2.23477445000026,1,3,3
1,4,3,2,1.18512522600031,1.55325558200093,1,3,3
1,3,3,4,1.26704622200123,1.58511404599994,1,3,4
1,3,3,4,0.851769051001611,1.25118954000027,1,3,4
1,4,3,3,0.945564685000136,1.32992204600123,1,3,3
1,4,3,1,1.50182028300151,1.81867893800154,1,3,3
1,3,3,4,0.884213096000167,1.2012623490009,1,3,4
1,4,3,3,1.02854589799972,1.35155536800085,1,3,3
1,3,3,4,0.862476807000348,1.6306737319992,1,3,4
1,3,3,4,0.814334642000176,1.3419240330004,1,3,4
1,2,2,3,1.51937193199956,1.91993213599926,1,1,NaN
1,4,2,1,1.10629861300004,1.52299926600062,1,1,NaN
1,1,1,3,1.34952589800014,2.05381764399863,1,1,NaN
1,4,1,1,1.66731383799925,1.98568097499992,1,1,NaN
1,3,3,2,1.15510214699862,1.46830609999961,1,1,NaN
1,1,1,1,1.06473690299936,1.3846854580006,1,1,NaN
1,4,2,2,1.00948289699954,1.68118897600107,1,1,NaN
1,3,3,3,0.799170069001775,1.48685627300074,1,1,NaN
1,4,3,3,1.50712624500011,2.29163804000018,1,1,NaN
1,4,3,3,1.52765050100061,1.91083714699926,1,1,NaN
1,3,3,3,0.827170800999738,1.54669670399926,1,1,NaN
1,3,3,3,0.893606982001074,1.43776874099967,1,1,NaN
1,3,3,2,0.852567743000691,1.60424206800053,1,1,NaN
1,1,2,2,1.20443963599973,1.55563600999994,1,1,NaN
1,1,1,3,1.12640094999915,1.60598300899983,1,1,NaN
1,4,3,2,1.14194698500069,1.45166793299904,1,1,NaN
1,1,1,4,1.09893484299937,1.49939018700024,1,1,NaN
1,3,3,4,2.27166440099973,2.766984296999,1,1,NaN
1,2,2,3,1.07208589900074,1.42371728100079,1,1,NaN
1,2,2,4,2.08704323399979,2.53553154499969,1,1,NaN
1,1,1,1,1.02526355600094,1.3612101460003,1,1,NaN
1,2,2,4,1.01937849999922,1.46741723899868,1,1,NaN
1,1,1,1,1.52051271900018,1.88829970199913,1,1,NaN
1,1,2,1,1.73280635699848,2.11663173599845,1,1,NaN
1,1,1,1,1.66355426300106,2.11140627400164,1,1,NaN
1,2,2,3,1.05058170800112,1.53043153200088,1,1,NaN
1,2,2,2,0.84593265500007,1.29403580500002,1,1,NaN
1,4,2,1,0.811016577999908,1.24294323899994,1,1,NaN
1,4,1,1,2.28225458999987,2.61821811300069,1,1,NaN
1,1,1,1,0.800271416999749,1.15164410800026,1,1,NaN
1,3,3,2,1.49054835300012,1.80192566000005,1,1,NaN
1,3,3,1,2.42623827600073,2.73647261299993,1,1,NaN
1,3,3,1,1.32340212999952,1.835237538,1,1,NaN
1,1,1,2,1.44184647600014,1.79387550399952,1,1,NaN
1,4,2,1,1.52977102300065,1.85217344100056,1,1,NaN
1,2,2,4,1.4137526960003,1.79782043199884,1,2,4
1,3,2,3,1.18299053100054,1.63100387300074,1,2,2
1,1,1,4,1.32602323500032,1.69416030499997,1,2,2
1,1,1,4,1.08214771200073,1.64191623400075,1,2,3
1,4,4,1,2.16900345900103,2.52057571000114,1,2,3
1,3,2,1,2.2274574109997,2.54716552799982,1,2,2
1,3,2,2,1.02098205500079,1.66056894900066,1,2,2
1,4,4,1,1.88241594799911,2.20249392299957,1,2,2
1,3,3,3,1.5378930450006,1.85203552600069,1,2,2
1,1,1,2,1.07959692700024,1.65508222100107,1,2,2
1,1,1,2,1.12524377299997,1.43480420999913,1,2,3
1,1,1,1,1.24365426999975,1.83584626699849,1,2,3
1,2,2,3,1.09031890299957,1.73055042300075,1,2,3
1,2,2,3,1.13245480000114,1.67624467300084,1,2,3
1,2,2,3,1.12986109399935,1.65815909099911,1,2,1
1,3,2,3,1.35147280599995,1.94344097100111,1,2,2
1,1,1,1,0.905769360000704,1.21793409600104,1,2,2
1,4,1,1,2.45775224600038,2.77777305299969,1,2,1
1,2,2,3,1.09770114500134,1.43357401600042,1,2,1
1,3,3,1,2.12840726800096,2.55997167100031,1,2,1
1,2,2,3,1.32075927799997,1.9286867489991,1,2,1
1,2,2,2,1.00405529499949,1.96393361899936,1,2,4
1,4,2,1,1.0048925709998,1.45357651099948,1,2,2
1,1,1,1,1.07509063399993,1.39567454700045,1,2,2
1,3,3,1,1.53261862900035,1.91629721299978,1,2,4
1,1,1,1,1.03946284700032,1.35157304899985,1,2,4
1,1,1,1,0.794199832000231,1.11813327799973,1,2,4
1,2,2,1,1.117729779,1.43491430799986,1,2,3
1,2,2,1,1.07667665400004,1.38476914700004,1,2,1
1,1,1,1,2.46072349899987,2.76967998299915,1,2,4
1,4,1,2,1.75703363399953,2.42894662000072,1,2,1
1,1,1,3,1.11556281999947,1.51550494999901,1,2,4
1,2,2,4,1.18301490300109,1.5017808900011,1,2,3
1,3,3,2,2.33951215100024,2.86700460199972,1,2,1
1,1,1,1,1.27968934800083,1.60186002900082,1,2,2
1,3,3,1,1.48487902099987,1.80528340899946,1,1,NaN
1,3,3,3,1.58870021999974,1.90213130400116,1,1,NaN
1,3,3,1,1.22391267899911,1.81655041499835,1,1,NaN
1,4,4,2,1.51951478100091,1.98399052200148,1,1,NaN
1,3,3,3,1.04009835599936,1.35163687199929,1,1,NaN
1,2,2,3,1.25840630399944,1.5683712559985,1,1,NaN
1,3,4,1,1.99491891199978,2.30253261799953,1,1,NaN
1,1,1,2,1.67862130100002,1.98545187800119,1,1,NaN
1,1,4,1,2.63839794900014,2.95343199900162,1,1,NaN
1,3,3,3,2.742855814,3.05348912400041,1,1,NaN
1,1,1,1,32.9235544519997,33.2379463550005,1,1,NaN
1,2,2,2,1.12801530499928,1.52718896999977,1,1,NaN
1,4,4,1,1.65829355700043,1.97022112900049,1,1,NaN
1,3,3,1,1.21090559200093,1.65948746700087,1,1,NaN
1,1,1,2,1.32088751599986,1.63503606199993,1,1,NaN
1,2,2,2,1.07960748000005,1.4017576339993,1,1,NaN
1,4,2,3,1.58365276199947,2.22395404700001,1,1,NaN
1,1,1,1,0.998611897999581,1.31822311900032,1,1,NaN
1,3,3,2,1.52196211099908,1.98527171299975,1,1,NaN
1,1,2,1,1.1222206220009,1.53757964600118,1,1,NaN
1,3,1,1,1.82806494299984,2.15256741800113,1,1,NaN
1,3,3,2,2.26962072400056,2.58620651700039,1,1,NaN
1,2,2,3,1.22106241499932,2.82108459499977,1,1,NaN
1,2,2,4,0.931092504999469,1.55511870800001,1,1,NaN
1,3,3,1,1.812639279,2.14875753599881,1,1,NaN
1,1,1,3,1.24708333599847,2.47880796399841,1,1,NaN
1,2,2,3,1.77130289100023,2.57126002000041,1,1,NaN
1,2,2,3,1.21932516400011,1.85958376300005,1,1,NaN
1,2,2,4,1.00120598099966,1.4328643129993,1,1,NaN
1,3,3,3,1.55193977300041,2.33546184099941,1,1,NaN
1,2,2,3,1.15332938199936,1.61755867099964,1,1,NaN
1,1,1,1,1.21673652199934,1.53525895799976,1,1,NaN
1,2,2,3,0.963182049001261,1.2848801830005,1,1,NaN
1,4,2,2,1.27978393000012,1.60185574500065,1,1,NaN
1,3,3,1,2.19179334299952,3.04006131300048,1,1,NaN
1,2,2,4,1.2280610100006,1.91617747500095,1,2,4
1,3,3,3,1.37557968800138,2.23909449800158,1,2,4
1,2,2,3,1.58964922100131,2.26132537000012,1,2,4
1,3,3,2,1.97880133599938,2.61873549899974,1,2,2
1,2,2,4,1.45690321200163,2.0001700440007,1,2,4
1,3,3,4,2.12801791700076,3.15198505800072,1,2,4
1,2,2,4,1.87252953300049,2.44842008200067,1,2,1
1,1,1,4,1.56633833199885,1.91762016299981,1,2,4
1,2,2,2,1.74507931699918,2.33711952999874,1,2,4
1,4,4,2,1.84249228199951,2.80280625799969,1,2,2
1,2,2,3,2.68878720100111,3.13733073200092,1,2,1
1,1,1,1,2.13035944600051,2.56155561000014,1,2,4
1,1,1,3,1.35521030000018,2.01049561200125,1,2,4
1,4,4,1,2.21780972099987,2.5863064310015,1,2,1
1,4,4,1,2.11411574599879,2.48193895099939,1,2,2
1,4,4,1,1.93374868599858,2.28638946499996,1,2,3
1,2,2,2,1.79389126699971,2.22532545099966,1,2,3
1,2,2,2,0.984759518998544,1.48060414499923,1,2,3
1,4,3,2,1.58164734800084,1.95000760400035,1,2,3
1,2,2,1,1.07232039099836,1.56788825900003,1,2,4
1,4,4,1,13.42544972,14.3047847379985,1,2,2
1,3,3,1,1.5913037449991,2.02324273399972,1,2,4
1,4,2,2,32.4366680780004,32.7538468889998,1,2,2
1,3,3,3,1.66939706199992,1.98649083899909,1,2,2
1,2,2,2,2.00453465400096,2.32026603700069,1,2,1
1,3,3,4,2.23072470599982,2.64753672799998,1,2,1
1,3,3,2,1.77211797799828,2.30054799999925,1,2,2
1,2,2,3,1.71181766100017,2.12789927900121,1,2,1
1,2,2,2,0.954362664000655,1.32260007900004,1,2,3
1,1,2,1,1.57383837099951,1.88551546300005,1,2,2
1,4,3,1,1.75412794899967,2.06892218900066,1,2,3
1,1,1,1,1.3030342480015,1.63885673000004,1,2,4
1,4,3,1,1.55759750700054,1.86876471799951,1,2,3
1,4,2,1,1.62618530700092,1.93559690300026,1,2,2
1,3,3,2,2.09187471400037,3.09998175400142,1,2,4
1,1,1,1,37.0450079670009,37.3588827900003,1,3,3
1,1,1,3,0.935915731999557,1.78472386599969,1,3,3
1,1,1,1,1.40854493600091,1.71869435900044,1,3,3
1,3,3,3,1.2274972640007,2.44370145600078,1,3,1
1,3,3,3,0.810068869999668,1.11773875200015,1,3,1
1,3,3,4,1.22902536199945,1.55173566200028,1,3,1
1,1,3,1,2.67146406699976,2.98676654399969,1,3,3
1,3,3,2,1.28586079000161,1.60207077800078,1,3,1
1,1,1,1,0.870152935000078,1.18476596400069,1,3,3
1,3,3,1,2.007295075,2.31914436199986,1,3,1
1,1,1,1,1.35366891500053,1.66874226899927,1,3,3
1,3,3,3,1.62244300900056,2.24699467400023,1,3,1
1,3,3,3,0.972535229000641,1.34069782299957,1,3,1
1,1,1,1,1.25524612299887,1.56843585299976,1,3,3
1,1,1,1,0.696387302999938,1.01784913399933,1,3,3
1,1,1,1,0.991876776999561,1.301427684999,1,3,3
1,1,3,3,1.16411066000001,2.7484552779988,1,3,3
1,1,1,1,0.749157855001613,1.0681455440008,1,3,3
1,1,1,1,1.81163820899928,2.13576963800006,1,3,3
1,1,1,2,1.38889323600051,1.70198806799999,1,3,3
1,1,1,2,0.985382783999739,1.44943390399931,1,3,3
1,1,3,1,1.29523599099957,1.63075431700054,1,3,3
1,1,1,2,0.814324814000429,1.29397652399894,1,3,3
1,3,3,3,1.27502173699941,1.58515852499841,1,3,1
1,3,3,4,0.731954699000198,1.05131434000032,1,3,1
1,1,1,2,1.98663327599934,2.35401160799847,1,3,3
1,3,3,3,1.0590988089989,1.36828327900002,1,3,1
1,1,1,2,1.38913701700039,1.80457384800138,1,3,3
1,3,3,2,1.36495370599914,1.7168067879993,1,3,1
1,3,3,2,0.816079991000151,1.34339960700163,1,3,1
1,1,1,1,2.98669967899878,3.30629000499903,1,3,3
1,1,3,1,1.63664833900111,1.97247531600078,1,3,3
1,3,3,3,1.18901179900058,1.54140640800142,1,3,1
1,1,1,4,1.08037188000162,1.81613435400141,1,3,3
1,3,1,4,1.61534833899896,2.03164549699977,1,3,1
2,2,2,3,1.22615804499947,2.10661204200005,1,3,1
2,1,1,3,1.44537358999969,2.14955034000013,1,3,2
2,2,2,1,1.72759915299957,2.9434646009995,1,3,1
2,1,1,4,1.17630122699939,1.59308269299981,1,3,2
2,1,1,3,1.20895686499989,1.92956045600022,1,3,2
2,1,1,3,1.43570096199983,2.21978331700029,1,3,2
2,1,1,2,1.13858892200005,1.89056296200033,1,3,2
2,1,1,4,1.17492844199933,1.51064080499964,1,3,2
2,1,1,4,1.05056190899995,1.37083114100005,1,3,2
2,1,1,3,1.42849445800039,1.81234754900015,1,3,2
2,2,2,4,1.17972016899967,1.57981358300003,1,3,1
2,2,2,4,1.06949437799994,1.46965011600059,1,3,1
2,1,1,3,1.15423453000039,1.50635228700048,1,3,2
2,2,2,4,1.15885013499974,1.51081966099991,1,3,1
2,2,2,4,1.19494477199987,1.59514571799991,1,3,1
2,2,2,4,0.89173174500047,1.25944371600053,1,3,1
2,1,2,2,1.59278271099993,2.29718917900027,1,3,2
2,2,2,2,0.989620479000223,1.43753213500077,1,3,1
2,1,1,3,1.29929398900003,1.61799764700027,1,3,2
2,1,1,3,1.23556842500057,1.69929099300043,1,3,2
2,1,1,2,1.16758494599981,2.08019846800016,1,3,2
2,1,1,2,1.35696723399997,1.93248008800037,1,3,2
2,2,2,3,1.27926886400019,1.72737675400003,1,3,1
2,2,2,4,0.954196246999345,1.33808656400015,1,3,1
2,2,2,4,0.997391924000112,1.47680352499992,1,3,1
2,1,1,1,1.64302387499993,2.49077308400047,1,3,2
2,2,2,3,1.0460861599995,1.55822333499964,1,3,1
2,2,2,2,1.3519127719992,2.11931609899966,1,3,1
2,2,2,3,1.05876083100065,1.50631295900075,1,3,1
2,1,1,3,1.03093311700013,1.41503611200005,1,3,2
2,2,2,4,1.07069298599981,1.38508259999981,1,3,1
2,2,2,4,0.838974862999748,1.25547646199993,1,3,1
2,2,2,4,0.868992009000067,1.22144275299979,1,3,1
2,1,1,3,0.964696199000173,1.42915566300053,1,3,2
2,1,1,2,1.11672792599984,1.82056358999944,1,3,2
2,1,1,2,1.29042416100037,1.97785392600053,1,1,NaN
2,3,3,4,1.65898898600062,2.47502739999982,1,1,NaN
2,2,2,2,1.35130344400022,1.7834646299998,1,1,NaN
2,4,3,3,1.45477600399954,1.79116010399957,1,1,NaN
2,2,2,1,1.39962344499963,2.10328545199991,1,1,NaN
2,3,3,3,1.45876773100008,1.90605110700017,1,1,NaN
2,1,1,1,1.52652593000039,2.10255558300014,1,1,NaN
2,4,3,3,1.36068950000026,1.7131232720003,1,1,NaN
2,1,1,3,1.34045434200016,1.7410564009997,1,1,NaN
2,3,3,3,1.33459737799967,1.78215895599988,1,1,NaN
2,3,3,4,1.36033867700007,1.69620360099998,1,1,NaN
2,2,2,2,1.32471615199938,2.17254661099923,1,1,NaN
2,2,2,4,1.28516514000057,1.62146704000043,1,1,NaN
2,1,1,2,1.10833346799973,1.89201916000002,1,1,NaN
2,4,4,1,1.72016265299953,2.10504390599999,1,1,NaN
2,3,3,3,1.97142950099988,2.28611124100007,1,1,NaN
2,4,2,2,1.84802433000004,2.79161462699994,1,1,NaN
2,4,2,3,1.19085749199985,1.5426438329996,1,1,NaN
2,1,1,1,1.22575484200024,1.86579561899998,1,1,NaN
2,4,3,2,1.43969128300068,2.06308541500039,1,1,NaN
2,4,1,1,1.54849807099981,2.09248448700055,1,1,NaN
2,1,1,2,1.22424078800032,1.70473847199992,1,1,NaN
2,3,3,2,1.55603111200071,2.4204793810004,1,1,NaN
2,3,3,3,1.21852530100023,1.63454781900055,1,1,NaN
2,2,2,4,1.10527707300025,1.45688880299986,1,1,NaN
2,1,1,2,1.27152758899956,1.91092111399939,1,1,NaN
2,2,2,3,1.22705773400048,1.67477806599982,1,1,NaN
2,3,3,4,1.24009892199956,1.60836087999996,1,1,NaN
2,3,3,4,1.09566970200012,1.46408891700048,1,1,NaN
2,2,2,4,1.05397878900021,1.36812187899977,1,1,NaN
2,2,2,4,0.887481800000387,1.25499111200043,1,1,NaN
2,1,1,2,1.04589768700043,1.74987235500066,1,1,NaN
2,2,2,4,1.32822406800005,1.74436296600015,1,1,NaN
2,4,4,4,1.49820062300023,1.86641096800031,1,1,NaN
2,1,1,4,1.120557061,1.43492070100001,1,1,NaN
2,1,1,4,1.5331432490002,2.23749307900016,1,2,4
2,2,2,4,1.60382247799953,2.0033632779996,1,2,3
2,4,2,3,1.79478709199975,3.57104779699966,1,2,3
2,1,1,1,3.12212117899981,3.45829664299981,1,2,2
2,2,2,4,1.41347721400052,1.97403679500076,1,2,4
2,2,2,3,1.52651848599999,2.34287330100051,1,2,3
2,1,1,3,1.09637053499955,1.67282398600037,1,2,4
2,4,4,1,2.11727762499959,2.61357143399982,1,2,2
2,3,3,4,1.45285869500003,1.85263529500025,1,2,2
2,4,2,4,1.52239379000002,2.36987702999977,1,2,2
2,2,2,3,1.17016920300011,1.76224661400011,1,2,3
2,1,3,3,1.70772696099993,2.71644506699977,1,2,3
2,3,3,3,1.77434970800005,2.39899965400036,1,2,1
2,4,1,1,2.35024419699948,3.03888050299975,1,2,1
2,3,3,4,1.34722427399993,1.93926706299953,1,2,4
2,4,3,3,1.70176099700075,2.37394605700047,1,2,3
2,3,3,3,1.18925529199987,1.81386822799959,1,2,2
2,2,2,4,1.133313241,1.46985454400055,1,2,4
2,3,3,4,1.15488787499999,1.73139883299973,1,2,4
2,4,4,3,1.32644096700005,1.96596465700077,1,2,1
2,3,3,4,1.39174062399979,1.91953916300008,1,2,2
2,1,2,2,1.44273575499938,2.57889732500007,1,2,2
2,1,2,1,1.93070154100042,2.9063349349999,1,2,2
2,4,2,3,1.26914131000012,1.7654010719998,1,2,2
2,2,2,3,1.43850215699968,2.09490005999942,1,2,3
2,3,3,4,1.3390179019998,2.05865827199978,1,2,2
2,1,2,1,2.1681784579996,3.40028683299988,1,2,2
2,1,1,1,2.91111484000066,3.90274444900024,1,2,4
2,4,3,3,2.09592456700011,3.58385159999943,1,2,3
2,2,2,4,1.23143880499993,1.59964674299954,1,2,3
2,4,2,2,1.63063079699987,2.36664147900046,1,2,2
2,1,1,2,1.50376177100043,2.27136904199961,1,2,2
2,2,2,4,1.4601515359991,1.84363065499929,1,2,1
2,4,4,1,2.09079383199969,2.7465379159994,1,2,1
2,3,3,4,1.59597164899969,2.05985052100004,1,2,2
2,2,2,4,1.56675668500066,2.20637336900018,1,2,3
2,3,3,4,1.445699246,1.8614029270002,1,2,4
2,2,2,4,1.03512277699974,1.46698693599956,1,2,3
2,4,3,4,1.35966706599993,1.74418289200003,1,2,3
2,2,2,4,1.06677603099979,1.45042251399991,1,2,3
2,3,3,4,1.61601752599927,1.98410003899971,1,2,4
2,4,3,2,1.82463746699977,2.6880562919996,1,2,3
2,2,2,4,1.18773399499969,1.73170034699979,1,2,4
2,1,1,1,2.31919558200025,2.79881609400036,1,2,4
2,3,3,4,1.47024292700007,1.80653928100037,1,2,2
2,2,2,3,1.30163265600004,1.62186060699969,1,2,3
2,3,3,4,1.31692571799977,1.6534407070003,1,2,4
2,1,1,4,1.41074229800051,1.97060434500054,1,2,4
2,1,1,2,1.47525951700027,2.27599254100005,1,2,2
2,4,3,1,1.81668517799972,2.61646297700008,1,2,3
2,4,3,3,2.41515331200026,3.08716014500078,1,2,3
2,2,2,3,1.23355798900047,1.84236571099973,1,2,3
2,1,1,2,1.49653521300024,2.56848518400056,1,2,3
2,1,1,2,3.1682789660008,3.76028394600053,1,2,4
2,1,1,4,1.30395302699981,1.71972121199997,1,2,2
2,2,2,2,1.58707182300077,2.14722677600002,1,2,3
2,4,4,2,1.72500554699945,2.4608632620002,1,2,1
2,3,4,2,1.70556114199917,2.4740915859993,1,2,4
2,4,4,4,1.22204267100005,1.6704265139997,1,2,1
2,1,4,1,1.98775663500055,2.69107731300028,1,2,4
2,2,2,4,1.12682566600051,1.49508999200043,1,2,4
2,4,2,1,2.05943888499951,2.74750052099989,1,2,2
2,4,4,4,1.21245675299997,1.59697231100017,1,2,2
2,2,2,4,1.21288507700046,2.10947084700001,1,2,1
2,2,2,2,1.22469783699944,1.56082659399999,1,2,1
2,4,4,3,1.16268219599988,1.6902630200002,1,2,1
2,2,3,1,1.25519915800032,4.11952933200064,1,2,1
2,2,2,4,1.55119249200015,1.91945787900022,1,2,3
2,4,4,2,1.47461924500021,2.35406888500074,1,2,2
2,1,2,1,2.08384103400022,2.70781492300011,1,2,2
2,1,1,2,1.32449905899921,1.80484867799987,1,1,NaN
2,2,2,4,1.25287214800028,1.56852199100013,1,1,NaN
2,1,3,2,1.92610382200019,2.6934459590002,1,1,NaN
2,1,1,2,1.08147953799926,1.49753101499937,1,1,NaN
2,1,3,3,1.37386744200012,1.82223259500006,1,1,NaN
2,3,3,3,1.30113780600004,1.71702972200001,1,1,NaN
2,3,3,3,1.13543978999951,1.5837965869996,1,1,NaN
2,2,2,4,1.16814580699975,1.74474561599982,1,1,NaN
2,4,2,2,1.30737666499954,1.89900757600026,1,1,NaN
2,3,3,3,1.66343380299986,2.15898414499952,1,1,NaN
2,3,3,4,1.38472613100021,1.7364516409998,1,1,NaN
2,2,2,4,1.12328790699939,1.43480317400008,1,1,NaN
2,2,2,4,1.04978165399916,1.40140290799991,1,1,NaN
2,2,2,2,1.23369073699996,1.87402092499997,1,1,NaN
2,3,2,3,1.22304393200011,1.73447578000014,1,1,NaN
2,3,3,4,1.24891020399991,1.7294410759996,1,1,NaN
2,4,4,2,2.42825718299991,3.08386541900018,1,1,NaN
2,4,2,3,1.40804985199975,2.04754278400014,1,1,NaN
2,4,2,3,1.50225763300023,1.98214912999993,1,1,NaN
2,4,1,1,1.67881752999983,2.28645281900026,1,1,NaN
2,2,2,4,1.12279192799997,1.45822893500008,1,1,NaN
2,3,3,3,1.24076435699953,1.76819676899959,1,1,NaN
2,2,2,4,1.04197358300007,1.40957481399982,1,1,NaN
2,4,4,2,1.5135165949996,2.60156378800002,1,1,NaN
2,1,1,1,1.6327108430005,2.24072060500021,1,1,NaN
2,3,3,3,1.17434922899974,1.55803397599993,1,1,NaN
2,1,1,3,1.09614157899978,1.65618626800006,1,1,NaN
2,1,1,2,1.318334435,1.76603338600034,1,1,NaN
2,2,2,4,1.19949756499955,1.58421851399999,1,1,NaN
2,4,4,3,2.4159369379995,3.34462845300004,1,1,NaN
2,3,3,4,1.30510912099999,1.75304932900053,1,1,NaN
2,4,4,4,1.05919108200032,1.52233477699974,1,1,NaN
2,1,1,3,0.966100679000192,1.4942477579998,1,1,NaN
2,4,4,1,1.30636346499978,1.7710519000002,1,1,NaN
2,2,2,4,1.45950755800004,1.89161872600016,1,1,NaN
2,3,3,4,1.95094689699999,2.30291489499996,2,3,1
2,3,3,4,1.47388479100027,1.84204216000035,2,3,1
2,3,3,3,1.0642534640001,1.49590152200017,2,3,1
2,3,3,3,1.05337933899955,1.37326583699996,2,3,1
2,1,1,2,1.19046528400031,1.63807452099991,2,3,3
2,1,1,3,1.12495679699987,1.60445626599994,2,3,3
2,1,1,3,1.30076510300023,1.68477700499989,2,3,3
2,1,1,4,0.992927688999771,1.32923633199971,2,3,3
2,1,1,3,1.00464684100007,1.31815859299968,2,3,3
2,1,1,2,0.935354600999744,1.43154045399933,2,3,3
2,1,1,2,1.4549541690003,2.0146344169998,2,3,3
2,1,1,3,0.910835162999319,1.23498493099942,2,3,3
2,1,1,4,0.813637123999797,1.16533654799969,2,3,3
2,1,1,3,1.02410871400025,1.35950170100023,2,3,3
2,3,3,4,1.53003432900005,2.08989176500017,2,3,1
2,3,1,4,1.03049108200048,1.46230707399991,2,3,1
2,1,3,4,1.00448839199998,1.6123845459997,2,3,3
2,1,3,2,1.48408506600026,2.07564566500059,2,3,3
2,1,1,3,1.08059206100006,1.80102655200062,2,3,3
2,3,3,3,1.93607023099958,2.44848044399987,2,3,1
2,3,3,4,1.00570204099949,1.72605795899926,2,3,1
2,3,3,2,1.25723141500021,1.78516705099992,2,3,1
2,1,1,4,0.961939684000754,1.31351149300008,2,3,3
2,3,3,4,0.941956345999643,1.2939266379999,2,3,1
2,1,1,4,0.826684409999871,1.2102440510007,2,3,3
2,3,3,4,0.90737417299988,1.307320162,2,3,1
2,3,3,4,0.647078578000219,1.14348202000019,2,3,1
2,3,3,4,0.778116568999394,1.12988353899982,2,3,1
2,3,3,4,0.862148490000436,1.23040555900025,2,3,1
2,1,1,3,1.00594642499982,1.48569883999971,2,3,3
2,3,3,4,0.834592951999184,1.29848168599983,2,3,1
2,3,3,4,1.00732179299939,1.51938329199947,2,3,1
2,1,1,3,1.0101401310003,1.36210361299982,2,3,3
2,3,3,2,1.11630386900015,1.62898306399984,2,3,1
2,3,3,4,1.08403851000003,1.40424292999978,2,3,1
2,4,3,4,2.0424569249999,2.49037121799938,1,3,3
2,3,3,3,1.3185125760001,1.94249863099958,1,3,4
2,4,3,2,1.24037092099934,1.88072151199958,1,3,3
2,4,3,3,1.30997132700031,1.67758065000089,1,3,3
2,4,3,2,1.17872726200039,2.02699569400011,1,3,3
2,4,3,1,1.56140988300012,2.28161299800013,1,3,3
2,4,4,2,1.35790373100008,2.20579451600042,1,3,3
2,4,3,3,1.26937080500011,1.82938248499977,1,3,3
2,4,4,4,1.13204539399976,1.61212537899974,1,3,3
2,3,3,3,1.48422415799996,2.14027941699987,1,3,4
2,3,3,4,1.22214920700026,1.92568100100016,1,3,4
2,3,3,4,1.04943381500016,1.43299768900033,1,3,4
2,4,4,1,1.23145671499969,1.90379701199981,1,3,3
2,3,3,2,1.04289217099995,1.3955428549998,1,3,4
2,4,4,1,1.54782327799967,2.23638112099979,1,3,3
2,4,4,3,1.12210111900004,1.58559839899954,1,3,3
2,4,4,1,1.10671878699941,1.63453483499961,1,3,3
2,3,3,4,0.977226107000206,1.29701617000046,1,3,4
2,3,3,3,1.40612801600037,1.90150035200077,1,3,4
2,4,4,2,1.63340377999975,2.6574318590001,1,3,3
2,3,3,3,0.95046231500055,1.28638870500072,1,3,4
2,4,4,2,1.36197159199946,1.82658071399965,1,3,3
2,4,4,2,1.11358246700001,1.64161775899993,1,3,3
2,4,4,2,1.17601366400049,1.59223393899993,1,3,3
2,3,3,4,1.03279587799989,1.38452900899938,1,3,4
2,3,3,3,1.20100420600011,1.61709379600052,1,3,4
2,3,3,3,1.44074536800053,1.77679321600044,1,3,4
2,4,4,2,1.53000646999953,1.99356231799993,1,3,3
2,4,4,4,1.08178788199984,1.67348990999926,1,3,3
2,3,3,3,1.36685571699945,1.83111143499991,1,3,4
2,3,3,3,1.08610457300074,1.50194327300051,1,3,4
2,3,4,1,1.02580819200011,2.45019221300026,1,3,4
2,4,4,2,1.32776247399943,1.83956247099923,1,3,3
2,3,3,4,0.94988613500027,1.47744516799958,1,3,4
2,4,3,3,1.38702970600025,1.70199022700035,1,3,3
2,4,4,3,1.70983739499934,2.38126853999984,1,2,3
2,2,2,3,1.71046256299996,2.46218761199998,1,2,3
2,3,3,3,2.37912752099965,2.74725060800029,1,2,1
2,4,4,4,1.08403613600058,1.43589111500023,1,2,3
2,3,3,3,1.34736326299935,1.77919420499984,1,2,4
2,2,2,4,1.19553704500049,1.53148783000051,1,2,1
2,1,1,3,1.15090629600036,1.61419222299992,1,2,3
2,2,2,4,1.16704883300008,1.48694793800041,1,2,4
2,2,2,3,1.12342187500053,1.50731481799994,1,2,3
2,2,2,4,0.983696574000533,1.36780199199984,1,2,4
2,1,1,1,2.09711696299928,2.41943047799941,1,2,3
2,4,2,3,2.03152590199988,2.49475272200016,1,2,2
2,2,2,4,1.43452490199979,1.78656736799985,1,2,1
2,4,4,4,1.202747628,1.53900846499982,1,2,2
2,2,2,3,0.965494822000437,1.46214360700014,1,2,1
2,2,2,4,1.25972347399966,1.56836044699958,1,2,3
2,1,2,1,1.72518451899941,2.12498769499962,1,2,2
2,4,4,3,1.39939119000064,2.07203329100048,1,2,1
2,2,2,2,1.300215192,2.05239141200036,1,2,4
2,2,2,3,1.13751909199982,1.68188796300001,1,2,3
2,2,2,4,1.02297415299927,1.33473522999975,1,2,3
2,3,3,3,1.48088442700009,2.04106743100056,1,2,2
2,2,2,4,1.06319569599964,1.38502285600043,1,2,3
2,2,2,4,1.11998957099968,1.47241567600031,1,2,1
2,2,2,3,1.09373433899964,1.63759974000004,1,2,1
2,1,1,3,1.04372487399996,1.41158324600019,1,2,4
2,4,4,2,1.2278789990005,2.36424261800039,1,2,2
2,2,2,4,1.11723359600001,1.45283042799929,1,2,3
2,2,2,3,1.09081341000001,1.40169465200051,1,2,4
2,1,1,4,0.939052382999762,1.3392355850001,1,2,3
2,3,3,3,1.70233946299959,2.18205310599933,1,2,4
2,2,2,4,1.0545121490004,1.47054143199966,1,2,3
2,2,2,4,0.964360809000027,1.28480968300028,1,2,3
2,3,2,3,1.12126755600002,1.4887784349994,1,2,2
2,4,3,2,1.34962990599979,2.0054976600004,1,2,3
2,1,1,2,1.3876882049999,2.06011729999955,1,1,NaN
2,3,3,3,1.4492941059998,1.76867621300062,1,1,NaN
2,2,2,4,1.18596852900009,1.50179414700051,1,1,NaN
2,1,3,2,1.46197002400004,1.91047452899966,1,1,NaN
2,1,1,2,1.2102445569999,1.56157261600038,1,1,NaN
2,1,1,3,1.48357236999982,2.01166992700018,1,1,NaN
2,3,2,4,1.2753455560005,1.70755491100044,1,1,NaN
2,2,2,3,1.65532791500027,2.13522465900041,1,1,NaN
2,1,1,2,1.16899523899974,1.48504499299997,1,1,NaN
2,2,2,3,1.02888447899932,1.4130955619994,1,1,NaN
2,2,2,3,1.18208511600005,1.51764080900011,1,1,NaN
2,3,3,3,1.21694918699995,1.63302139700045,1,1,NaN
2,3,3,3,1.36052392999954,1.74471060699943,1,1,NaN
2,3,3,2,1.45052791700073,1.8664912840004,1,1,NaN
2,4,2,2,1.37663782999971,1.79253953399984,1,1,NaN
2,3,3,4,1.09612478500003,1.56014662600046,1,1,NaN
2,2,2,4,0.98559740499968,1.35390385399933,1,1,NaN
2,4,3,3,1.17191995299981,1.55639424899982,1,1,NaN
2,3,3,3,0.933863117999863,1.30248538900014,1,1,NaN
2,1,1,2,1.34663297099996,1.77785406200019,1,1,NaN
2,2,2,4,0.987009579999722,1.37159078999957,1,1,NaN
2,4,2,2,1.33316728499994,1.90839875700021,1,1,NaN
2,3,3,2,1.17608434799968,1.59283904899985,1,1,NaN
2,1,1,3,1.11304912800006,1.43500233600025,1,1,NaN
2,4,3,2,1.19983519099969,1.69577442199989,1,1,NaN
2,1,2,1,1.34001265999996,1.88442775200019,1,1,NaN
2,2,2,3,1.32875434800007,1.66495946699979,1,1,NaN
2,4,4,2,1.53354906999994,2.28538166900034,1,1,NaN
2,4,4,3,1.37757825999961,1.84096782100005,1,1,NaN
2,3,3,4,1.43163657100013,1.75223358499989,1,1,NaN
2,3,3,4,1.02494528400075,1.37722310100071,1,1,NaN
2,2,2,4,1.06638381100038,1.40318514400042,1,1,NaN
2,3,3,4,1.42730410999957,1.79460478700003,1,1,NaN
2,2,2,3,1.03568760599956,1.41925675599941,1,1,NaN
2,2,2,4,0.915085878999889,1.23469741299959,1,1,NaN
2,1,1,4,1.06630965800014,1.44972932200017,1,1,NaN
2,2,2,4,1.00776189799944,1.31828478999978,1,1,NaN
2,3,3,4,1.06784733599943,1.38490475399976,1,1,NaN
2,4,4,1,1.18833835500027,1.66818764199979,1,1,NaN
2,4,4,2,0.897897225000634,1.26540317699983,1,1,NaN
2,2,2,3,1.27948934799952,1.75989317099993,1,1,NaN
2,4,4,2,1.2895697899994,1.67313789299988,1,1,NaN
2,2,2,3,1.19033030599985,1.50170771800003,1,1,NaN
2,2,2,2,1.14642311400075,1.49918106300083,1,1,NaN
2,1,1,3,1.15159031599978,1.46834227599993,1,1,NaN
2,2,4,2,1.36456922999969,2.35722668299968,1,1,NaN
2,4,3,2,2.00578892399972,2.51824601199951,1,1,NaN
2,1,1,3,1.12050974700014,1.47170097100025,1,1,NaN
2,1,1,3,1.30120293500022,1.74939078599982,1,1,NaN
2,1,1,2,1.34421100899999,1.79189076900002,1,1,NaN
2,1,1,2,1.72025544899952,2.31243482799982,1,1,NaN
2,3,1,3,1.54764755399992,2.07487644899993,1,1,NaN
2,3,2,2,1.640483313,2.08832694900047,1,1,NaN
2,3,3,4,1.34823197399965,1.71649717799937,1,1,NaN
2,3,4,1,1.42342835999989,1.80779567100035,1,1,NaN
2,2,2,3,1.52708153700041,1.83535382300033,1,1,NaN
2,4,4,2,1.05397739900036,1.53341939600068,1,1,NaN
2,4,4,3,1.07267591300024,1.64845160799996,1,1,NaN
2,1,1,3,1.45494317499924,1.83863817199926,1,1,NaN
2,2,2,4,1.0129119180001,1.34941601799983,1,1,NaN
2,1,1,3,1.23227258599945,1.69605717499962,1,1,NaN
2,4,4,3,1.03626014299971,1.53294052799993,1,1,NaN
2,3,2,2,1.19887102599932,1.98366150599941,1,1,NaN
2,4,4,2,1.32732862000012,1.71110886899987,1,1,NaN
2,2,2,3,1.1475281310004,1.51532895400032,1,1,NaN
2,4,3,2,1.47114780599986,2.12752890299998,1,1,NaN
2,2,2,3,1.30549094900016,1.68934466700011,1,1,NaN
2,2,2,4,0.96597467599986,1.30235509500017,1,1,NaN
2,4,4,2,1.07450295200033,1.60240319900004,1,1,NaN
2,3,3,3,1.34642760299994,1.77853662699999,1,1,NaN
2,3,3,3,1.5057665509994,2.04960348299937,1,2,1
2,2,3,2,1.71166390300004,2.09563119599989,1,2,3
2,3,3,3,0.971637365999413,2.01113041699955,1,2,4
2,2,2,4,1.3386075999997,1.65899421999984,1,2,4
2,4,4,2,2.29725305400007,2.82522928199978,1,2,2
2,2,2,3,0.96659085400006,1.33506865399977,1,2,4
2,4,2,3,1.08978205099993,1.40965363400028,1,2,2
2,3,3,3,1.97814271100015,2.66572050100058,1,2,1
2,4,4,1,1.93428329800008,2.62233696000021,1,2,2
2,2,2,4,0.996549022000181,1.36458124700039,1,2,3
2,2,2,4,1.11868122000033,1.66291340299995,1,2,3
2,3,3,3,1.18019440500029,1.548964136,1,2,2
2,3,3,4,1.26346041699981,1.63075683500028,1,2,1
2,3,3,4,1.02249816200037,1.35802756500016,1,2,2
2,1,1,3,1.19268998799998,1.68857380499958,1,2,3
2,2,2,3,1.04515721700045,1.70129724199978,1,2,3
2,4,4,1,1.8087307550004,2.24110424799983,1,2,3
2,1,1,3,1.12634139599959,1.46286028699978,1,2,3
2,2,2,4,1.06850223999936,1.51657633699961,1,2,4
2,1,1,2,1.39186627100025,1.88764630300011,1,2,3
2,4,4,2,1.70002381199993,2.35654322299979,1,2,1
2,4,2,2,1.94126867999967,2.46951643399916,1,2,2
2,3,3,4,1.40947816300013,1.84166695900058,1,2,1
2,3,3,4,1.03230879799958,1.47943448899969,1,2,1
2,3,3,4,1.0533257850002,1.42115146300057,1,2,1
2,3,3,4,1.12443631400038,1.49252707400046,1,2,1
2,2,2,3,1.17743018900001,1.62541249199967,1,2,4
2,1,2,2,2.18423953100046,2.74478744699991,1,2,2
2,3,4,1,1.83391317099995,2.5537021250002,1,2,4
2,3,3,3,1.39452106699991,1.81028332500046,1,2,1
2,2,2,4,1.21023609300028,1.75464663399998,1,2,3
2,4,4,2,1.65207069400003,2.33998539799995,1,2,3
2,3,3,4,1.34994912100046,1.78194549199998,1,2,2
2,1,4,1,1.61459651600035,2.22313453199968,1,2,4
2,2,2,4,1.14166237599966,1.45165842699953,1,2,4
2,1,1,3,1.45772973400017,1.79425664100017,1,3,4
2,4,4,2,1.09897137799999,1.45074004700018,1,3,1
2,4,1,1,1.79234756500045,2.30440047299999,1,3,1
2,4,4,3,0.995851348000542,1.3182619449999,1,3,1
2,4,4,2,1.23137107899947,1.59959661999983,1,3,1
2,1,1,3,1.15146005800034,1.46844469799998,1,3,4
2,1,1,3,1.09350825599995,1.40156389200001,1,3,4
2,4,4,3,1.18117132299994,1.82111651800005,1,3,1
2,4,4,3,1.22003918399969,1.78008123899963,1,3,1
2,1,1,4,0.877381148000495,1.35776358400017,1,3,4
2,1,1,4,0.855224101999738,1.22400653400018,1,3,4
2,1,1,3,0.967278429000544,1.2847773780004,1,3,4
2,1,1,3,1.33226469600049,1.94005268600085,1,3,4
2,4,4,4,1.07799867300037,1.40163987400047,1,3,1
2,4,4,4,0.974871458999587,1.31027139799971,1,3,1
2,1,1,4,1.21023674199932,1.57907804399929,1,3,4
2,1,1,4,1.11549254300007,1.62747488599962,1,3,4
2,4,4,2,1.03412065800057,1.78606947900062,1,3,1
2,4,4,3,0.914771962999112,1.34677173099954,1,3,1
2,4,4,2,1.37329757399948,2.22183159999986,1,3,1
2,1,1,4,1.12431759399988,1.44422365399987,1,3,4
2,1,1,4,1.14689748100045,1.46848625500024,1,3,4
2,4,4,2,1.56821993199992,2.17637667600047,1,3,1
2,4,4,4,0.953092305999235,1.43245178699999,1,3,1
2,4,4,4,0.880367615999603,1.21664836200034,1,3,1
2,4,4,4,0.799722721000762,1.13619201500023,1,3,1
2,1,1,2,0.963399602999743,1.39503578600034,1,3,4
2,1,1,3,1.11602236399995,1.43496439399951,1,3,4
2,4,4,3,1.07498944799954,1.42679903699991,1,3,1
2,1,1,1,1.14608469700033,1.62620427799993,1,3,4
2,4,4,3,0.969335215999308,1.5773851899994,1,3,1
2,1,1,4,0.858676083999853,1.48214535099942,1,3,4
2,1,1,4,0.847822460000316,1.16817907699988,1,3,4
2,1,1,4,0.785527641999579,1.1014178359992,1,3,4
2,1,1,4,0.918147164000402,1.23484984100014,1,3,4
2,3,3,3,1.56478702499953,1.90042668600017,1,1,NaN
2,4,2,2,1.26398734400027,1.58518889200059,1,1,NaN
2,2,2,3,0.912708068000029,1.24932148400057,1,1,NaN
2,1,1,3,0.895784667999578,1.21816622299957,1,1,NaN
2,1,1,4,0.879315687000599,1.20142463400043,1,1,NaN
2,1,1,4,0.895732566000333,1.21810108699992,1,1,NaN
2,2,2,4,1.07165515500037,1.38484954100022,1,1,NaN
2,3,3,4,1.01556297499974,1.33497451099993,1,1,NaN
2,2,2,3,1.07480593299988,1.38493698699949,1,1,NaN
2,4,4,1,1.17931610900087,1.80357833700054,1,1,NaN
2,1,1,3,1.13871523899979,1.45173577999958,1,1,NaN
2,4,2,3,1.41699722700014,1.73550572899967,1,1,NaN
2,4,4,1,1.10728800499965,1.71553714599941,1,1,NaN
2,4,4,3,0.974818800000321,1.37509936900005,1,1,NaN
2,1,1,3,1.22446610400038,1.56074021800032,1,1,NaN
2,1,1,2,1.0022441809997,1.51486802899944,1,1,NaN
2,3,2,2,1.48657142800039,1.96669664199999,1,1,NaN
2,4,4,3,1.02408810399993,1.52013800600071,1,1,NaN
2,3,3,4,1.47577845299929,1.89121925299969,1,1,NaN
2,2,2,2,1.51203859899942,1.92757174500002,1,1,NaN
2,3,3,3,1.09848403699925,1.46682673099986,1,1,NaN
2,3,3,1,1.20027939200008,1.56772539400026,1,1,NaN
2,4,2,1,1.61714304099951,2.09726779799985,1,1,NaN
2,2,2,3,1.38965450199976,1.70213895100005,1,1,NaN
2,1,1,1,1.60912674599967,1.94536641500054,1,1,NaN
2,2,2,3,1.40311794700028,1.71878505699988,1,1,NaN
2,4,4,1,1.1742067059995,1.5259924359998,1,1,NaN
2,4,4,1,1.08199834799962,1.44939061199966,1,1,NaN
2,4,3,2,1.76053918100024,2.20852782800011,1,1,NaN
2,4,4,3,1.15965602799952,1.55995674499991,1,1,NaN
2,1,3,1,1.3053682460004,1.65749064100055,1,1,NaN
2,2,3,1,1.62350417200014,1.99153106199992,1,1,NaN
2,3,3,3,1.15927120400011,1.46851753300052,1,1,NaN
2,4,3,2,1.80500055399989,2.1191808020003,1,1,NaN
2,4,4,4,1.06380377200003,1.38496414600013,1,1,NaN
2,2,4,1,1.23906030199942,2.7912396189995,1,3,3
2,2,2,3,2.29463695599952,2.75819859199964,1,3,3
2,2,2,4,0.966523639000116,1.28490366799997,1,3,3
2,3,3,4,1.05983203399956,1.36859005399947,1,3,2
2,2,2,3,1.0698002579993,1.38476329999958,1,3,3
2,3,3,4,1.09438938499989,1.41857578799954,1,3,2
2,2,2,3,0.957329355999718,1.26817491199927,1,3,3
2,2,2,4,0.875131900999804,1.18475293499978,1,3,3
2,3,2,1,1.56398321600045,1.99656596000023,1,3,2
2,2,2,3,1.24471007400007,1.64451187500072,1,3,3
2,2,2,3,1.16321361900009,1.48516768900026,1,3,3
2,2,2,2,0.991261944000144,1.30158441999993,1,3,3
2,3,3,3,1.16409772099996,1.48527801399996,1,3,2
2,3,3,4,0.896642558999702,1.37686785200003,1,3,2
2,3,3,3,0.954325525999593,1.26817515400035,1,3,2
2,3,3,3,0.903184316999614,1.21793636499933,1,3,2
2,2,2,4,0.999058622000121,1.31834007500038,1,3,3
2,3,3,2,1.28263783800048,1.66640949000066,1,3,2
2,3,3,4,0.896003109000048,1.21812065599988,1,3,2
2,3,3,3,1.08765498699995,1.40154663799967,1,3,2
2,2,2,4,1.01583953999943,1.33510221300003,1,3,3
2,2,2,4,1.07531683100024,1.38491135599998,1,3,3
2,3,3,4,1.16434729699995,1.48499609899955,1,3,2
2,2,2,4,0.912823088999176,1.24852800099961,1,3,3
2,3,3,2,1.27959133399963,1.64745836099974,1,3,2
2,2,2,3,0.877752129999863,1.20153963499979,1,3,3
2,2,2,3,1.35805567900024,1.66852098400068,1,3,3
2,3,3,4,1.13157982099983,1.45160921499973,1,3,2
2,3,3,3,0.801931818000412,1.313405762,1,3,2
2,3,3,3,0.830078076000063,1.15147851199981,1,3,2
2,2,2,4,0.736339071000657,1.055889063,1,3,3
2,2,2,2,1.07902384499994,1.47864202999972,1,3,3
2,3,3,4,1.51609733000078,1.83537874400008,1,3,2
2,2,2,4,0.834678553999765,1.15143111999987,1,3,3
2,2,2,2,0.980720792000284,1.31663739400028,1,3,3
2,1,1,3,1.28679503600051,1.68693406700004,1,2,3
2,3,3,3,1.41129171800003,1.73533791099999,1,2,2
2,1,1,4,1.19815932199981,1.61353043899999,1,2,2
2,1,1,3,0.957918858000085,1.27824079100083,1,2,2
2,1,1,3,0.955583473999468,1.26833836999958,1,2,2
2,4,4,2,1.54522123300012,2.15278478000073,1,2,2
2,2,2,4,0.978663509999933,1.30156116999933,1,2,3
2,4,1,2,1.23018134999984,1.6469408869998,1,2,1
2,3,4,2,1.3571035799996,1.98112135700012,1,2,4
2,1,1,3,1.40592470899992,1.80570711400014,1,2,2
2,2,2,4,1.14164631299991,1.4771711809999,1,2,1
2,2,1,1,1.2272369530001,2.04296565200002,1,2,1
2,4,4,1,1.88134130599974,2.29673935299979,1,2,2
2,3,3,4,1.14902530600011,1.48516647399993,1,2,2
2,1,1,3,0.977872117000516,1.30153411100036,1,2,2
2,3,3,4,1.03752929100028,1.38992438700006,1,2,2
2,3,3,2,1.67073871299999,2.63020328000039,1,2,4
2,1,1,3,1.22895574699942,1.61232448800001,1,2,2
2,1,1,4,1.14862137799992,1.61269397500018,1,2,2
2,2,2,2,1.4359616440006,1.9483572650006,1,2,1
2,3,3,2,1.59848056400006,2.01456278100068,1,2,4
2,2,2,3,1.40549887999987,1.72555782000018,1,2,1
2,1,1,2,1.38471468700027,1.70197248400018,1,2,3
2,3,2,2,1.54037889099982,2.16415847500048,1,2,2
2,2,2,4,1.02174869499959,1.3351060799996,1,2,4
2,3,3,4,1.12833166600012,1.48031629100024,1,2,1
2,1,1,2,0.990114791000451,1.34200738700019,1,2,3
2,3,3,4,1.06490523699995,1.38498020899988,1,2,2
2,1,1,3,0.928984017999937,1.25148071300009,1,2,4
2,3,3,4,1.31213360899983,1.67928642999959,1,2,4
2,2,2,3,1.24502181799926,1.61240907999945,1,2,3
2,2,2,4,1.13293612600046,1.45165117800025,1,2,1
2,2,2,2,1.17078945499998,1.8911786409999,1,2,3
2,3,3,4,1.22299399399981,1.54288658400037,1,2,1
2,2,2,2,1.17804000700016,1.57780697900034,1,2,4
2,2,2,4,1.68659872499939,2.00232662099916,1,2,3
2,4,4,2,1.31771537499935,1.70159954599967,1,2,1
2,4,4,1,1.07402863599964,1.47364397599995,1,2,3
2,4,4,2,1.78262250199987,2.47089931600021,1,2,2
2,3,3,4,1.17159556099978,1.48518214599972,1,2,1
2,1,1,3,1.16025783800069,1.48505104600008,1,2,4
2,2,2,3,1.10097188700001,1.46839641000042,1,2,3
2,2,2,4,0.961896611999691,1.28486982399954,1,2,3
2,2,2,2,1.58301563800069,2.17467203500019,1,2,1
2,2,2,4,1.04744849399958,1.36835504499959,1,2,4
2,4,4,1,1.34472723599993,1.84061810700041,1,2,3
2,4,4,2,1.09529434700016,1.43133041900001,1,2,3
2,4,4,3,1.19847862999995,1.79084331499962,1,2,2
2,4,4,1,1.67118700399988,2.11902728699988,1,2,2
2,1,2,3,2.73749671299993,3.07397245100037,1,2,2
2,2,1,3,0.949623949999477,1.26806928899987,1,2,1
2,3,3,3,1.73084372100038,2.08258828399994,1,2,4
2,2,2,4,1.07190324100065,1.39120731500043,1,2,4
2,4,4,2,1.2086440410003,1.67219861299964,1,2,1
2,3,3,4,1.68548582899984,2.02200846199958,1,2,1
2,3,3,4,1.18828341500011,1.53995157400004,1,2,4
2,2,2,4,1.09524920199965,1.41844708099961,1,2,3
2,4,3,1,1.96646059700015,2.28599617899999,1,2,3
2,3,3,3,1.13803099200049,1.74579183100013,1,2,4
2,2,2,4,1.08472654899924,1.40169250299914,1,2,1
2,4,4,3,1.18830947300012,1.58913499699975,1,2,2
2,3,3,4,1.52574672199989,1.84548651099976,1,2,1
2,4,4,4,1.21206216100018,1.64394469800027,1,2,1
2,4,4,2,1.46591845500006,1.92999596699974,1,2,1
2,4,3,1,1.78873611800009,2.58894630300074,1,2,3
2,2,2,4,1.22051164500044,1.53524452000056,1,2,1
2,3,3,4,1.19139537800038,1.51092997700016,1,2,1
2,3,3,4,1.14712920700003,1.46842958399975,1,2,1
2,3,3,2,1.02472336899973,1.79245498399996,1,2,4
2,3,3,4,1.03305276600076,1.36909767500038,1,2,2
2,2,2,3,1.2728124260002,1.59285838699998,1,3,4
2,2,2,4,0.921837947000313,1.23476752399984,1,3,4
2,4,4,2,1.4804959789999,1.91293776800012,1,3,2
2,2,2,3,1.18040661300074,1.51632113899996,1,3,4
2,2,2,3,1.10446461600077,1.41845954200016,1,3,4
2,2,2,3,1.0951779220004,1.5120109669997,1,3,4
2,4,4,1,0.987620492000133,1.69162584199967,1,3,2
2,4,4,2,1.12783027600017,1.45170733899977,1,3,2
2,4,4,3,0.79801296200003,1.11806639400038,1,3,2
2,2,2,4,0.913838768999994,1.25017457499962,1,3,4
2,4,2,1,1.24772598199979,1.56847895600004,1,3,2
2,4,4,3,1.12177953100036,1.50521620400013,1,3,2
2,2,2,4,0.949659870999312,1.2691888699992,1,3,4
2,2,2,4,0.883475350000481,1.20148421700014,1,3,4
2,4,2,1,0.899721958000555,1.26766174100067,1,3,2
2,2,2,3,0.720775582999522,1.03454521599997,1,3,4
2,2,2,3,0.824022567999236,1.14396596899951,1,3,4
2,2,2,4,0.779364433999945,1.10142937699948,1,3,4
2,4,2,1,0.911332805000711,1.29602671900011,1,3,2
2,2,2,3,0.908846500999971,1.2181087959998,1,3,4
2,4,2,1,1.08428217500023,1.56460887499998,1,3,2
2,4,4,3,0.910459683999761,1.37391845099955,1,3,2
2,4,4,3,0.871317979000196,1.31980755699988,1,3,2
2,2,2,3,0.882902665999609,1.26684474899957,1,3,4
2,2,2,4,0.640708009000264,0.951204154000152,1,3,4
2,2,2,3,0.683428512999853,1.16338848000032,1,3,4
2,2,2,3,0.557630514999801,0.98960889800037,1,3,4
2,4,2,1,0.726789149000069,1.1753256259999,1,3,2
2,4,2,1,0.888832676000675,1.97664087800058,1,3,2
2,2,2,3,0.95380016099989,1.27382581300026,1,3,4
2,4,4,4,0.64732660000027,0.967841334000695,1,3,2
2,2,2,3,1.04101262699987,1.35147421199963,1,3,4
2,2,2,1,1.09929939199992,1.41833115499958,1,3,4
2,2,2,4,0.770682342999862,1.1228437740001,1,3,4
2,4,2,1,1.30224651099979,1.73430961400027,1,3,2
2,4,3,3,1.27169065599992,1.58518278700012,1,1,NaN
2,2,2,4,1.11209489300018,1.46437554800013,1,1,NaN
2,3,3,3,1.31019499900049,1.66253579100066,1,1,NaN
2,3,3,4,1.09999026900005,1.41844303299968,1,1,NaN
2,3,3,4,0.898994287000278,1.2513023749998,1,1,NaN
2,2,2,3,0.993273860999579,1.36171562599975,1,1,NaN
2,2,2,3,1.16431451300014,1.48507996199987,1,1,NaN
2,1,2,1,1.40885805800008,1.71869509899989,1,1,NaN
2,2,2,3,1.09951419400022,1.4183792570002,1,1,NaN
2,4,2,3,0.850605675999759,1.21864140599973,1,1,NaN
2,1,1,1,1.44263637599943,1.82683868699951,1,1,NaN
2,2,2,4,0.953933595999843,1.433267849,1,1,NaN
2,1,1,3,1.12065661100041,1.52081750399975,1,1,NaN
2,2,2,4,0.931609234999996,1.26734227500037,1,1,NaN
2,2,2,3,1.04109719700045,1.35160672999973,1,1,NaN
2,4,4,4,1.41996767599994,1.83550229899993,1,1,NaN
2,3,4,1,1.12141076900025,1.43489998800032,1,1,NaN
2,1,3,3,1.28896959299982,1.65633463500035,1,1,NaN
2,1,1,2,1.25480174099994,1.63885214699985,1,1,NaN
2,4,2,2,1.18910165600028,1.76530335200005,1,1,NaN
2,2,2,3,1.10260685100002,1.41820856699997,1,1,NaN
2,1,1,3,1.30243430500013,1.62175535599999,1,1,NaN
2,1,1,4,0.820905278000282,1.13490562300012,1,1,NaN
2,2,2,3,0.984778677000577,1.3205773210002,1,1,NaN
2,4,4,2,1.21971440400011,1.54020476599999,1,1,NaN
2,1,1,3,1.31858465200003,1.63528716600013,1,1,NaN
2,2,2,3,1.25301219700032,1.56861187899995,1,1,NaN
2,3,2,2,1.47851564899975,1.92674588099999,1,1,NaN
2,2,2,2,1.2412481070005,1.55185355600042,1,1,NaN
2,4,4,4,1.14716689399938,1.5155118119992,1,1,NaN
2,2,2,3,1.08699828200042,1.40731667700038,1,1,NaN
2,2,2,2,1.09548040600021,1.43137044299965,1,1,NaN
2,2,2,3,0.814703042000474,1.13521838100041,1,1,NaN
2,4,1,3,1.28214335899975,1.60198435999973,1,1,NaN
2,2,2,4,0.913914880999982,1.23500354699991,1,1,NaN
3,2,1,3,1.89785706700059,2.21914704400115,2,2,1
3,1,1,2,0.78486259300189,1.66493308899953,2,2,2
3,4,3,2,1.11835693499961,1.59806559999925,2,2,3
3,4,4,2,1.74331619199802,2.0522554809977,2,2,3
3,1,2,3,1.80349293799736,2.25157966999905,2,2,3
3,3,4,2,2.1610421339974,2.46967571999994,2,2,4
3,4,2,2,1.72537173599994,2.03575750200253,2,2,2
3,2,3,3,1.4832294609987,1.81950823299849,2,2,3
3,3,2,2,1.76202054299938,2.7063905670002,2,2,2
3,2,2,2,1.81202501399821,3.41258807099803,2,2,4
3,2,4,2,2.49004983000123,2.97024632100147,2,2,4
3,2,4,2,1.39425808599844,1.70182680699872,2,2,4
3,3,3,2,1.19766687200172,1.54986086799909,2,2,4
3,1,1,2,1.02325016699979,1.45527125900117,2,2,2
3,1,3,2,2.45311844000025,2.76959160999832,2,2,3
3,3,3,2,1.17357114400147,1.48500230500213,2,2,1
3,2,2,2,1.86521830600032,2.55374947300152,2,2,3
3,3,3,2,1.41049361000114,1.74612429099943,2,2,4
3,1,1,2,1.3568867110007,1.66865923200021,2,2,4
3,3,3,2,1.29013809999742,1.9299820649976,2,2,4
3,1,1,2,2.31671446299879,2.76449347599919,2,2,3
3,4,4,2,1.59774203300185,2.28532540000015,2,2,2
3,3,2,2,2.56117741599883,4.83323375599866,2,2,2
3,4,3,2,3.05305536300148,3.51731689400185,2,2,3
3,3,3,2,3.19841462800105,3.72696358500252,2,2,1
3,3,3,2,2.88781500800178,3.33600250300151,2,2,4
3,3,3,2,1.4721266029992,2.00023794500157,2,2,2
3,1,1,2,1.32796370800133,1.67974277699977,2,2,3
3,2,2,2,1.35652955299884,1.66853238899785,2,2,3
3,2,2,2,1.32218708900109,1.63531932200203,2,2,4
3,4,4,2,2.26472428000125,2.84049293700082,2,2,3
3,2,2,2,1.46096119399954,1.95719259299949,2,2,3
3,1,4,2,2.40663535600106,2.95099022499926,2,2,4
3,3,3,2,2.44796454099924,2.91146699299861,2,2,1
3,1,3,2,2.10575487100141,2.55411556399849,2,2,3
3,3,3,2,1.51252252500126,2.34405440300179,2,1,NaN
3,2,2,2,1.51385676300197,2.05818291000105,2,1,NaN
3,3,3,2,1.27149010299763,1.76779119400089,2,1,NaN
3,2,2,2,1.69633728600093,2.14439213600053,2,1,NaN
3,2,2,2,1.72261470599915,2.25087393099966,2,1,NaN
3,2,2,3,1.19983716500064,1.96774470200035,2,1,NaN
3,3,3,3,1.32760547599901,1.87184285599869,2,1,NaN
3,4,2,2,1.34804329699909,1.7164546540007,2,1,NaN
3,2,2,2,1.19957974900171,1.51853517999916,2,1,NaN
3,3,3,2,1.28339478400085,1.60177296600159,2,1,NaN
3,1,1,2,2.24179678200016,2.81792155199946,2,1,NaN
3,3,2,2,1.56843866700001,1.88562933799767,2,1,NaN
3,2,2,2,1.02857845100152,1.3517297920007,2,1,NaN
3,4,2,2,1.13460566700087,1.45161840600122,2,1,NaN
3,1,2,2,1.1241902239999,1.43494705699777,2,1,NaN
3,4,3,2,1.40370634300052,1.71865131899904,2,1,NaN
3,1,3,2,0.934794085002068,1.59052282000266,2,1,NaN
3,1,2,2,1.75068421400283,2.50322004800182,2,1,NaN
3,1,1,2,1.15256411000155,1.66528852999909,2,1,NaN
3,1,2,2,0.991108714002621,1.30154866800149,2,1,NaN
3,2,2,2,1.25900302300215,1.5684006670017,2,1,NaN
3,4,3,2,1.00480693099962,1.31819136799822,2,1,NaN
3,4,2,2,1.16021222999916,1.46809923999899,2,1,NaN
3,3,3,2,1.22966466100115,1.5517651859991,2,1,NaN
3,1,2,2,1.24759091200031,1.83941155099819,2,1,NaN
3,4,3,2,1.70153470500009,2.01874922500065,2,1,NaN
3,4,1,2,1.0762226629995,2.22842807699999,2,1,NaN
3,1,2,2,1.08268344700264,1.43521867800155,2,1,NaN
3,3,3,2,1.18567825799983,1.56998702000055,2,1,NaN
3,4,3,2,1.13898158899974,2.05089398499695,2,1,NaN
3,4,2,2,1.84006756400049,2.36837578300037,2,1,NaN
3,4,3,2,1.08871483300027,1.52054069600126,2,1,NaN
3,1,2,2,1.55556904100013,1.86863031900066,2,1,NaN
3,1,2,2,1.72133799099902,2.03562537899779,2,1,NaN
3,1,1,2,1.22258721199978,1.78250970500085,2,1,NaN
3,1,3,1,2.35854051699789,3.2377958979996,2,3,3
3,1,3,1,2.21047653999995,3.09072741099953,2,3,3
3,1,3,1,2.66146937099984,3.38174894300028,2,3,3
3,3,3,1,1.14902798500043,1.54945733800196,2,3,1
3,3,3,1,2.47981683600301,2.87964408100015,2,3,1
3,3,3,1,1.083743580999,1.40333590099908,2,3,1
3,3,3,1,1.85975007899833,2.16900344799797,2,3,1
3,1,1,1,1.38801088099717,1.72445699399759,2,3,3
3,1,3,1,1.2712125270009,1.58538585199858,2,3,3
3,1,3,1,1.48051092900278,1.80214045600223,2,3,3
3,3,3,1,1.35996247999719,1.6686254060005,2,3,1
3,1,3,1,1.276799174997,1.8851465129992,2,3,3
3,3,3,1,1.34448482299922,1.66845346199989,2,3,1
3,3,3,1,1.18219880800098,1.5016907600002,2,3,1
3,1,3,1,1.20212422900295,1.5860410460009,2,3,3
3,3,3,1,1.28298964799978,1.60190292699917,2,3,1
3,1,1,1,1.18580931100223,1.5017333930009,2,3,3
3,3,3,1,1.73367753899947,2.3102166810022,2,3,1
3,1,3,1,1.52898746500068,1.92933211800118,2,3,3
3,1,3,1,1.64401889800138,1.95285980800327,2,3,3
3,3,3,1,1.10179150399927,1.41828637800063,2,3,1
3,1,1,1,0.996851576997869,1.31821150500036,2,3,3
3,1,1,1,0.992506064998452,1.3015927819979,2,3,3
3,3,3,1,1.40479241999856,1.7883108979986,2,3,1
3,1,3,1,1.17326220800169,1.48517900200022,2,3,3
3,3,1,1,1.35368378600106,1.66858458100251,2,3,1
3,1,3,1,1.06268041099975,1.38497685599941,2,3,3
3,1,2,1,1.35963214900039,1.93575783599954,2,3,3
3,3,3,1,1.12214056999801,1.43487584199829,2,3,1
3,1,3,1,1.12843520999741,1.52889985399815,2,3,3
3,1,1,1,1.22830341699955,1.55190578899783,2,3,3
3,3,3,1,0.877685194998776,1.20144904900008,2,3,1
3,3,3,1,0.862436261999392,1.38985599399894,2,3,1
3,1,1,1,1.46288826499949,2.02338278900061,2,3,3
3,1,1,1,1.14212151700121,1.45171108100112,2,3,3
3,2,2,1,1.69571853600064,2.22420532099932,2,1,NaN
3,4,2,1,1.62282410000262,1.93576713800212,2,1,NaN
3,2,2,1,1.46409484400283,1.8322021740023,2,1,NaN
3,4,3,1,1.55135720099861,2.17529803700018,2,1,NaN
3,3,3,1,1.44775612100057,1.95932390599773,2,1,NaN
3,2,2,1,1.76920264699947,2.55289214400182,2,1,NaN
3,4,2,1,2.1777847159974,2.49833126599697,2,1,NaN
3,2,2,1,1.45313566199911,1.76892538000175,2,1,NaN
3,2,2,1,1.41398305900293,1.73524274600277,2,1,NaN
3,3,3,1,1.04034254200087,1.35159539099914,2,1,NaN
3,4,2,1,1.19409099599943,1.50131987900022,2,1,NaN
3,3,3,1,1.21445169500294,1.53515663000144,2,1,NaN
3,4,3,1,1.21681489500043,1.53514122300112,2,1,NaN
3,2,2,1,1.49155969999993,1.80206160399757,2,1,NaN
3,4,3,1,1.38702736599953,1.70196746900183,2,1,NaN
3,3,3,1,1.63946337300149,1.95218006400319,2,1,NaN
3,1,2,1,1.17638238500149,1.48499241399986,2,1,NaN
3,3,3,1,1.64484384800016,2.10908920099973,2,1,NaN
3,2,2,1,1.49633730099958,2.12036674499905,2,1,NaN
3,4,4,1,1.53947195799992,1.85220165500141,2,1,NaN
3,4,3,1,1.70458222800153,2.01900092300275,2,1,NaN
3,2,2,1,1.28770903699842,1.60177297499831,2,1,NaN
3,2,2,1,1.27154496100047,1.58527975199831,2,1,NaN
3,3,3,1,1.43237111000053,1.75204037900039,2,1,NaN
3,1,3,1,2.2417686680019,3.02548781299993,2,1,NaN
3,3,3,1,1.2233976489988,1.57514477500081,2,1,NaN
3,2,2,1,1.49647912900036,1.88046153100004,2,1,NaN
3,3,3,1,0.973440760997619,1.30953543099895,2,1,NaN
3,4,2,1,1.67377409899927,1.98573012699853,2,1,NaN
3,3,3,1,1.09758930800308,1.41826347500319,2,1,NaN
3,3,3,1,1.12157522199777,1.43511712199688,2,1,NaN
3,4,3,1,2.29584243299905,2.90382067999963,2,1,NaN
3,3,2,1,1.47423526200146,2.35472724300053,2,1,NaN
3,3,3,1,0.963740618000884,1.28495204100182,2,1,NaN
3,1,3,1,1.9204148960016,2.44845186800012,2,1,NaN
3,1,3,1,2.72533205099899,3.92517569600022,2,2,3
3,3,3,2,1.70180528799756,2.58113868299915,2,2,4
3,4,2,2,2.22204818999671,3.13422748699668,2,2,2
3,1,2,1,2.78310370800318,3.88704850800059,2,2,2
3,4,3,1,2.00130498900035,2.31911890000265,2,2,3
3,4,1,1,1.97178623900254,2.28594020899982,2,2,1
3,3,2,1,1.75203820099705,2.15199244299947,2,2,2
3,3,3,1,1.42468319100226,1.84141405500122,2,2,4
3,4,1,1,2.58359405800002,3.15885321300084,2,2,1
3,1,3,1,2.42383779699958,2.75980390099721,2,2,3
3,1,2,2,1.91240882999773,2.23601199399855,2,2,2
3,4,1,1,1.86994904200037,2.18582612899991,2,2,1
3,3,3,1,1.94136147500103,2.25252439400356,2,2,2
3,3,3,1,2.04295927199928,2.35248185000091,2,2,1
3,3,3,1,1.29206661799981,1.60173676299746,2,2,1
3,2,2,1,1.18030616100077,1.77186218499992,2,2,1
3,2,2,3,1.1890997340015,1.57277080700078,2,2,1
3,4,4,2,2.59760150500006,2.98208798400083,2,2,3
3,2,2,2,1.35795548600072,1.66840014599802,2,2,1
3,2,2,2,1.30669456800024,1.61848277199897,2,2,3
3,3,3,1,1.62600959799965,1.93549953200272,2,2,1
3,2,2,2,1.74086081999849,2.30002327399779,2,2,3
3,2,2,2,1.7753852470014,2.08566535199861,2,2,4
3,1,2,2,1.35528483900271,1.66855209900314,2,2,2
3,3,2,2,1.73642525499963,2.05236846499974,2,2,2
3,1,3,2,2.21389031099898,3.63842732400008,2,2,3
3,3,3,2,1.47390246800205,4.4658663850023,2,2,1
3,1,4,1,2.81350024800122,3.13702227199974,2,2,4
3,3,3,2,1.37396387399713,1.68526501199813,2,2,1
3,4,2,2,1.9306674249965,2.26695851299883,2,2,2
3,2,2,2,1.26276966799924,1.58507969700077,2,2,4
3,4,2,2,1.45532824899783,1.80760016599743,2,2,2
3,4,1,2,1.38353066199852,1.70202821400017,2,2,1
3,1,2,2,1.39513865299887,1.71857125400129,2,2,2
3,1,1,2,2.33437804200003,2.65297807699972,2,2,3
3,3,3,3,1.19395999600238,1.99397264900108,1,3,2
3,3,3,3,1.14551715500056,1.70576001399968,1,3,2
3,3,3,3,1.49362249800106,1.97366758900171,1,3,2
3,3,3,4,1.11080039499939,1.60655095499897,1,3,2
3,2,2,1,1.59067429300194,1.94253632800246,1,3,3
3,3,3,2,1.48035490500115,1.81650355500096,1,3,2
3,2,3,2,1.53564207499949,1.85233409600187,1,3,3
3,3,3,2,1.34872764199827,1.81317907500124,1,3,2
3,2,2,2,1.35646967600042,1.66871990000072,1,3,3
3,2,2,2,1.04972614399958,1.36822064900116,1,3,3
3,2,3,1,1.45832396499827,2.01851240199903,1,3,3
3,3,3,1,2.00087006300237,2.31904364599905,1,3,2
3,2,2,2,1.18699634499717,1.61918563499785,1,3,3
3,3,3,1,1.2503442950001,1.56852331600021,1,3,2
3,3,3,2,0.947646554999665,1.34744917399803,1,3,2
3,2,2,1,1.35872766200191,1.7429416820014,1,3,3
3,3,3,2,0.936582288999489,1.25129160399956,1,3,2
3,2,2,2,1.07874819199787,1.41521345900037,1,3,3
3,2,2,2,1.26339769500191,1.58519071400224,1,3,3
3,2,2,3,0.992096084002696,1.32761863000269,1,3,3
3,2,2,2,0.971078545000637,1.43531110800177,1,3,3
3,2,2,2,1.42633095700148,1.73528662800163,1,3,3
3,3,3,2,1.14892448799947,1.46837025300192,1,3,2
3,3,3,2,1.00990406200071,1.31812126899968,1,3,2
3,2,2,2,1.19633887199961,1.51831266099907,1,3,3
3,3,2,1,1.31183799500286,1.92003117900094,1,3,2
3,3,3,2,1.21901983999851,1.53525307200107,1,3,2
3,3,3,2,1.17319717600185,1.48506430099951,1,3,2
3,3,3,2,1.06586587299898,1.54615552399991,1,3,2
3,3,2,2,1.0367089839965,1.6773266909986,1,3,2
3,3,3,2,1.14610705599989,1.46826166200117,1,3,2
3,3,3,2,1.67994260400155,2.00237677300174,1,3,2
3,2,2,2,1.08651068000108,1.55084899400026,1,3,3
3,3,3,2,1.08920923099868,1.40186459599863,1,3,2
3,2,2,2,0.936621263001143,1.2726435959994,1,3,3
3,4,4,2,2.37006060099884,2.94545308200031,2,3,3
3,3,3,2,1.61129913100012,1.93559952499709,2,3,4
3,3,3,2,1.00478944399947,1.31815577000089,2,3,4
3,3,3,2,0.873076348001632,1.18464611500167,2,3,4
3,3,3,2,0.969739192998532,1.28488124999785,2,3,4
3,4,4,2,0.838382991001708,1.15146488100072,2,3,3
3,4,3,2,0.953160987002775,1.26803950400063,2,3,3
3,3,3,3,0.854787731997931,1.27048769299654,2,3,4
3,4,4,2,1.36330548299884,2.03524950999781,2,3,3
3,3,3,2,0.81797682099932,1.16957217399977,2,3,4
3,4,4,1,1.50726968900199,1.82691274000172,2,3,3
3,4,4,3,1.08239731300273,1.57816118200208,2,3,3
3,4,4,1,1.5633509420004,1.88519453999834,2,3,3
3,4,3,1,1.44003471700125,1.75200186599977,2,3,3
3,3,3,2,1.08169889900091,1.5132951830019,2,3,4
3,3,3,2,1.0691692520013,1.42060127800141,2,3,4
3,4,3,1,1.89212843999849,2.45226543899844,2,3,3
3,3,3,1,1.12111001700032,1.50477973800298,2,3,4
3,4,3,1,1.60474464899744,1.91858091899849,2,3,3
3,4,4,1,1.88031748600042,2.20245078000153,2,3,3
3,4,3,2,1.15164323499994,1.53527888499957,2,3,3
3,3,3,2,1.07394708100037,1.38487042199995,2,3,4
3,3,3,2,0.922590446996765,1.23482888299986,2,3,4
3,4,4,1,1.19399534400145,1.50190629700228,2,3,3
3,4,4,1,1.46942879899871,2.03007743299895,2,3,3
3,4,4,1,1.10068864400091,1.61274158000015,2,3,3
3,3,3,1,0.972770692002086,1.35600845199951,2,3,4
3,3,4,1,1.28626803100269,1.87839441000324,2,3,4
3,3,3,2,0.795661473999644,1.33914980500049,2,3,4
3,4,4,1,1.15855762099818,1.46831997700065,2,3,3
3,3,3,1,0.811745071001496,1.1641331460014,2,3,4
3,3,3,2,1.03849190699839,1.35186395499841,2,3,4
3,4,4,1,1.14430131999688,1.46832835399982,2,3,3
3,3,3,2,1.11719751800047,1.43481223600247,2,3,4
3,3,4,2,1.58784785199896,2.65998029399998,2,3,4
3,1,1,1,1.9990703020012,2.83073722100016,2,2,4
3,1,2,1,2.17286144600075,2.48630963300093,2,2,2
3,4,3,1,2.08741398299753,2.40271985999789,2,2,3
3,4,4,1,1.55918475399812,1.86865375299749,2,2,2
3,2,2,1,1.62775823599804,1.95242648099884,2,2,4
3,2,2,1,1.13348174900239,1.4533588810009,2,2,4
3,4,2,1,1.33160397900065,1.65173452399904,2,2,2
3,1,3,1,1.55300509700101,1.92158198199832,2,2,3
3,4,2,1,2.62807038100073,3.58785277800052,2,2,2
3,1,2,1,2.14638854499935,2.64257043599719,2,2,2
3,3,3,1,2.16750244899958,2.48611101099959,2,2,4
3,2,2,2,1.4746843690009,1.85887283500051,2,2,4
3,1,2,1,1.92857689100128,2.37675519299955,2,2,2
3,1,1,1,2.08854725099809,2.40257467300034,2,2,4
3,2,2,2,1.15979036399949,1.46818757800065,2,2,3
3,1,2,2,1.38868411899966,1.70194790900132,2,2,3
3,1,2,1,1.52904050899815,1.91316242599714,2,2,2
3,3,3,2,1.19618883400108,1.51849325399962,2,2,4
3,1,3,2,1.47230486300032,1.78580752000198,2,2,3
3,1,1,1,2.45587015100318,2.90430942900275,2,2,3
3,4,3,1,2.2422779610024,2.73863695999898,2,2,3
3,2,2,2,1.28335973700086,1.60161852500096,2,2,3
3,2,2,2,1.42735653499767,1.73527200199896,2,2,1
3,1,2,1,2.01437788199837,2.59035184399909,2,2,2
3,3,3,2,1.19007958799921,1.50171713600139,2,2,1
3,1,2,1,1.40211175399963,1.71880199700172,2,2,2
3,3,3,3,1.38072292799916,1.70190198799901,2,2,2
3,3,3,3,1.39288955699885,2.03252179999981,2,2,4
3,3,3,3,1.56728640000074,1.88552903600066,2,2,2
3,3,3,3,1.39538097199693,1.71859085499818,2,2,1
3,2,2,3,2.09511657199982,2.41967641999872,2,2,1
3,4,4,1,2.46096272300201,2.769734548001,2,2,1
3,2,2,3,1.21257755500119,1.53509120099989,2,2,1
3,4,4,1,2.31884809999974,2.76653485499992,2,2,1
3,3,3,2,1.85579134400177,2.16916913000023,2,2,1
3,3,3,1,1.56683738599895,1.95093826700031,2,1,NaN
3,1,2,1,1.56881331000113,1.88542243499978,2,1,NaN
3,3,3,1,1.38075650900282,2.10023028300202,2,1,NaN
3,2,2,1,1.24811255699751,1.96828860299865,2,1,NaN
3,4,3,1,2.01701393599797,2.59310903900041,2,1,NaN
3,4,4,1,2.02365522699984,2.33614080999905,2,1,NaN
3,4,2,1,2.37736186899929,2.69686239899966,2,1,NaN
3,1,2,1,1.45283438099796,1.76877851699828,2,1,NaN
3,3,3,2,1.44571519599776,1.90982066599827,2,1,NaN
3,2,2,1,1.09776720700029,1.64117971000087,2,1,NaN
3,3,3,1,1.84739365499991,2.27976311200109,2,1,NaN
3,4,3,1,2.09205104200009,2.50814781000008,2,1,NaN
3,4,2,1,1.7670702730029,2.08566044700274,2,1,NaN
3,1,2,1,1.73156889399979,2.05250314400109,2,1,NaN
3,4,4,1,1.71252608299983,2.03566845199748,2,1,NaN
3,2,2,1,1.37479400099983,1.68525795499954,2,1,NaN
3,1,1,1,1.70753130199955,2.01911418199961,2,1,NaN
3,1,2,1,1.49817955499748,2.07378746500035,2,1,NaN
3,1,3,1,1.84652551399995,2.16897915899972,2,1,NaN
3,3,3,2,1.31128903900026,1.63510735800082,2,1,NaN
3,3,3,2,1.42181990099925,1.74148340300235,2,1,NaN
3,4,4,1,1.97600260900072,2.28597236399946,2,1,NaN
3,2,2,1,1.30818950199682,1.61850362599944,2,1,NaN
3,3,3,1,1.46738993899999,1.78541057100301,2,1,NaN
3,4,2,1,1.82663304500238,2.13571346900062,2,1,NaN
3,4,2,1,1.66037445199981,3.43707905100018,2,1,NaN
3,4,2,1,1.85730624999997,2.16904259099829,2,1,NaN
3,3,3,1,1.33806439600085,1.6519689600027,2,1,NaN
3,4,2,1,1.39989561000039,1.71859017899988,2,1,NaN
3,4,4,1,1.53879271800179,2.29106615400087,2,1,NaN
3,1,3,1,1.41449430399734,1.76671940300002,2,1,NaN
3,3,3,1,1.61618282400013,1.93553460700059,2,1,NaN
3,1,2,1,1.66534645699721,1.98556523699881,2,1,NaN
3,4,3,1,1.90537842699996,2.21921623899834,2,1,NaN
3,1,2,1,1.41559546999997,1.75195507999888,2,1,NaN
3,2,2,1,1.39277206999759,1.70194466400062,2,2,4
3,1,2,1,2.04466461699849,2.3525386149995,2,2,2
3,2,2,1,1.2296251350017,1.55172483200295,2,2,3
3,4,2,1,1.08734836499934,1.4877920910003,2,2,2
3,1,2,1,1.5403247610011,1.85193993000212,2,2,2
3,2,2,1,1.20934702199884,1.51819470000191,2,2,1
3,3,3,1,1.22946091400081,2.23704910000015,2,2,1
3,1,2,1,1.90722144599931,2.29121536000093,2,2,2
3,3,3,2,1.36716787299883,1.68535862800127,2,2,1
3,1,2,1,1.77919443700011,2.13078872400001,2,2,2
3,4,4,1,2.47795780899833,2.79782543599867,2,2,1
3,4,1,1,2.4135197329997,3.18086429600226,2,2,1
3,4,4,1,1.61301589399955,1.93581973499749,2,2,1
3,1,1,1,2.83040469200205,3.15349279200018,2,2,3
3,1,3,1,2.49515862800035,2.80310319300042,2,2,3
3,2,2,2,2.28583798799809,2.9891268479987,2,2,4
3,2,2,3,1.41270167199764,1.78086180199898,2,2,4
3,3,3,3,1.32590567299849,1.63519743399956,2,2,1
3,2,2,3,1.48439839699859,1.80207868599973,2,2,4
3,3,3,3,1.2678703040001,2.11571592399923,2,2,2
3,2,2,3,1.18340449099924,1.50182072999814,2,2,1
3,3,3,3,1.18730425700051,1.50185413600047,2,2,4
3,2,2,3,1.57524976999775,1.88537815299787,2,2,4
3,4,4,3,1.80350748199999,2.11911523199888,2,2,2
3,1,3,2,3.0779689780029,3.38707829000123,2,2,3
3,3,3,3,1.35630863700135,1.6684959009981,2,2,2
3,1,2,2,1.88078102100189,2.2026294870011,2,2,2
3,1,1,2,1.76070822099791,2.06889877800131,2,2,4
3,3,2,3,1.80517833200065,2.11912640700029,2,2,4
3,2,4,2,1.73575022899968,2.59943439999915,2,2,4
3,4,2,2,1.51951631199699,2.23919438299708,2,2,2
3,4,2,1,2.02108552700156,2.33608652000112,2,2,2
3,1,2,1,2.51848022600097,2.83655354499933,2,2,2
3,1,2,1,1.89171839299888,2.20243692700024,2,2,2
3,1,1,1,2.47505032799745,2.78645832999973,2,2,4
3,1,1,1,1.85712109999804,2.43328525999823,1,3,2
3,2,2,1,1.50322240499736,1.83995195699754,1,3,1
3,1,1,1,1.10964088299806,1.41798670799835,1,3,2
3,2,2,1,0.589183334999689,1.00568488800127,1,3,1
3,1,2,1,1.30221791999793,1.61881336199804,1,3,2
3,2,2,1,0.917203031000099,1.23480405599912,1,3,1
3,2,2,1,0.947597490001499,1.26819897400128,1,3,1
3,1,2,1,1.31359812299706,1.63522867099891,1,3,2
3,1,1,1,1.1362958460013,1.45172392500172,1,3,2
3,2,2,2,0.806087963999744,1.11803222800154,1,3,1
3,2,2,3,0.858125500999449,1.35424241299916,1,3,1
3,2,2,4,1.49187106500176,1.80201010300152,1,3,1
3,2,2,4,0.954944372999307,1.86689319799916,1,3,1
3,1,2,2,1.82366994699987,2.78367009200156,1,3,2
3,1,1,1,1.51877122299993,1.83561844499854,1,3,2
3,1,2,1,1.15658227799941,1.46824880200074,1,3,2
3,1,1,1,1.49733140000171,2.48930022499917,1,3,2
3,1,1,1,1.47688121400279,1.84554963200208,1,3,2
3,2,2,4,1.13116414099932,1.46764692400029,1,3,1
3,2,2,4,0.929171534000488,1.25166260600236,1,3,1
3,2,2,4,0.975065136000921,1.28464071500275,1,3,1
3,2,2,4,0.988291379999282,1.30152687399823,1,3,1
3,1,1,1,2.03951928900278,2.35253254800045,1,3,2
3,2,2,2,1.06442816300114,1.40076368500013,1,3,1
3,1,1,1,1.31276964599965,2.08098318100019,1,3,2
3,1,1,1,1.34141024500059,1.66197981000005,1,3,2
3,2,2,3,0.955604745999153,1.3068871109972,1,3,1
3,2,2,2,0.839482912997482,1.15141587299877,1,3,1
3,1,1,1,1.09705468200264,1.41815193200091,1,3,2
3,1,1,1,1.12052736500118,1.43497642100192,1,3,2
3,1,1,1,1.17503650800063,1.86371757400047,1,3,2
3,2,2,3,1.0531377949992,1.3682570480014,1,3,1
3,2,2,3,0.821290326999588,1.13462236199848,1,3,1
3,1,1,1,1.06516107100106,1.67278910300229,1,3,2
3,2,1,3,0.886051609999413,1.20616229000007,1,3,1
3,3,3,3,1.42080684800021,1.73535236600219,2,1,NaN
3,1,3,1,1.38381469300293,1.70194569100204,2,1,NaN
3,4,3,1,1.28305041500062,1.60228441099753,2,1,NaN
3,4,3,1,1.17063744199913,1.4851081300003,2,1,NaN
3,3,3,1,1.04682993199822,1.36811980899802,2,1,NaN
3,3,3,1,1.10373899999831,1.4181389080004,2,1,NaN
3,3,3,1,1.20734293699934,1.51817482700062,2,1,NaN
3,1,1,1,1.48231980100172,2.41072730100132,2,1,NaN
3,2,2,1,1.2738038009993,1.68982697699903,2,1,NaN
3,3,3,2,0.902495405000082,1.23843153499911,2,1,NaN
3,2,2,1,1.18899630399756,1.50158033899788,2,1,NaN
3,2,2,1,1.08074129600209,1.40163553200182,2,1,NaN
3,3,3,2,1.07318224199844,1.42502938799953,2,1,NaN
3,2,2,2,1.20895651899991,1.51841398200122,2,1,NaN
3,3,3,2,1.1156536089984,1.4348630659988,2,1,NaN
3,1,3,1,1.90708436899877,2.57889968699965,2,1,NaN
3,2,3,1,1.05084648999764,2.29842013499729,2,1,NaN
3,2,2,1,1.43854310200186,1.77466992100017,2,1,NaN
3,4,2,1,1.6399142290029,1.97540943700005,2,1,NaN
3,1,1,2,1.09657571199932,1.46458691700172,2,1,NaN
3,1,3,1,1.67857226400156,2.00234731900127,2,1,NaN
3,4,4,1,1.54986681399896,1.86876687699987,2,1,NaN
3,4,3,1,1.76274286899934,2.08584855200024,2,1,NaN
3,3,3,1,1.34291236400168,1.65188143200066,2,1,NaN
3,1,2,1,1.70861778900144,2.01912441899913,2,1,NaN
3,4,4,1,1.22715174699988,1.53488369700062,2,1,NaN
3,3,3,2,1.50271226199766,2.18981576299848,2,1,NaN
3,4,2,1,1.95818307199806,2.26947533400016,2,1,NaN
3,1,2,1,1.94687090200023,2.26927621399955,2,1,NaN
3,2,2,3,1.77470531799918,2.67086404899965,2,1,NaN
3,1,3,2,1.12258822999866,1.43482015299742,2,1,NaN
3,2,2,3,1.24152359100117,1.59431334500186,2,1,NaN
3,2,3,1,1.65853669599892,1.96882152800026,2,1,NaN
3,3,3,2,1.14693654000075,1.46832782600177,2,1,NaN
3,2,2,3,0.912380777997896,1.23471241099833,2,1,NaN
3,2,2,2,1.08105344000069,1.40151544599939,2,1,NaN
3,1,2,2,1.34489511300126,1.66861444599999,2,1,NaN
3,2,2,1,0.974345628001174,1.28473594100069,2,1,NaN
3,2,2,1,0.795414566997351,1.11800566400052,2,1,NaN
3,4,4,1,1.16740135299915,1.48497456999758,2,1,NaN
3,1,1,1,1.12355740000203,1.43493362500158,2,1,NaN
3,3,3,1,1.59460978499919,1.91894213900014,2,1,NaN
3,4,1,1,1.7732484420012,2.08574052300173,2,1,NaN
3,2,2,1,1.289253207,1.60183739799686,2,1,NaN
3,2,2,1,1.00091288800104,1.3181631869993,2,1,NaN
3,1,2,1,1.23696957700304,1.55181424200055,2,1,NaN
3,2,2,1,0.77479558900086,1.08446946399999,2,1,NaN
3,1,3,1,1.78724227999919,2.10236972100029,2,1,NaN
3,4,2,1,0.950584329999401,2.45446505500149,2,1,NaN
3,4,2,1,1.01164033600071,1.61952005700005,2,1,NaN
3,2,3,1,1.858213143998,2.32242105700061,2,1,NaN
3,2,2,1,1.20480750999923,1.55729204099771,2,1,NaN
3,3,3,1,1.33558434799852,1.65192845599813,2,1,NaN
3,3,3,1,0.93225098000039,1.25137858699964,2,1,NaN
3,1,2,1,1.04263473000174,1.35151553800097,2,1,NaN
3,1,3,1,1.11670724100259,1.43495905999953,2,1,NaN
3,3,3,1,0.931022542001301,1.25148796600115,2,1,NaN
3,1,3,1,1.08924993900291,1.40162617500027,2,1,NaN
3,2,2,1,0.953582576999906,1.26816177200089,2,1,NaN
3,2,2,1,1.06341010999677,1.59148060299776,2,1,NaN
3,1,3,1,1.76811135699973,2.08578788999876,2,1,NaN
3,2,2,1,1.18804692299818,1.50175583599776,2,1,NaN
3,2,2,1,1.0795504350026,1.84765017000245,2,1,NaN
3,4,2,1,1.91802880800242,2.23594784000306,2,1,NaN
3,2,2,1,0.772247260996664,1.66856452599677,2,1,NaN
3,3,3,1,0.913552007001272,1.23479944100109,2,1,NaN
3,1,2,1,1.7122423389992,2.03577224999754,2,1,NaN
3,1,2,1,1.21445932999995,1.78996010999981,2,1,NaN
3,3,4,1,1.3505921520009,1.66871346399785,2,1,NaN
3,1,2,1,0.932273243000964,1.25140318999911,2,1,NaN
3,4,4,1,1.00131912899815,1.31821609300096,2,3,1
3,4,4,1,1.26806529100213,1.58504818599977,2,3,1
3,1,1,1,0.756906123999215,1.06789324300189,2,3,4
3,4,4,1,0.570335344000341,0.884469667998928,2,3,1
3,1,1,1,0.728143048003403,1.05125302200031,2,3,4
3,4,4,1,0.526924383000733,0.851038324999536,2,3,1
3,4,4,1,0.685606734998146,1.24518271499983,2,3,1
3,4,4,1,1.08468046100097,1.40168747200005,2,3,1
3,4,4,1,0.500742598000215,0.8176307299982,2,3,1
3,4,4,1,0.59619294499862,0.917778166996868,2,3,1
3,4,4,1,0.496201234000182,0.817710450002778,2,3,1
3,4,4,1,0.76801081099984,1.08448927599966,2,3,1
3,4,4,1,0.805076446002204,1.11798814299982,2,3,1
3,1,1,1,0.856740454000828,1.16798457700133,2,3,4
3,4,4,1,0.682492381001794,1.29060205800124,2,3,1
3,1,1,1,0.871248169001774,1.20735889400021,2,3,4
3,1,4,1,0.648204556000564,0.967990377001115,2,3,4
3,4,4,1,0.625379221000912,0.934395746000519,2,3,1
3,4,4,1,0.525301232999482,0.834267165999336,2,3,1
3,4,4,1,0.668732201000239,1.00393784800326,2,3,1
3,4,4,1,0.533080150002206,0.851105254001595,2,3,1
3,4,4,1,0.500925008000195,0.817592947001685,2,3,1
3,4,4,1,0.819879938000668,1.13470391300143,2,3,1
3,1,1,1,0.646595110996714,0.998751993000042,2,3,4
3,1,4,1,0.89602468099838,1.26433797899881,2,3,4
3,4,4,1,0.686311094999837,1.0013054680021,2,3,1
3,1,1,1,0.823254835999251,1.14306319900061,2,3,4
3,4,4,1,0.585841688000073,0.901176743998803,2,3,1
3,1,1,1,0.886473259997729,1.2015264469992,2,3,4
3,4,4,1,0.727032214999781,1.05111055499947,2,3,1
3,1,4,1,0.956279392001306,1.26815756200085,2,3,4
3,4,1,1,0.90648847200282,1.21796660800101,2,3,1
3,1,4,1,0.745167281998874,1.06797476399879,2,3,4
3,1,1,1,0.70312918000127,1.01795812600176,2,3,4
3,4,4,3,0.695330104997993,1.04709338999965,2,3,1
3,1,1,3,1.39659249199758,1.71861785099827,2,2,3
3,4,4,2,2.28790168100022,2.60305365800014,2,2,1
3,2,2,2,1.46321200799866,1.78592336899965,2,2,1
3,1,1,1,1.90345475700087,2.25522155300132,2,2,3
3,2,2,2,1.34835256199949,1.66848372099776,2,2,3
3,1,2,2,2.11347041900081,2.43610596800136,2,2,2
3,4,4,1,2.11091696900257,2.41937313699964,2,2,3
3,2,2,2,1.13376256600168,1.45168762700268,2,2,4
3,4,1,1,2.05171850600163,2.36934495600144,2,2,1
3,2,2,2,1.04390343399791,1.35165713999959,2,2,1
3,4,2,2,1.80583744799878,2.11898728799861,2,2,2
3,1,3,2,2.5848636610026,3.0489907370029,2,2,3
3,4,3,1,2.22190864399818,3.08566636199976,2,2,3
3,1,1,1,2.00071210799797,2.3366962809996,2,2,3
3,1,1,1,2.0021744149999,2.35446857400166,2,2,2
3,2,2,2,1.21956759200111,1.53533157000129,2,2,3
3,1,1,1,1.54199837300257,1.85200244500083,2,2,2
3,4,2,1,2.45954953100227,2.76973785900191,2,2,2
3,4,1,1,2.26672318999772,2.58620985499874,2,2,1
3,2,2,1,1.65061353700003,2.33825060999879,2,2,4
3,2,2,2,1.71623864399953,2.24435631399683,2,2,4
3,3,3,3,1.25804437199986,2.18632877299751,2,2,2
3,1,3,2,2.0816919079989,2.44978842899945,2,2,3
3,4,4,3,1.47131771800196,1.96795140700124,2,2,2
3,1,2,1,1.40837612599717,1.7183924839992,2,2,2
3,4,1,1,2.23544414699791,2.61977178299639,2,2,1
3,4,1,2,1.00955257900205,1.31805856700157,2,2,2
3,3,3,2,1.13304949400117,1.58107562300211,2,2,2
3,2,2,1,1.00684975699915,1.66238864700063,2,2,3
3,3,3,2,1.10043274199779,1.41848766899784,2,2,2
3,1,1,1,1.76387235600123,2.08579030700275,2,2,2
3,3,3,2,1.18367186699834,1.50168355699861,2,2,4
3,4,2,1,1.20389366400195,1.51842068100086,2,2,2
3,3,3,3,1.28736287900028,1.60166063200086,2,2,4
3,1,3,1,1.70286389000103,2.37509835400124,2,2,3
3,4,4,2,0.935011883997504,1.27082850199804,2,3,2
3,4,4,2,1.06111330800195,1.38493167500201,2,3,2
3,2,2,1,0.781690163999883,1.10128558100041,2,3,4
3,2,2,1,0.625718231000064,0.93460935999974,2,3,4
3,4,4,2,0.797244481000234,1.11792694999895,2,3,2
3,4,2,1,1.00929845399878,1.3181212290001,2,3,2
3,4,4,1,0.860849608998251,1.18478500600031,2,3,2
3,4,2,1,1.21416140400106,1.53512294100074,2,3,2
3,2,2,1,0.800457841000025,1.1179336560017,2,3,4
3,4,4,1,1.04423147900161,1.36835458499991,2,3,2
3,2,2,2,0.717857826999534,1.13330456300173,2,3,4
3,2,2,2,0.752769488000922,1.06794588200137,2,3,4
3,2,2,2,0.82290202799777,1.33461814299881,2,3,4
3,2,2,2,0.64169702000072,0.951170939002623,2,3,4
3,4,4,1,1.1474789870008,1.46836820400131,2,3,2
3,4,4,1,0.977564205997624,1.30144585000016,2,3,2
3,2,2,2,0.66975815999831,1.03724300599788,2,3,4
3,4,4,1,0.964182053001423,1.28460728500067,2,3,2
3,2,2,1,0.833024359002593,1.15145536100317,2,3,4
3,2,4,1,1.13944718299899,1.47584745899803,2,3,4
3,2,2,1,0.504843694001465,0.817516910999984,2,3,4
3,2,2,1,0.500817456999357,0.817629597997438,2,3,4
3,2,2,1,0.500911497001653,1.11259763899943,2,3,4
3,2,2,1,0.541397238001082,0.850967889000458,2,3,4
3,2,2,1,0.500881959000253,0.817516024002543,2,3,4
3,4,4,1,0.955858877001447,1.26814689700041,2,3,2
3,2,4,1,0.66545588399822,2.20205575699947,2,3,4
3,4,4,1,0.880443166999612,1.2012164129992,2,3,2
3,4,2,1,0.9613591419984,1.284873083001,2,3,2
3,2,2,1,0.500646897999104,1.02200586400068,2,3,4
3,2,2,2,0.500774282998464,0.817777293999825,2,3,4
3,4,2,1,1.22194467100053,1.53504654100107,2,3,2
3,4,2,1,1.1611424900002,1.48507974200038,2,3,2
3,4,2,1,1.30980497900237,1.61848447800003,2,3,2
3,4,3,2,1.14884519399857,2.39622436999707,2,3,2
3,2,3,1,1.15514509200148,1.46827881900026,2,1,NaN
3,2,3,1,1.14468998400116,1.46837854700061,2,1,NaN
3,4,2,1,1.13394037899707,1.45167977699748,2,1,NaN
3,4,2,1,1.07605256099851,1.38495301099829,2,1,NaN
3,1,1,1,1.22838413200225,1.55186844200216,2,1,NaN
3,1,1,1,1.18270038499759,1.50173498499862,2,1,NaN
3,3,3,1,0.914586209000845,1.23477236899998,2,1,NaN
3,3,3,1,1.26596773799974,1.58507745199677,2,1,NaN
3,1,1,1,1.68197407900152,2.80221844700282,2,1,NaN
3,4,3,1,1.63274525599991,1.95205200499913,2,1,NaN
3,2,2,1,1.25063675999991,1.56843312600176,2,1,NaN
3,1,1,1,1.23551496499931,1.55170454299878,2,1,NaN
3,4,2,1,1.54115214199919,1.86055192600179,2,1,NaN
3,4,2,1,1.97835956100243,2.30275250500199,2,1,NaN
3,1,3,1,1.05328692499825,1.36823202300002,2,1,NaN
3,4,4,1,1.2231461299998,1.53515605099892,2,1,NaN
3,4,4,1,1.09728149200237,1.41832894199979,2,1,NaN
3,2,2,2,0.928840050000872,1.34426264900321,2,1,NaN
3,2,2,2,0.90649811899857,1.21801576700091,2,1,NaN
3,1,1,1,1.30598682799973,1.6187224589994,2,1,NaN
3,2,3,1,1.27299808899988,1.58505856299962,2,1,NaN
3,3,3,1,1.16121558500163,1.48511474599945,2,1,NaN
3,3,2,1,1.87016364100054,2.18595917900166,2,1,NaN
3,3,3,1,1.30148118099896,1.618488969998,2,1,NaN
3,2,2,2,1.23686833900138,1.55183585600025,2,1,NaN
3,1,1,1,1.14307800399911,1.45154549799918,2,1,NaN
3,1,2,1,1.51736384600008,1.83538834299907,2,1,NaN
3,1,2,1,1.61948027300241,1.93548092300261,2,1,NaN
3,4,4,2,1.15802234200237,1.49380318700059,2,1,NaN
3,3,3,1,1.27437605899831,1.5849434169977,2,1,NaN
3,2,2,2,0.778784874997655,1.10151293499803,2,1,NaN
3,3,3,2,0.943305723001686,1.25137936000101,2,1,NaN
3,4,4,1,1.21396310199998,1.53510465100044,2,1,NaN
3,1,2,2,1.12011729599908,1.43507466099982,2,1,NaN
3,3,2,1,1.2865140540016,1.60194631900231,2,1,NaN
3,2,2,1,1.2940401349988,1.61854912299896,2,2,1
3,1,1,1,2.12432857900058,2.43606913400072,2,2,4
3,2,2,2,1.14562934100104,2.2501231990027,2,2,3
3,1,1,1,1.95199737600342,2.26933704800103,2,2,4
3,1,1,1,1.89176619700083,2.20232289699925,2,2,4
3,2,2,3,1.17882295800155,1.50179785799992,2,2,3
3,2,2,3,1.19886938099808,1.51824280199799,2,2,1
3,4,4,2,1.61775773100089,1.96991176099982,2,2,1
3,2,2,3,1.04260671799784,1.35144496700013,2,2,4
3,2,2,2,1.59649107499718,1.91887975699865,2,2,1
3,4,4,2,1.45626162600092,1.77543637800045,2,2,2
3,1,1,2,1.16037476999918,1.46821992900004,2,2,2
3,3,3,3,1.14983538800152,1.46832466200067,2,2,1
3,4,3,3,1.49193791899961,1.80202342399934,2,2,3
3,4,2,1,2.61898428100176,3.16285197999969,2,2,2
3,2,2,2,1.38780877300087,1.70211300099982,2,2,3
3,1,1,3,1.36717732400211,1.68521112500093,2,2,3
3,3,3,2,1.50754675900316,2.01998503000141,2,2,2
3,3,3,2,1.45875494400025,1.76874617500289,2,2,1
3,4,1,1,2.49169347499992,2.80319718600003,2,2,1
3,4,1,1,1.62623209400044,2.66610095400029,2,2,1
3,3,3,2,1.13493153400123,1.45175548300176,2,2,4
3,1,1,2,1.63701231199957,2.05314936099967,2,2,3
3,2,2,3,1.31454571499853,1.63510764699822,2,2,3
3,3,3,3,1.29582523299905,2.57638775799933,2,2,4
3,2,2,3,1.59231802099748,1.90218084099979,2,2,4
3,1,2,2,1.62769559900335,1.93533779000063,2,2,2
3,4,3,2,1.71020268799839,2.01872421000007,2,2,3
3,3,4,1,1.66093440199984,2.70087582999986,2,2,1
3,4,1,1,2.63991450100002,2.95336842300094,2,2,1
3,4,4,1,1.65668092299893,1.96887658600099,2,2,2
3,3,3,3,1.57721049199972,1.88535727999988,2,2,4
3,3,3,2,1.45404429900009,1.76859862299898,2,2,4
3,1,1,1,2.05475509700045,2.36923469999965,2,2,4
3,4,4,2,1.57536220199836,1.94306948899975,2,2,3
4,4,4,4,1.76490069799911,2.08570242100177,2,2,2
4,1,1,4,1.48884763400201,1.8021347540016,2,2,3
4,4,4,4,3.04793467499985,3.37042995400043,2,2,3
4,4,4,4,1.58320447900041,1.90256504199715,2,2,3
4,2,2,4,2.46615596799893,2.78632883300088,2,2,1
4,4,3,4,3.21743785799845,3.53739037299965,2,2,3
4,1,1,4,2.00208215599923,2.3192951509991,2,2,3
4,4,4,4,1.4120757669989,1.73533060999762,2,2,3
4,2,2,4,1.63084444099877,1.95227636300115,2,2,4
4,4,4,4,1.45666507900023,1.76872439900035,2,2,2
4,3,4,4,2.13649176800027,2.45275213399873,2,2,4
4,1,1,4,2.06962533299884,2.38601825299702,2,2,4
4,2,2,4,1.65295275599783,1.96878854199895,2,2,1
4,4,3,4,3.95773435699812,4.27143131399862,2,2,3
4,2,2,4,1.15908635699816,1.510837283,2,2,3
4,4,4,4,1.91440649200013,2.23520346800069,2,2,3
4,4,1,4,2.08122345100128,2.4025509230014,2,2,1
4,3,4,4,3.08774966599958,3.4037038489987,2,2,4
4,4,4,4,1.82982069100035,2.15247511599955,2,2,1
4,4,4,4,2.27115290099755,2.58632881399899,2,2,3
4,1,1,4,2.11871681499906,2.4362942939988,2,2,2
4,2,2,4,1.25214910599971,1.62052909700287,2,2,4
4,1,1,4,1.36284545500166,1.68509207600073,2,2,3
4,4,3,4,4.08009802699962,4.92754676500044,2,2,3
4,1,1,4,1.33489884099981,1.6552276629991,2,2,2
4,1,1,4,1.25271989100293,1.57322670600115,2,2,3
4,3,3,4,1.54278013599833,1.85182268199787,2,2,1
4,3,3,4,1.26008794500012,1.56820730500112,2,2,1
4,3,3,4,1.19647063699813,1.51859029000116,2,2,1
4,2,2,4,1.76022488800299,2.06883617900166,2,2,4
4,1,1,4,1.53173402099856,1.85223216799932,2,2,2
4,3,3,4,1.74569619199974,2.06902688400078,2,2,4
4,2,2,4,1.29451800999959,1.61849303499912,2,2,3
4,3,2,4,2.28539746800016,2.60290458000236,2,2,2
4,4,1,4,1.78026443999988,2.10239935399659,2,2,1
4,4,3,3,4.15016985699913,5.44657507000011,2,1,NaN
4,2,2,4,2.98430576100145,3.67278800300119,2,1,NaN
4,4,2,4,2.81999179999912,3.13681482099855,2,1,NaN
4,3,3,4,1.3642978689968,1.68529406899688,2,1,NaN
4,4,4,4,1.6969757370025,2.01898969100148,2,1,NaN
4,3,3,4,1.34406261399999,2.19158409900047,2,1,NaN
4,2,2,4,1.19175473900032,1.54378458400242,2,1,NaN
4,3,3,4,1.30667506399914,1.70666110199818,2,1,NaN
4,2,2,4,1.23818339300124,1.57406844400248,2,1,NaN
4,4,2,4,2.77539059999981,3.17506871300066,2,1,NaN
4,1,1,4,1.83066934899762,2.15208921500016,2,1,NaN
4,3,3,4,1.21621746000164,1.55246757900022,2,1,NaN
4,3,3,4,1.23429230200054,1.55162523400213,2,1,NaN
4,1,1,4,1.05996470999889,1.36793463800132,2,1,NaN
4,2,2,4,1.2295656799979,1.56554194599812,2,1,NaN
4,2,2,4,0.975599716999568,1.29539999600092,2,1,NaN
4,2,2,4,1.14876707900112,1.53234049400271,2,1,NaN
4,1,2,4,2.43189751699902,2.78388937899945,2,1,NaN
4,1,3,4,1.39173417799975,1.70206810899981,2,1,NaN
4,1,3,4,6.01156832500055,6.32372100000066,2,1,NaN
4,4,3,4,1.78567886599922,2.1022945629993,2,1,NaN
4,4,4,4,1.46102338399942,1.78544954499739,2,1,NaN
4,1,1,4,1.27728453600139,1.60166269500041,2,1,NaN
4,1,1,4,1.18093194299945,1.50163619199884,2,1,NaN
4,3,4,4,1.44072140500066,1.75185924199832,2,1,NaN
4,3,3,4,2.65118539999821,2.96995280199917,2,1,NaN
4,4,3,3,2.25813321600072,2.70613811700241,2,1,NaN
4,4,2,3,3.47751271000016,3.94098431600287,2,1,NaN
4,2,2,4,1.06106360700142,1.38476708900271,2,1,NaN
4,2,2,4,1.07007849399815,1.38507659499737,2,1,NaN
4,2,2,4,0.854373643000145,1.17403964600089,2,1,NaN
4,4,1,4,1.23948226299763,1.67194763299995,2,1,NaN
4,3,2,4,1.22123572700002,1.5729718750008,2,1,NaN
4,4,1,3,3.01405496799998,3.60679868000079,2,1,NaN
4,3,3,3,3.31595856700005,3.6518721479988,2,1,NaN
4,1,1,4,1.4145466580012,2.08675212800154,2,3,3
4,3,3,4,1.25063818099807,1.7312073840003,2,3,1
4,3,3,4,1.13446104300237,1.4543238260012,2,3,1
4,3,3,4,0.852445350999915,1.16808476599908,2,3,1
4,3,3,4,0.885102959000506,1.20142688100168,2,3,1
4,3,3,4,0.917440721001185,1.2346351740016,2,3,1
4,1,1,4,0.819744137999805,1.13465029500003,2,3,3
4,3,3,4,1.110456118,1.4348762510017,2,3,1
4,3,3,4,0.957183918999363,1.26820014199984,2,3,1
4,1,1,4,1.03467474100034,1.35158848299761,2,3,3
4,1,1,4,1.50836402899949,1.81864545200006,2,3,3
4,1,1,4,1.25932496099995,1.5686430679998,2,3,3
4,1,3,4,1.30910817900076,1.61870947499847,2,3,3
4,3,3,4,0.844315943999391,1.16806772099881,2,3,1
4,3,3,4,0.861544065999624,1.18477667899788,2,3,1
4,1,1,4,1.34248500500325,1.65174673600268,2,3,3
4,3,3,4,0.829128598998068,1.15138672899775,2,3,1
4,1,1,4,0.911483030999079,1.23548506799852,2,3,3
4,3,3,4,0.926211272999353,1.23468940699968,2,3,1
4,3,3,4,0.877223477000371,1.20142273999954,2,3,1
4,1,1,4,0.957257156998821,1.26807080899744,2,3,3
4,1,1,4,0.875017230002413,1.18473006299973,2,3,3
4,1,1,4,0.748074643001019,1.06784436100133,2,3,3
4,3,3,4,0.833676783000556,1.74621120300071,2,3,1
4,1,1,4,0.940551460000279,1.2514699530002,2,3,3
4,1,1,4,1.21052554299968,1.51826131800044,2,3,3
4,1,1,4,0.957716212000378,1.26803592200304,2,3,3
4,3,3,4,0.87552321000112,1.1846920450007,2,3,1
4,1,1,4,0.827954601001693,1.15124254500188,2,3,3
4,1,1,4,0.926925649000623,1.25145535100091,2,3,3
4,3,3,4,0.717158376999578,1.03450509699906,2,3,1
4,1,3,1,1.07626374900065,2.66008254199915,2,3,3
4,1,1,4,1.1926574120007,1.50136245600152,2,3,3
4,1,1,4,0.844850630997826,1.16799969299973,2,3,3
4,1,1,4,0.750216382999497,1.0678028220027,2,3,3
4,3,3,4,1.8126754579971,2.13577241899839,2,2,2
4,4,2,4,2.01415147599982,2.3983935139986,2,2,2
4,3,3,4,1.56600952499866,1.88554301499971,2,2,1
4,1,1,4,1.33084699599931,1.65180304300156,2,2,4
4,1,1,4,1.53587531599987,1.85601144699831,2,2,2
4,3,3,4,1.44514871399952,1.76865879899924,2,2,1
4,4,4,4,1.9816076720017,2.30246679000265,2,2,3
4,3,3,4,1.48856305000299,1.88872588800223,2,2,1
4,2,2,4,1.28526507000061,1.60174139900118,2,2,1
4,4,4,4,2.05263180099791,2.3693413889996,2,2,2
4,3,3,4,1.50896725300117,1.81889162700099,2,2,1
4,4,4,4,1.37256171000263,1.68526169799952,2,2,1
4,2,2,4,1.16037163199871,1.46818862500004,2,2,3
4,2,2,4,1.3253703549999,1.63525515299989,2,2,1
4,1,1,4,1.59546033399965,1.91879636500016,2,2,2
4,1,1,4,1.74261622400081,2.05215516400131,2,2,3
4,3,2,4,1.38766906899764,1.70192964899979,2,2,2
4,4,3,4,3.28723876599906,3.60399915699963,2,2,3
4,2,2,4,1.02829532000032,1.35157143800097,2,2,1
4,4,3,4,2.89473507100047,3.20350031199996,2,2,3
4,3,2,4,2.63683572599984,3.00463520700214,2,2,2
4,3,3,4,2.08288696599993,2.45139126600043,2,2,2
4,3,2,4,3.43984698900022,3.88794935600163,2,2,2
4,1,1,4,1.39419563200136,1.71874026700243,2,2,4
4,1,1,4,1.16496802999973,1.48498307000045,2,2,3
4,4,4,4,1.61753472700002,1.95362841799943,2,2,2
4,2,2,4,1.0418386450001,1.3621855479978,2,2,1
4,2,2,4,1.16440859399881,1.48517338999955,2,2,4
4,3,2,4,2.32085122599892,2.6362096390003,2,2,2
4,2,2,4,0.885716673001298,1.2013532710007,2,2,3
4,2,2,4,1.04535122000016,1.38187699199989,2,2,3
4,1,2,4,2.60716183299883,3.08714621299805,2,2,2
4,4,1,4,1.77776152099977,2.10230473200136,2,2,1
4,2,2,4,4.73345115800112,5.05560464800146,2,2,1
4,4,1,4,4.55889574200046,4.91080706600042,2,2,1
4,2,2,4,1.43800629299949,1.75201805200049,2,3,4
4,2,2,4,0.823584874000517,1.1345861760019,2,3,4
4,2,2,4,0.95515111900022,1.26817356099855,2,3,4
4,2,2,4,0.744628856999043,1.06801141599863,2,3,4
4,4,4,4,0.814278393998393,1.1346745080009,2,3,2
4,2,2,4,0.737228437999875,1.05121642800077,2,3,4
4,4,4,4,0.759209959000145,1.06788309799958,2,3,2
4,2,2,4,0.941248245999304,1.59747360899928,2,3,4
4,2,2,4,0.749714575998951,1.06786451000153,2,3,4
4,2,2,4,0.851881528000376,1.16807727000196,2,3,4
4,4,4,4,0.91710041099941,1.23477246900075,2,3,2
4,4,4,4,0.771561366000242,1.08447144399906,2,3,2
4,4,4,4,0.952334002999123,1.26811647300201,2,3,2
4,2,2,4,0.821572782999283,1.13467262199993,2,3,4
4,4,2,4,1.16019812200102,1.4850626610023,2,3,2
4,4,4,4,1.72477506900032,2.06112268799916,2,3,2
4,4,4,4,1.88099447199784,2.20219696099957,2,3,2
4,2,2,4,0.769154444999003,1.08449406100044,2,3,4
4,2,2,4,0.773998560001928,1.08454912600064,2,3,4
4,2,2,4,0.731482657000015,1.3712149669991,2,3,4
4,4,4,4,0.868665385998611,1.18455203600024,2,3,2
4,2,2,4,0.773509563998232,1.08454745599738,2,3,4
4,2,2,4,0.714400411998213,1.03465616999893,2,3,4
4,4,4,4,0.722005368999817,1.0344158859989,2,3,2
4,4,4,4,0.95359746000031,1.26798603200223,2,3,2
4,4,4,4,0.902701533999789,1.21810637800081,2,3,2
4,4,2,4,0.966270519998943,1.28485817999899,2,3,2
4,4,4,4,0.803289778999897,1.11806969600002,2,3,2
4,4,4,4,0.903453709997848,1.60743348899996,2,3,2
4,4,4,4,0.8061732319984,1.11754134600051,2,3,2
4,4,4,4,0.939094032000867,1.25834202400074,2,3,2
4,2,2,4,0.760619327000313,1.08476291500119,2,3,4
4,4,4,4,0.83006402799947,1.15123946099993,2,3,2
4,4,4,4,0.800565830999403,1.11777111300034,2,3,2
4,4,4,4,1.02784975199756,1.35161634699762,2,3,2
4,1,4,4,2.56436841400136,2.8866083339999,2,1,NaN
4,3,3,4,1.67941983000128,3.00786826799958,2,1,NaN
4,4,4,4,1.60596126100063,1.91870217299947,2,1,NaN
4,2,2,4,1.35246472200015,1.66842275999807,2,1,NaN
4,4,4,4,1.26969120400099,1.585111143002,2,1,NaN
4,3,3,4,1.38264639000045,1.7018042790005,2,1,NaN
4,1,3,4,2.86559220600247,3.18693764999989,2,1,NaN
4,4,4,4,1.32876994099934,1.65186449300018,2,1,NaN
4,1,1,4,1.31023375199948,1.63524218699968,2,1,NaN
4,2,2,4,1.22883274500055,1.55178791700018,2,1,NaN
4,1,1,4,1.47115310799927,1.80643148299714,2,1,NaN
4,3,3,4,1.33476113299912,1.65442204799911,2,1,NaN
4,3,3,4,1.29993349900178,1.61837261400069,2,1,NaN
4,1,1,4,1.53949925699999,1.85208436399989,2,1,NaN
4,1,1,4,1.35305812000297,1.66861445200266,2,1,NaN
4,1,1,4,1.12663434800197,1.43485832300212,2,1,NaN
4,4,2,4,1.51702836299955,1.83541454299848,2,1,NaN
4,4,4,4,1.44305639300001,1.77967534599884,2,1,NaN
4,2,2,4,1.40479572999902,1.71872598499976,2,1,NaN
4,2,2,4,0.999699908999901,1.31801638999968,2,1,NaN
4,4,2,4,2.91448865400162,3.25064513899997,2,1,NaN
4,2,2,4,1.02292657200087,1.33502280000175,2,1,NaN
4,3,3,4,1.48171177399854,1.81802266199884,2,1,NaN
4,1,3,2,3.90483290699922,4.75284480399932,2,1,NaN
4,4,4,3,1.55087683600141,2.87915993300339,2,1,NaN
4,4,2,3,1.94691309900008,2.66735581900139,2,1,NaN
4,1,1,4,0.895099096000195,1.21809412800212,2,1,NaN
4,3,4,4,1.53514599700065,2.1747619050002,2,1,NaN
4,4,3,3,3.65524185100003,4.40732510700036,2,1,NaN
4,1,1,4,1.09224462400016,1.40152830200168,2,1,NaN
4,2,2,4,0.988486885999009,1.30156472800081,2,1,NaN
4,2,2,4,1.22408580799674,1.53504350999719,2,1,NaN
4,2,2,4,1.19524023800113,1.51874479799881,2,1,NaN
4,3,3,4,1.27853338600107,1.60207269999955,2,1,NaN
4,1,1,4,1.37442487500084,2.33478373099933,2,1,NaN
4,2,2,4,1.89868101500178,3.19453805700323,2,3,3
4,3,3,4,1.21000345400171,1.5353396520004,2,3,2
4,2,2,4,1.11606446299993,1.43496501499976,2,3,3
4,2,2,4,0.979368645002978,1.3016295410016,2,3,3
4,2,2,4,1.00757059399984,1.31876052699954,2,3,3
4,2,2,4,0.810859675999382,1.13461467700108,2,3,3
4,3,3,4,1.07031679299689,1.38512612499835,2,3,2
4,2,2,4,0.7903745850017,1.10114988900023,2,3,3
4,3,3,4,0.811112215000321,1.13478073900114,2,3,2
4,3,3,4,0.782626772001095,1.10220570300226,2,3,2
4,3,3,4,0.962393516001612,1.28456862199891,2,3,2
4,2,2,4,1.05557752299865,1.36824630599949,2,3,3
4,2,2,4,1.00116658300249,1.31822528300108,2,3,3
4,3,3,4,0.772523184001329,1.08452723700248,2,3,2
4,2,2,4,0.841957356999046,1.15118964199792,2,3,3
4,2,2,4,0.988466204998986,1.30141610999999,2,3,3
4,3,3,4,0.840769287999137,1.1512725399989,2,3,2
4,3,3,4,1.33837438300179,1.6519340119994,2,3,2
4,3,3,4,1.03246137400129,1.35154276300091,2,3,2
4,2,2,4,0.946888886999659,1.26811310500125,2,3,3
4,2,2,4,0.863982971000951,1.18476278399976,2,3,3
4,3,3,4,0.913013228000636,1.23494196200045,2,3,2
4,3,3,4,1.13641095599814,1.45157541399749,2,3,2
4,3,3,4,1.04639677900195,1.3682410270012,2,3,2
4,2,2,4,0.672108454000409,1.04033753000112,2,3,3
4,3,3,4,0.903119234000769,1.21774570400157,2,3,2
4,2,2,4,0.790490145001968,1.10131426900261,2,3,3
4,2,2,4,0.858391752000898,1.16792424700179,2,3,3
4,2,2,4,0.732587794998835,1.05172980099815,2,3,3
4,2,2,4,0.802344768002513,1.11801211000056,2,3,3
4,3,2,4,2.18204201899789,2.50286457999755,2,3,2
4,3,3,4,0.977533262001089,1.30165443700025,2,3,2
4,2,2,4,1.1656336499982,1.48500597699967,2,3,3
4,2,2,4,1.17050221599857,1.48507975299799,2,3,3
4,3,3,4,1.0147866130028,1.33486403200004,2,3,2
4,4,4,4,1.86454997600231,2.18571816000258,2,1,NaN
4,3,3,4,1.0404798180025,1.3520635950008,2,1,NaN
4,4,1,4,5.40184737299933,6.15396823099945,2,1,NaN
4,4,3,4,1.75980056999833,2.06891217600059,2,1,NaN
4,1,1,4,1.17944465699838,1.50239398099802,2,1,NaN
4,3,3,4,0.879731500001071,1.201454662998,2,1,NaN
4,1,2,4,2.62440404400331,2.94358432400259,2,1,NaN
4,2,2,4,0.888669222997123,1.20115028099826,2,1,NaN
4,2,2,4,0.777502084001753,1.10132075699948,2,1,NaN
4,1,1,4,1.13407419199939,1.45153919099903,2,1,NaN
4,3,3,4,1.06021312099983,1.39569329400183,2,1,NaN
4,2,2,4,1.35688579500129,1.66858020899963,2,1,NaN
4,1,1,4,0.858166362002521,1.16814401000011,2,1,NaN
4,1,1,4,0.715359619000083,1.03449067600013,2,1,NaN
4,2,2,4,1.00948227399931,1.31801682999867,2,1,NaN
4,3,3,4,1.94911516499997,2.26920601099846,2,1,NaN
4,1,1,4,0.978241586999502,1.30157928799963,2,1,NaN
4,3,3,4,4.71863204299734,5.03902257599839,2,1,NaN
4,2,2,4,0.944656648996897,1.26817328600009,2,1,NaN
4,1,1,4,1.1189254230012,1.43492361800236,2,1,NaN
4,4,2,4,1.4129269920013,1.73533052499988,2,1,NaN
4,4,2,4,1.32815085699986,1.65238450700053,2,1,NaN
4,3,3,4,1.40510471800008,1.71861626199825,2,1,NaN
4,4,2,4,1.32098318499993,1.63573898599861,2,1,NaN
4,1,1,4,1.43117987400183,1.75213229600195,2,1,NaN
4,1,1,4,0.784489165998821,1.10128076999899,2,1,NaN
4,4,2,4,1.44540570100071,1.76873808200253,2,1,NaN
4,4,2,4,0.83043680099945,1.15136805200018,2,1,NaN
4,3,2,4,1.08898686900284,1.40156159000253,2,1,NaN
4,4,2,4,0.888691338001081,1.20136192100108,2,1,NaN
4,1,1,4,0.77717856199888,1.10129341200081,2,1,NaN
4,3,3,4,2.5578946659989,2.86984285899962,2,1,NaN
4,1,1,4,1.78512631100239,2.10265814900049,2,1,NaN
4,2,2,4,0.964854811001715,1.28477748200021,2,1,NaN
4,4,4,4,1.16945427700193,1.4850684760022,2,1,NaN
4,3,3,4,3.00485745499827,3.72530739599824,2,2,1
4,1,1,4,1.09406506199957,1.68626395599858,2,2,4
4,3,1,4,1.73028179099856,2.05278197699954,2,2,1
4,4,4,4,1.0556002150006,1.36813188000087,2,2,1
4,2,2,4,1.09662114599996,1.41838880700016,2,2,4
4,4,4,4,2.15996022000036,2.47992546800015,2,2,3
4,4,2,4,2.14054590199885,2.45307926099849,2,2,2
4,4,4,4,1.46491828799844,1.78544745899853,2,2,1
4,2,2,4,1.12166058600269,1.43498246300078,2,2,1
4,4,4,4,1.25630003200058,1.56842918700204,2,2,2
4,3,4,4,1.88098331800211,2.20247756300159,2,2,4
4,1,1,4,1.40829483599737,1.71856150199892,2,2,2
4,2,2,4,1.0032493869985,1.31847772699984,2,2,1
4,3,3,4,2.88708105700061,3.20354360599958,2,2,1
4,1,1,4,1.12408788600078,1.43482578500334,2,2,3
4,2,2,4,1.32340526999906,1.63538337800128,2,2,3
4,1,1,4,1.64136347399835,1.95230271100081,2,2,4
4,4,2,4,1.19534304599802,1.51862048000112,2,2,2
4,1,1,4,1.55063695500212,1.87065747200177,2,2,3
4,4,4,4,2.0989347629984,2.41938716200093,2,2,3
4,2,2,4,1.07362613100122,1.38499839500219,2,2,3
4,2,2,4,1.05019047500173,1.36830561700117,2,2,4
4,2,2,4,1.09213258800082,1.40183735100072,2,2,4
4,1,2,4,2.1400335440012,2.45260570499886,2,2,2
4,3,3,4,1.32024518599792,1.63522215199919,2,2,1
4,3,3,4,1.59091062399966,1.90206609199959,2,2,4
4,3,3,4,1.54596562900042,1.86884940000164,2,2,1
4,1,1,4,1.39164293499925,1.70227889499802,2,2,4
4,3,1,4,3.0662582570003,3.38712564899834,2,2,1
4,4,2,4,1.10508347799987,1.4182608020019,2,2,2
4,2,2,4,0.792700220998086,1.10116175499934,2,2,4
4,4,2,4,1.30864658700011,1.61834868000005,2,2,2
4,2,2,4,0.892353199000354,1.20117970499996,2,2,4
4,4,3,4,1.26007205800124,2.06051450700033,2,2,3
4,2,2,4,1.12959949799915,1.45158225699925,2,2,3
4,3,2,4,1.16021625200301,1.48507352300294,2,1,NaN
4,1,1,4,1.03719730100056,1.78961538099975,2,1,NaN
4,2,2,4,0.96576773200286,1.28488680600276,2,1,NaN
4,3,3,4,0.962827322997327,1.55448413900012,2,1,NaN
4,1,1,4,2.26017224600218,2.6123103280006,2,1,NaN
4,2,2,4,0.922304826002801,1.23401757900137,2,1,NaN
4,4,4,4,0.969814885000233,1.29034898700047,2,1,NaN
4,2,2,4,1.3344360029987,1.65165942199746,2,1,NaN
4,3,3,4,0.948615301000245,1.26840499399987,2,1,NaN
4,3,3,4,0.80218282900023,1.11811433600087,2,1,NaN
4,3,1,4,1.50970519700059,1.81891893599823,2,1,NaN
4,3,3,4,1.27699374700023,1.60193890299706,2,1,NaN
4,1,1,4,0.876135696002166,1.20132435699998,2,1,NaN
4,2,2,4,1.14845848299956,1.46832152999923,2,1,NaN
4,2,2,4,1.26635467600136,1.58510413399927,2,1,NaN
4,3,2,4,1.6669604130002,1.98554632800005,2,1,NaN
4,3,2,4,1.2668700739996,1.58518478399856,2,1,NaN
4,3,3,4,0.915487857000699,1.23470687299778,2,1,NaN
4,4,2,4,1.69827700499809,2.01931352099928,2,1,NaN
4,2,1,4,1.32922460099871,1.65191819999745,2,1,NaN
4,3,3,4,1.43906409800184,1.75199714500195,2,1,NaN
4,4,4,4,2.71321150600124,4.45687960500072,2,1,NaN
4,4,4,4,1.04387188300097,1.36830190999899,2,1,NaN
4,1,1,4,0.989385419998143,1.30144352899879,2,1,NaN
4,3,3,4,2.02461023999786,2.3358995210001,2,1,NaN
4,1,3,3,2.07419270299943,2.58652607900149,2,1,NaN
4,4,4,3,1.313963452998,2.22601124900029,2,1,NaN
4,1,1,4,0.936824951997551,1.25153457299893,2,1,NaN
4,1,1,4,1.11069738500009,1.43491640399952,2,1,NaN
4,4,1,4,1.53334050500052,2.15743377900071,2,1,NaN
4,4,4,4,1.11075623800207,1.43472297300104,2,1,NaN
4,2,2,4,1.24533847300336,1.5683220710016,2,1,NaN
4,3,3,4,2.55811716599783,2.86980073999803,2,1,NaN
4,1,1,4,0.793892267000047,1.11795765299757,2,1,NaN
4,4,2,4,0.973071509000874,1.28479689999949,2,1,NaN
4,1,1,4,1.28145818999838,1.60200958099813,2,3,4
4,1,1,4,0.769064943000558,1.08466141400277,2,3,4
4,1,1,4,0.71023938000144,1.44629363700005,2,3,4
4,4,4,4,1.00498056299693,1.31825510099952,2,3,1
4,4,4,3,1.11237991399685,1.72038903299836,2,3,1
4,1,1,4,0.738996485000825,1.0509967279977,2,3,4
4,1,1,4,0.682039502000407,1.00210195700129,2,3,4
4,4,4,4,0.930375028998242,1.61826234699765,2,3,1
4,4,4,4,0.753859907999868,1.07364166800107,2,3,1
4,4,4,4,0.808042165997904,1.11802964099843,2,3,1
4,4,1,4,0.50072973600254,0.907704704000935,2,3,1
4,1,1,4,0.615971130002436,0.934553274000791,2,3,4
4,1,1,4,0.563176627001667,0.884433782000997,2,3,4
4,4,4,4,0.688934638001228,1.00114885699804,2,3,1
4,4,4,4,0.521690869998565,0.834535037000023,2,3,1
4,1,1,4,0.648917689002701,0.967828038999869,2,3,4
4,4,4,4,0.738726674000645,1.05120107100083,2,3,1
4,4,1,1,0.90465652200146,2.02502558600099,2,3,1
4,4,4,4,0.856014766002772,1.35214386500229,2,3,1
4,4,4,4,0.817707579000853,1.15433576400028,2,3,1
4,1,1,4,0.70772594400114,1.05947177100097,2,3,4
4,1,1,4,2.05827430899808,2.36947163500008,2,3,4
4,4,4,4,0.730791207999573,1.0513534740021,2,3,1
4,4,4,4,1.08877941799801,1.44105150199903,2,3,1
4,1,1,4,0.647625737998169,0.967885430000024,2,3,4
4,1,1,4,0.721471695000218,1.03457116600111,2,3,4
4,1,1,4,0.728478378998261,1.05127999899923,2,3,4
4,4,4,4,0.751290062999033,1.06796118599959,2,3,1
4,1,1,4,0.676551515000028,1.00122752099924,2,3,4
4,1,1,4,0.525557502998709,0.834263233999081,2,3,4
4,4,4,4,0.636450018002506,0.951039585001126,2,3,1
4,4,4,4,1.04728556100235,1.36825175500053,2,3,1
4,1,1,4,0.640804665003088,0.951145898001414,2,3,4
4,1,1,4,1.38760581799943,1.70197114299663,2,3,4
4,4,4,4,0.726552002000972,1.05120992699813,2,3,1
4,3,3,4,1.53780460000053,2.30593037400104,2,2,4
4,1,2,4,1.01382586199907,1.33500127099978,2,2,2
4,4,2,4,3.00818470000013,3.3203354599973,2,2,2
4,4,4,4,1.92955682400134,2.25252452299901,2,2,3
4,3,1,4,1.39059649199771,1.70194117899882,2,2,1
4,3,3,4,1.33874332200139,1.65185089400256,2,2,2
4,3,3,4,1.27214760000061,1.62472121799874,2,2,4
4,3,3,4,1.11166294799841,1.43502483699922,2,2,2
4,4,2,4,1.66142255399973,1.98604903299929,2,2,2
4,1,1,4,2.62197584399837,2.93675575000088,2,2,4
4,4,4,4,2.71023536000212,3.1263629640016,2,2,1
4,3,3,4,1.1117798669984,1.43490024600032,2,2,4
4,2,2,4,1.10174452000138,1.41811999700076,2,2,4
4,3,3,4,1.04507625199767,1.36826823499723,2,2,1
4,1,4,4,1.71093775500049,2.03569206999964,2,2,4
4,4,3,1,1.78900209499989,3.9331210829987,2,2,2
4,3,3,4,2.71703360700121,3.05367660900083,2,2,4
4,4,3,4,6.03360365800108,6.59328410300077,2,2,3
4,4,4,4,1.38067118500112,1.70163583400063,2,2,3
4,3,4,4,1.88858059300037,2.20254177500101,2,2,4
4,4,4,4,1.08016202699946,1.40163651199691,2,2,1
4,2,1,1,1.2320553440004,3.23208963900106,2,2,3
4,1,1,4,1.19725164700139,1.5185120189999,2,2,4
4,3,3,4,1.32899442299822,1.65190893199906,2,2,4
4,1,1,4,0.830698383000708,1.50276739499895,2,2,4
4,4,2,4,3.05842074400061,3.37043093700049,2,2,2
4,1,1,4,1.20936900599918,1.51826104000065,2,2,2
4,4,2,4,1.08401228799994,1.4017350260001,2,2,2
4,1,1,4,1.0119845679983,1.33482430799995,2,2,2
4,1,1,4,1.07072847000018,1.38476594399981,2,2,3
4,2,2,4,1.25442303900127,1.56849880799928,2,2,1
4,1,1,4,0.983700207001675,1.30157917999895,2,2,2
4,3,3,4,1.23556755900063,1.55189560700092,2,2,4
4,1,1,4,1.14170917199954,1.4770333239976,2,2,2
4,1,1,4,1.48229988000094,1.80219110399776,2,2,4
4,2,2,4,1.25901506399896,1.61094632299864,2,3,1
4,1,1,4,0.986180237003282,1.30102743300085,2,3,2
4,2,2,4,1.19050245099788,1.50171721399965,2,3,1
4,2,2,4,1.00327979900248,1.31828848300211,2,3,1
4,2,2,4,0.773955960998137,1.08478726299654,2,3,1
4,1,1,4,0.61925823799902,0.934461480999744,2,3,2
4,2,2,4,0.71036105100211,1.35009313800037,2,3,1
4,2,2,4,0.80065678200117,1.11801511600061,2,3,1
4,1,1,4,0.851693025000714,1.16807488300037,2,3,2
4,2,2,4,0.870175543001096,1.1848884989995,2,3,1
4,2,2,4,0.64723935100119,0.968366955999954,2,3,1
4,1,1,4,0.75241233899942,1.06801379900207,2,3,2
4,2,2,4,0.742870965001202,1.068056281998,2,3,1
4,2,1,4,0.732032222000271,1.05121605699969,2,3,1
4,1,1,4,0.754471560998354,1.06787338099821,2,3,2
4,1,2,4,0.91993067400108,1.23486648900143,2,3,2
4,2,2,4,0.567001978000917,0.884865467000054,2,3,1
4,2,2,4,0.548383788001956,0.867660774001706,2,3,1
4,1,1,4,0.546031767000386,0.867709475998709,2,3,2
4,1,2,4,0.896133063997695,1.21799205500065,2,3,2
4,2,2,4,1.10428998799762,1.41839125899787,2,3,1
4,1,2,4,0.663388596000004,0.984750561998226,2,3,2
4,2,2,4,0.672848696998699,0.984698110998579,2,3,1
4,1,1,4,0.500862942000822,0.817657890998817,2,3,2
4,1,1,4,0.522337336999044,0.834362554996915,2,3,2
4,1,1,4,0.553418035000504,0.867721200000233,2,3,2
4,2,2,4,0.599659606999921,0.917737984000269,2,3,1
4,1,1,4,1.04338971600009,1.3514694330006,2,3,2
4,2,2,4,0.877307823000592,1.20132704700154,2,3,1
4,1,2,4,0.621666405000724,0.934614451998641,2,3,2
4,2,2,4,0.568248700001277,0.884479292002652,2,3,1
4,2,2,4,0.518090588000632,0.834788461001153,2,3,1
4,1,1,4,0.661294517998613,0.984470063998742,2,3,2
4,1,2,4,0.622843561999616,0.990171265002573,2,3,2
4,1,2,4,0.551889867001591,0.867862993000017,2,3,2
4,2,2,4,1.43462532299964,2.36265051900045,2,2,1
4,2,2,4,1.09939697099981,1.41888591799943,2,2,3
4,4,1,4,1.17098837199956,1.48560363599972,2,2,1
4,4,2,4,1.03173849299856,1.35163178699804,2,2,2
4,3,1,4,1.45751022400145,1.76861738700245,2,2,1
4,3,4,1,1.33927192000192,3.25911736900161,2,2,1
4,4,1,4,2.15110089500013,2.46909758499896,2,2,1
4,1,1,4,1.20339498099929,1.51831093299916,2,2,4
4,2,2,4,1.04666858699784,1.36827852699935,2,2,4
4,2,2,4,0.815798429001006,1.13454632000139,2,2,1
4,4,4,4,1.3627779740018,1.68514470800073,2,2,1
4,2,2,4,1.02325450500211,1.37483431000146,2,2,4
4,4,2,4,1.72073522899882,2.07238951099862,2,2,2
4,2,2,4,0.868784055001015,1.2044532559994,2,2,4
4,3,3,4,0.997203751001507,1.34891009399871,2,2,2
4,1,2,4,1.79192968599818,2.10240933599925,2,2,2
4,1,2,4,1.4499045320008,1.78583876899938,2,2,2
4,1,1,4,0.978814246998809,1.3307783550008,2,2,3
4,3,3,4,1.42203908100055,1.75792450399967,2,2,1
4,3,3,4,1.06366692200027,1.43192725400149,2,2,4
4,1,1,4,1.56725164599993,1.88581721099763,2,2,3
4,3,3,4,1.01161384200168,1.36336805800238,2,2,2
4,1,1,4,1.00536746800208,1.34177014600209,2,2,4
4,4,4,4,1.54474016699896,1.86894358199788,2,2,3
4,3,3,4,1.94953253600033,2.26941264699781,2,2,1
4,2,2,4,1.34607435600265,2.19411078800113,2,2,1
4,2,2,4,1.48216058300022,1.80199351299962,2,2,3
4,1,1,4,1.0574957960016,1.36881308600277,2,2,4
4,4,3,4,1.62589525200019,1.95224272300038,2,2,3
4,4,3,4,1.8841042210006,2.20241601900125,2,2,3
4,4,4,4,1.26737323500129,1.58550443200147,2,2,1
4,2,2,4,1.33164009800021,1.65180711499852,2,2,4
4,3,3,4,1.29726900700189,1.61861659400165,2,2,4
4,1,1,4,2.32026741200025,3.28093591100333,2,2,3
4,1,1,4,1.80465577999712,2.11919349899836,2,2,2
4,2,2,4,3.32477412699882,4.15667613299956,2,1,NaN
4,3,3,4,1.55628075700224,1.86887011900035,2,1,NaN
4,4,3,4,1.1451708200002,1.46833020100166,2,1,NaN
4,2,2,4,0.878378707002412,1.20141054000123,2,1,NaN
4,2,2,4,1.03816786200332,1.35159492500316,2,1,NaN
4,2,2,4,0.616527361999033,0.936421438000252,2,1,NaN
4,3,3,4,0.852078438001627,1.21985464400132,2,1,NaN
4,4,2,4,1.10717295499853,1.41820291699696,2,1,NaN
4,1,1,4,1.21085526999741,1.5356086110005,2,1,NaN
4,2,2,4,0.973601046000113,1.2851892869985,2,1,NaN
4,4,1,4,1.0507072779983,1.36827472100049,2,1,NaN
4,2,2,4,1.09183612400011,1.40153035699768,2,1,NaN
4,2,2,4,1.2439715119981,1.56850893299998,2,1,NaN
4,4,2,4,1.34123319699938,1.65186158999859,2,1,NaN
4,4,1,4,0.795315847997699,1.11786889399809,2,1,NaN
4,1,1,4,0.766892204999749,1.08431564199782,2,1,NaN
4,1,1,4,0.675311176000832,0.98445652800001,2,1,NaN
4,3,3,4,1.37247696299892,1.72449349199815,2,1,NaN
4,4,3,4,2.20026595099989,2.51973322300182,2,1,NaN
4,3,3,4,0.833875237000029,1.15190663500107,2,1,NaN
4,2,2,4,3.2192806790008,3.53722862599898,2,1,NaN
4,2,2,4,1.07666062899807,1.40172616699783,2,1,NaN
4,3,3,4,1.16424746000121,1.4850952529996,2,1,NaN
4,2,2,4,0.896791891002067,1.21808494600191,2,1,NaN
4,2,2,4,0.816764184000931,1.13526237599945,2,1,NaN
4,4,3,4,0.995631020003202,1.31818089300214,2,1,NaN
4,2,2,4,0.943299865997687,1.63155247399845,2,1,NaN
4,3,2,4,1.29408998000144,1.61917082999935,2,1,NaN
4,3,3,4,0.974000211001112,1.28468146000159,2,1,NaN
4,3,3,4,0.922284177999245,1.23458100100106,2,1,NaN
4,3,3,4,0.681731715998467,1.27390770499915,2,1,NaN
4,2,2,4,0.759504908000963,1.08473156699984,2,1,NaN
4,4,2,4,0.97263561499858,1.28485023399844,2,1,NaN
4,2,2,4,1.04882843599989,1.36839766599951,2,1,NaN
4,4,2,4,1.01067507599873,1.33493630199882,2,1,NaN
4,1,2,4,1.08320265099974,1.40136391100168,2,1,NaN
4,3,3,4,1.18741743400096,1.52351816900045,2,1,NaN
4,1,2,4,1.04655274199831,1.36810992399842,2,1,NaN
4,1,1,4,1.27978311100014,1.60176672400121,2,1,NaN
4,4,4,4,1.34401403499942,1.66868584300028,2,1,NaN
4,3,3,4,1.08542590499928,1.40145438000036,2,1,NaN
4,1,1,4,0.852532999000687,1.16781057800108,2,1,NaN
4,4,4,4,1.30244244200003,1.61891237600139,2,1,NaN
4,3,3,4,2.22991667699898,2.55296342599831,2,1,NaN
4,2,2,4,0.990237475998583,1.30192971399811,2,1,NaN
4,4,2,4,1.22563595999964,1.55178566399991,2,1,NaN
4,3,3,4,1.06815684699905,1.38488714899722,2,1,NaN
4,4,3,4,2.03669389199786,2.35273820200018,2,1,NaN
4,2,2,4,0.933274465998693,1.25143217799996,2,1,NaN
4,4,3,4,1.14007618300093,1.45173980600157,2,1,NaN
4,4,2,4,1.03413679900041,1.35163848800221,2,1,NaN
4,2,2,4,1.05978687000243,2.00402224600111,2,1,NaN
4,2,2,4,1.45949756299888,1.78538012499848,2,1,NaN
4,4,1,4,0.940371545002563,1.25994725200144,2,1,NaN
4,1,1,4,0.746160000999225,1.06798532500034,2,1,NaN
4,1,1,4,0.655795327002124,0.967779723003332,2,1,NaN
4,4,4,4,1.09708898399913,1.41820739800096,2,1,NaN
4,1,3,4,1.02445488800004,1.55213781500061,2,1,NaN
4,4,3,4,2.09806311899956,2.41946281000128,2,1,NaN
4,3,3,4,0.863964028998453,1.18461234999995,2,1,NaN
4,3,3,4,0.753633769996668,1.06797354899754,2,1,NaN
4,2,2,4,1.20634489099757,1.51832576299785,2,1,NaN
4,1,1,4,0.905359140997462,1.21796175999771,2,1,NaN
4,3,3,4,0.905251756001235,1.21805153900277,2,1,NaN
4,2,2,4,1.00165423299768,1.31831431599858,2,1,NaN
4,4,3,4,2.0838907010002,2.40280704200268,2,1,NaN
4,2,2,4,1.33143210700291,1.65210788200056,2,1,NaN
4,3,3,4,0.848919825999474,1.16808926600061,2,1,NaN
4,2,2,4,1.05890485400232,1.36808359200222,2,1,NaN
4,1,1,4,0.811611985001946,1.13467847300126,2,1,NaN
4,2,2,4,2.22961132799901,3.06135325799914,2,2,4
4,4,4,4,1.05041837399767,1.36841164699945,2,2,2
4,3,3,4,1.05993720300103,1.46004446100051,2,2,1
4,3,3,4,0.906132035001065,1.22582537299968,2,2,1
4,1,1,4,0.697050163002132,1.01792684099928,2,2,2
4,4,1,4,1.82496391799941,2.13564865700027,2,2,1
4,2,4,4,1.17851372500081,1.50166840399834,2,2,4
4,3,3,4,1.1664845209998,1.48494303100233,2,2,4
4,4,4,4,1.20282534899889,1.5185045199978,2,2,3
4,3,3,4,0.902024734001316,1.21783376200256,2,2,4
4,1,1,4,0.821781824000936,1.13474154399955,2,2,4
4,4,4,4,1.84873146599784,2.16915719999815,2,2,1
4,2,2,4,1.13673916199696,1.45167604499875,2,2,3
4,1,1,4,0.775519700000586,1.10125200000039,2,2,4
4,3,3,4,1.41922107400023,1.7353941170004,2,2,4
4,3,3,4,0.966385662999528,1.28473715899963,2,2,2
4,4,3,4,1.47399849200156,1.78540048300056,2,2,3
4,3,3,4,0.82665649199771,1.15135200399891,2,2,1
4,3,3,4,0.924437058001786,1.23507931499989,2,2,4
4,3,3,4,0.76366076100021,1.08448972000042,2,2,4
4,4,1,4,1.77604184300071,2.10267690399996,2,2,1
4,4,4,4,2.21954357700088,2.5558560319987,2,2,2
4,4,1,4,2.80373913899894,3.13951826099947,2,2,1
4,2,2,4,1.07657507499971,1.40147789100229,2,2,3
4,1,1,4,0.828951900002721,1.1513848930008,2,2,4
4,4,4,4,1.26361781000014,1.58514733999982,2,2,3
4,4,3,4,2.31941807099793,2.68775341699802,2,2,3
4,1,1,4,1.15529348200289,1.46831288199974,2,2,2
4,1,1,4,1.43144516900065,1.75192038800014,2,2,3
4,1,1,4,1.12195568400057,1.48926293100158,2,2,3
4,4,3,4,1.99052436599959,2.32629316900056,2,2,3
4,4,3,4,1.54519226200136,1.88116574400192,2,2,3
4,4,2,4,1.67743365899878,2.00259689999803,2,2,2
4,4,3,4,2.14100540700019,2.50922163699943,2,2,3
4,2,2,4,1.11194030299885,1.43461392500103,2,2,4
4,3,3,4,1.15731640100057,1.46826556700034,2,3,4
4,3,3,4,1.11527630799901,1.43501799300066,2,3,4
4,3,3,4,1.15374827399864,1.93736932100001,2,3,4
4,4,4,4,0.787649808000424,1.14019567800278,2,3,3
4,4,4,4,0.599294802999793,0.917747162002343,2,3,3
4,4,3,4,1.05877482200231,1.38497959500091,2,3,3
4,3,3,4,0.955711103997601,1.26819053699728,2,3,4
4,3,3,4,0.697400803001074,1.01785599900177,2,3,4
4,3,4,4,0.848966303001362,1.16799116100083,2,3,4
4,3,3,4,0.81865890699919,1.13462005399924,2,3,4
4,4,4,4,0.678177694000624,1.00128750300064,2,3,3
4,4,4,4,0.846186761998979,1.16800644899922,2,3,3
4,3,3,4,0.704108740002994,1.01779374600301,2,3,4
4,3,3,4,1.17549699000301,1.48487489600302,2,3,4
4,3,3,4,0.859866130998853,1.18459102899942,2,3,4
4,3,3,4,1.54898869500175,1.86877701699996,2,3,4
4,4,4,4,1.07419142999788,1.38546488700013,2,3,3
4,3,3,4,0.77872780799953,1.10130192900033,2,3,4
4,4,4,4,0.927086325998971,1.25148648899994,2,3,3
4,4,4,4,1.64514939599758,1.96906020299866,2,3,3
4,4,4,4,0.782042642997112,1.10153949699816,2,3,3
4,4,4,4,1.18649126600212,1.90652567500001,2,3,3
4,4,4,4,0.821052553998015,1.13443860599727,2,3,3
4,3,3,4,0.90477995800029,1.21840969799814,2,3,4
4,3,3,4,0.855881294999563,1.16797500900066,2,3,4
4,4,3,4,1.09745839899915,1.41825528299887,2,3,3
4,3,3,4,1.10460413700275,1.72858253999948,2,3,4
4,4,4,4,1.02023725699837,1.33501850399989,2,3,3
4,4,4,4,1.09484492999763,1.41832059599983,2,3,3
4,4,3,4,1.16599455299729,1.48515649099863,2,3,3
4,3,3,4,1.01073295499737,1.33496355699754,2,3,4
4,3,3,4,0.733519359000638,1.05119286500121,2,3,4
4,3,3,4,0.78745902800074,1.52361096800087,2,3,4
4,4,4,4,0.934779966999486,1.25154290000137,2,3,3
4,4,3,4,0.885040678000223,1.20146448699961,2,3,3
5,3,3,4,1.65428755399989,2.67903206900155,1,1,NaN
5,3,3,4,1.41831943999932,1.73510514699956,1,1,NaN
5,1,4,2,1.46074139399934,2.0532092579997,1,1,NaN
5,3,3,3,1.66635171900271,2.70654448800269,1,1,NaN
5,1,1,2,1.74846789200092,3.25275374700141,1,1,NaN
5,2,2,3,1.13646955199874,2.17652924999857,1,1,NaN
5,2,2,1,1.35282022200045,2.12039425900002,1,1,NaN
5,2,2,3,1.09111186700102,1.9709566370002,1,1,NaN
5,3,3,2,2.97974640100074,4.30773956800113,1,1,NaN
5,2,2,4,2.46919119299855,2.91692996699931,1,1,NaN
5,3,3,4,1.11946211900067,1.56734922900068,1,1,NaN
5,2,2,3,1.71256307599833,2.09613388700018,1,1,NaN
5,3,2,1,1.46897277600146,2.65217734899852,1,1,NaN
5,2,2,4,1.71302314199784,2.04917925399786,1,1,NaN
5,4,4,4,1.43947108900102,2.91176594400167,1,1,NaN
5,1,1,3,1.53033153399883,3.28967939699942,1,1,NaN
5,2,2,2,2.96466432799934,3.38044774599985,1,1,NaN
5,1,3,2,2.01200742999936,2.52368225199825,1,1,NaN
5,4,4,3,1.36512336099986,2.18166802300038,1,1,NaN
5,1,1,4,1.42241882799863,1.83782446300029,1,1,NaN
5,4,4,4,1.13914917500006,1.52305202700154,1,1,NaN
5,4,4,4,1.14265409799918,1.49482841200006,1,1,NaN
5,3,3,4,1.11547314299969,1.48327553800118,1,1,NaN
5,4,4,3,1.16841080299855,1.69660539699908,1,1,NaN
5,2,2,4,1.37186935299906,1.70771793699896,1,1,NaN
5,3,4,4,0.904174859002524,1.2180143680016,1,1,NaN
5,1,2,1,2.40659686199797,3.79877076999765,1,1,NaN
5,4,4,2,1.72524515199984,2.09262257099908,1,1,NaN
5,3,3,3,1.68897428900164,2.12125404200196,1,1,NaN
5,2,2,3,1.95547351400091,3.63551978900068,1,1,NaN
5,3,3,4,1.5032773219973,4.04698893899695,1,1,NaN
5,2,2,2,1.93135204300052,2.29888030800066,1,1,NaN
5,1,3,1,1.67868061500121,3.10312142700059,1,1,NaN
5,4,4,1,1.15312225899834,1.58537785799854,1,1,NaN
5,2,2,2,1.66459537099945,3.08877894599937,1,1,NaN
5,1,4,4,2.18605819300137,2.61820976500167,1,2,4
5,1,4,2,2.08045564499844,3.52049442999851,1,2,4
5,1,1,1,2.67278906700085,3.18492370199965,1,2,4
5,1,1,4,1.26369622499988,2.04712226399715,1,2,2
5,4,4,3,4.33307057500133,5.64537976700012,1,2,3
5,3,3,4,2.40764730400042,2.82319669199933,1,2,2
5,3,3,4,1.42855933499959,1.81259336299991,1,2,2
5,3,3,4,1.26077711000107,1.96428671200192,1,2,1
5,1,1,2,1.42197550700075,2.34965569400083,1,2,2
5,1,2,3,2.70345131300201,3.91958349800188,1,2,2
5,2,2,4,1.42360325700065,2.36754201800068,1,2,4
5,4,1,1,3.48756853799932,3.82364276800217,1,2,1
5,3,3,4,1.65234251200309,2.75643198700345,1,2,1
5,4,4,4,1.79637352300051,2.14856352399875,1,2,2
5,1,2,3,2.81475362200217,4.68704962999982,1,2,2
5,4,4,3,1.3756670440016,2.65543318699929,1,2,1
5,2,2,4,1.20489885999996,1.60489501300253,1,2,3
5,1,4,2,1.79613537899786,3.73249455299811,1,2,4
5,2,2,3,1.50102019400219,4.12578887200289,1,2,4
5,3,3,4,1.74979925599837,2.0691473400002,1,2,1
5,3,3,4,1.95464996499868,2.61025209799845,1,2,1
5,4,4,3,1.78497494899784,3.14503232100105,1,2,2
5,3,3,4,1.8812284409978,3.25775191199864,1,2,1
5,1,1,4,1.38226203500017,1.97392364600091,1,2,3
5,2,2,3,1.1426491759994,2.1346601969999,1,2,1
5,2,2,4,1.44080854300046,2.0972745470026,1,2,4
5,2,2,4,1.75749874699977,2.28510211799949,1,2,1
5,3,3,3,1.20063809599742,2.12876589199732,1,2,1
5,2,2,4,1.14770408800177,1.56315365300179,1,2,1
5,2,1,1,2.42967874000169,3.34192607500154,1,2,1
5,1,1,1,3.33339847999741,3.68535940999936,1,2,3
5,4,4,2,1.56772555899806,3.02328664800007,1,2,1
5,4,4,3,1.2685520849991,2.22884424199947,1,2,2
5,2,2,4,1.14708436000001,1.96284565099995,1,2,1
5,1,4,1,3.96417832500083,4.71622340800241,1,2,4
5,2,1,2,1.45928274499965,3.31530046899934,1,3,1
5,1,2,3,1.64533208800276,3.08525400600047,1,3,2
5,1,1,3,1.10314891500093,2.39974938800151,1,3,2
5,1,1,2,1.88713358699897,3.99924443200143,1,3,2
5,2,2,3,1.1648406610002,2.10932886200317,1,3,1
5,2,2,3,1.44826976300101,2.68073009,1,3,1
5,2,2,4,1.06861163199937,1.4683904880003,1,3,1
5,2,2,4,1.37806422100039,1.69798370900025,1,3,1
5,1,1,2,1.39064354500078,1.8546487120002,1,3,2
5,2,2,4,1.17213344799893,1.48509535300036,1,3,1
5,2,2,1,2.15222652100056,2.55169204200138,1,3,1
5,2,2,4,1.02491075099897,1.33473749000041,1,3,1
5,1,1,4,1.17903773999933,1.50246977899951,1,3,2
5,1,1,3,1.72710364600061,2.62265805800052,1,3,2
5,2,2,4,1.01288822900096,1.33489730899964,1,3,1
5,2,2,4,1.35938849600279,1.98411097500139,1,3,1
5,2,2,4,0.959420113002125,1.26804113000253,1,3,1
5,1,1,4,0.973155353996844,1.29331855599958,1,3,2
5,2,2,3,1.24180538899964,1.55186007900193,1,3,1
5,2,2,4,1.83534535000217,2.33185826599947,1,3,1
5,2,2,4,0.910572598000726,1.21826369100017,1,3,1
5,1,1,4,1.11774826700275,1.48533779300124,1,3,2
5,2,2,4,0.769977070998721,1.08361555100055,1,3,1
5,1,2,2,2.20001699299974,3.351736032997,1,3,2
5,1,1,3,1.35910980600238,2.33583621900107,1,3,2
5,2,2,4,1.82567077500062,2.32167545800257,1,3,1
5,1,1,2,1.41156473600131,2.17973950099986,1,3,2
5,1,1,3,1.50030846800291,3.77251532100126,1,3,2
5,2,2,4,1.37863359200128,1.69884163800089,1,3,1
5,1,1,4,1.07089006699971,1.63110829400102,1,3,2
5,2,2,4,0.974365092999506,1.28451472400047,1,3,1
5,1,2,2,1.85100106499885,3.19519089199821,1,3,2
5,1,1,3,1.40143662800256,1.96111359100178,1,3,2
5,2,3,1,1.09992853099902,4.31569526599924,1,3,1
5,1,2,4,1.77263382299861,2.26871383199978,1,3,2
5,3,3,3,1.90822192899941,2.73949064100088,1,1,NaN
5,1,2,3,1.95735866399991,2.83680937299869,1,1,NaN
5,2,1,3,2.91474651799945,5.34650273900115,1,1,NaN
5,2,2,4,1.43216494100125,1.94389046300057,1,1,NaN
5,1,1,4,1.32333079399905,2.41143540899793,1,1,NaN
5,1,1,3,1.33770321699922,1.76982634500018,1,1,NaN
5,4,4,1,2.21125172900065,2.80346855499738,1,1,NaN
5,2,2,4,1.12183336300222,1.85772123400238,1,1,NaN
5,2,2,4,1.11143504199936,1.62330487500003,1,1,NaN
5,3,3,4,1.5421689979994,1.85193867699854,1,1,NaN
5,3,4,3,1.3551116430026,1.94745305200195,1,1,NaN
5,3,3,3,1.98190359100045,3.67742359800104,1,1,NaN
5,3,4,2,1.40039446000083,1.84848493100071,1,1,NaN
5,2,2,2,1.1348535649995,1.98251785200046,1,1,NaN
5,4,4,3,1.18190236699957,1.63049958299962,1,1,NaN
5,3,3,3,2.23774349400264,3.32543132400315,1,1,NaN
5,3,4,1,1.03093364899905,2.48683006099964,1,1,NaN
5,1,1,4,1.23404029900121,2.72205562499948,1,1,NaN
5,3,3,1,2.51616721200116,2.85184155100069,1,1,NaN
5,2,2,4,1.56867101399985,2.27311836399895,1,1,NaN
5,1,1,4,1.12495486999978,1.4927781999977,1,1,NaN
5,4,4,3,1.56186880600217,2.3614092759999,1,1,NaN
5,4,4,3,0.938230132996978,1.2748930609996,1,1,NaN
5,1,1,4,0.952230716000486,1.30376418699962,1,1,NaN
5,4,1,3,0.979953854999621,1.90810597599921,1,1,NaN
5,2,2,2,1.38382553500196,3.01593210099963,1,1,NaN
5,4,4,4,0.862220885999704,1.18467488399983,1,1,NaN
5,1,1,4,0.991119049998815,1.30144930999813,1,1,NaN
5,4,4,4,0.79537802899722,1.11807285999748,1,1,NaN
5,2,2,2,1.2946698779997,2.15906381999957,1,1,NaN
5,1,1,2,1.51245524099795,2.71224231700035,1,1,NaN
5,3,2,1,2.47514583200245,3.01908663200084,1,1,NaN
5,2,2,3,1.40821600800336,1.90369702700264,1,1,NaN
5,1,4,1,3.8596100499999,4.51591315400219,1,1,NaN
5,4,4,3,1.30858341899875,1.91646541500086,1,1,NaN
5,2,2,4,1.60621387500214,5.55806396900152,1,3,3
5,3,3,3,1.71543273599673,2.38777304599716,1,3,2
5,3,3,3,0.930719773998135,1.57061573199826,1,3,2
5,2,2,3,0.915343393000512,1.29928117600139,1,3,3
5,2,3,1,0.878820570000244,2.41477954599759,1,3,3
5,3,3,3,1.08607199999824,1.69373452599757,1,3,2
5,2,2,4,1.210097520001,3.19405199200264,1,3,3
5,3,3,3,1.60866938500112,3.35301156900096,1,3,2
5,3,3,4,1.15196145800292,4.49608211200029,1,3,2
5,2,2,4,1.00183741000001,1.97784689299806,1,3,3
5,3,3,3,1.64275313500184,2.01054217799901,1,3,2
5,3,3,4,1.70597724000254,2.87392729200292,1,3,2
5,3,3,4,0.997628907000035,1.31820906800203,1,3,2
5,2,2,4,0.897023191999324,1.21816541000226,1,3,3
5,2,2,4,1.10370118300125,1.41841333399861,1,3,3
5,3,3,3,1.0636820510008,1.51128357500056,1,3,2
5,3,3,2,1.17962346000058,2.50789997099855,1,3,2
5,2,2,3,1.07887057600237,1.84659120200013,1,3,3
5,3,3,2,2.50882809999894,3.94889762699677,1,3,2
5,3,3,2,1.13316097300049,1.86899711599835,1,3,2
5,2,2,4,0.96095483800309,2.51303746000121,1,3,3
5,2,2,2,1.88412533700102,2.60410512599992,1,3,3
5,3,3,2,1.41100794000158,2.06694256600167,1,3,2
5,3,3,1,2.86302291500033,3.18698772000062,1,3,2
5,2,2,3,1.13351978300125,1.7736812630028,1,3,3
5,3,3,2,1.67055786100173,2.15021051599979,1,3,2
5,3,3,2,1.58325067999976,2.2066200090012,1,3,2
5,3,2,2,2.24636788299904,2.88671208099913,1,3,2
5,2,2,4,1.26576370800103,1.85728520599878,1,3,3
5,3,3,2,1.38310734999686,2.40721129899975,1,3,2
5,2,2,1,1.55770950299848,1.95780816799743,1,3,3
5,2,2,3,2.15180659800171,2.51997001800191,1,3,3
5,2,2,4,1.12213850699845,2.32128276399817,1,3,3
5,3,3,4,1.52445968400207,1.83542032900004,1,3,2
5,3,3,4,2.44168966599682,2.75302676699721,1,3,2
5,3,4,2,2.3854322799998,4.25757772099678,1,2,4
5,1,1,3,2.08391995599959,2.83586429199931,1,2,3
5,4,4,3,1.12133721899954,1.92132449700148,1,2,1
5,4,4,4,1.09207549600251,1.42838607200247,1,2,2
5,4,4,2,1.14774768200004,2.26780659799988,1,2,2
5,3,3,4,1.26441105000049,2.08055303600122,1,2,1
5,3,3,4,0.861078509999061,1.16796546799742,1,2,1
5,4,4,4,1.23012727999958,2.33423006399971,1,2,2
5,3,3,3,1.47210479799833,2.91208086699771,1,2,1
5,4,4,3,0.905236253001931,1.62568487300086,1,2,2
5,2,2,3,2.05624896399968,3.76771935399665,1,2,3
5,3,3,1,2.12783683599991,3.55227749899859,1,2,2
5,2,2,3,1.69491565700082,2.76738748899879,1,2,4
5,1,3,1,1.82392809299927,2.8803439809999,1,2,3
5,2,2,4,1.73996300100043,2.3637212499998,1,2,3
5,4,4,3,1.29284005199952,2.01325445799739,1,2,3
5,1,1,2,1.45267339000202,3.21220837100191,1,2,3
5,2,2,4,0.986464425001031,1.4344999390014,1,2,1
5,1,1,4,1.08823785099958,1.7607429109994,1,2,3
5,2,2,4,1.018545996998,1.40229724599703,1,2,1
5,1,1,4,1.63359190600022,2.11373556299804,1,2,3
5,2,2,4,1.14883505000034,1.46831556500183,1,2,1
5,3,3,4,2.09799980900061,2.41946855999777,1,2,4
5,2,2,3,1.18435326100007,2.25624106599935,1,2,4
5,4,4,3,1.20613638900249,2.34168415500244,1,2,2
5,4,4,2,1.14339502900111,2.10395086300196,1,2,2
5,4,4,2,2.03407047799919,3.24999882599877,1,2,3
5,3,3,4,1.10266757600039,2.62299962899851,1,2,1
5,1,1,3,1.09296761000223,1.84463635400243,1,2,2
5,3,3,3,1.35574670300048,2.28331531400181,1,2,2
5,4,4,2,1.27896935399986,2.27157568800249,1,2,3
5,1,3,4,1.33166210899799,1.81171885099684,1,2,3
5,2,2,4,1.06744331499794,1.38757241799976,1,2,4
5,2,2,1,1.2519997590025,1.56853893900188,1,2,1
5,4,4,1,1.20488379900053,1.51845111399962,1,2,3
5,4,2,1,2.74422996999783,3.14359861999765,1,3,2
5,4,4,3,1.60865915400063,2.56884761699985,1,3,2
5,4,4,3,1.32917293699938,2.64055717700103,1,3,2
5,4,4,3,0.99762606999866,1.54149614499693,1,3,2
5,2,2,4,1.09736994299965,1.49743579099959,1,3,4
5,4,4,3,0.942097178998665,1.48600638999778,1,3,2
5,4,4,4,0.929894172997592,1.28202844499901,1,3,2
5,4,4,4,0.975523541001166,1.28485517199806,1,3,2
5,4,4,2,1.03668617099902,2.18830566600082,1,3,2
5,4,4,4,1.20453788099985,2.0684376379977,1,3,2
5,4,2,1,2.40073151199977,2.80083782500151,1,3,2
5,2,4,1,1.13502791300198,2.04779063300157,1,3,4
5,4,4,3,1.10196589100087,2.22188426899811,1,3,2
5,2,2,4,1.21984882000106,1.54033998200248,1,3,4
5,4,4,2,1.03039866300242,2.38966254900151,1,3,2
5,4,4,2,1.68614207499922,2.39061351100099,1,3,2
5,2,2,4,0.998111215998506,1.35030416099835,1,3,4
5,4,4,4,0.991906236999057,1.4406387529998,1,3,2
5,4,4,4,1.03099474900228,1.3994869800008,1,3,2
5,2,2,4,0.943199429999368,1.25128816899814,1,3,4
5,4,4,4,0.956472039997607,1.48484764099703,1,3,2
5,2,2,3,1.05748484899959,1.4090642509982,1,3,4
5,4,4,1,2.7611493680015,3.22529053499966,1,3,2
5,2,2,3,0.918569221001235,1.67023413400238,1,3,4
5,2,2,4,1.38040075200115,1.74807226899793,1,3,4
5,4,4,4,1.58251296399976,1.91888290399947,1,3,2
5,2,2,4,1.13758458899974,1.45168951099913,1,3,4
5,2,2,4,0.887740625999868,1.20143422800174,1,3,4
5,4,4,3,0.934551720001764,1.30341871900237,1,3,2
5,4,4,3,1.04339784399781,1.50683815400043,1,3,2
5,2,2,4,0.951436580002337,1.67137471500246,1,3,4
5,2,2,4,1.04473220799991,1.36832906599739,1,3,4
5,4,4,4,1.10127928300062,1.41815925799892,1,3,2
5,4,4,4,1.87685088400031,2.18571021399839,1,3,2
5,4,4,2,1.16408076199878,1.72333580900158,1,3,2
5,2,2,3,1.43745515599949,2.09410737199869,1,1,NaN
5,1,2,1,1.48162281000259,1.81804854700022,1,1,NaN
5,4,4,3,1.15245741900071,1.95159792299819,1,1,NaN
5,2,2,4,1.37765342299826,1.74592547299835,1,1,NaN
5,4,4,4,0.940123850999953,1.77209497800141,1,1,NaN
5,4,4,3,1.31689238499894,1.90877505200115,1,1,NaN
5,2,2,4,0.920744602997729,1.2403671639986,1,1,NaN
5,1,2,1,2.53509049700006,3.3359022730001,1,1,NaN
5,2,2,3,1.18349790099819,1.64791867099848,1,1,NaN
5,3,3,3,1.71022326399907,3.32630791100019,1,1,NaN
5,1,1,3,0.999247663999995,2.02297645499857,1,1,NaN
5,2,3,1,1.55802365099953,2.38986368300175,1,1,NaN
5,3,3,4,2.13381039699743,2.45285172500007,1,1,NaN
5,2,2,4,1.33027861500159,2.17851736400189,1,1,NaN
5,1,4,1,1.5156646180003,2.15517762500167,1,1,NaN
5,3,3,3,1.25254744300037,1.89236561099824,1,1,NaN
5,1,1,4,1.30467021599907,1.86447278899868,1,1,NaN
5,1,1,4,1.00610609000069,1.67810217200167,1,1,NaN
5,2,2,4,1.03576073300064,1.37192056700223,1,1,NaN
5,3,3,1,1.23633487600091,1.58837595200021,1,1,NaN
5,4,2,1,1.23793049100277,1.74998319299993,1,1,NaN
5,3,3,4,1.53590024099685,2.12718742299694,1,1,NaN
5,2,2,4,1.59388674500224,2.00991687799979,1,1,NaN
5,3,3,3,1.28943709099985,1.96132279899757,1,1,NaN
5,4,4,4,1.01898912199977,1.33511415999965,1,1,NaN
5,4,4,2,1.01412132699988,1.71751032000248,1,1,NaN
5,3,3,4,1.39264407999872,2.00110948899965,1,1,NaN
5,3,4,1,0.880786322002677,2.2565966229995,1,1,NaN
5,2,2,4,1.06188144199768,1.42961450499934,1,1,NaN
5,2,2,4,1.11742457199944,1.43510937300016,1,1,NaN
5,4,4,3,1.10735512999963,1.71518530699905,1,1,NaN
5,2,2,4,1.0389692509998,1.88687475100232,1,1,NaN
5,4,3,1,1.65106706799997,1.96898131899798,1,1,NaN
5,3,3,1,2.03560522399857,2.35261726899989,1,1,NaN
5,3,3,4,1.3334147759997,1.68536445800055,1,1,NaN
5,3,3,4,1.9760353519996,3.00049075099741,1,2,2
5,2,2,3,1.26317458300036,1.93563414300297,1,2,3
5,2,2,1,1.36028230000011,1.74453878900022,1,2,3
5,1,1,1,3.72346448099779,4.25077975900058,1,2,4
5,4,4,3,1.2309750409986,2.22294896499807,1,2,1
5,3,3,4,1.14109486700181,2.10112059200037,1,2,2
5,3,3,4,0.928931956001179,1.50471549600115,1,2,4
5,3,3,4,0.916830158999801,1.28460628800167,1,2,2
5,2,2,3,1.10547945699727,1.96921854799803,1,2,4
5,1,1,4,0.994275297998684,2.06678553099846,1,2,4
5,1,4,1,1.66264415099795,2.84600505100025,1,2,4
5,1,2,3,1.41947459799849,2.31578059299864,1,2,2
5,2,2,3,1.72662575700087,2.75107801999911,1,2,1
5,2,2,4,1.29527277500165,2.19110934800119,1,2,4
5,1,4,1,2.15123167600177,3.302889306,1,2,4
5,3,3,4,1.45735172300192,2.51346561000173,1,2,1
5,1,1,2,1.54815726300149,2.26864883099915,1,2,4
5,1,2,1,2.14427045300181,2.46945431600034,1,2,2
5,2,2,4,1.03709134100063,1.37267851400247,1,2,4
5,1,1,3,1.03060305799954,1.84674335100135,1,2,2
5,4,2,3,1.18088451999938,1.80506865300049,1,2,2
5,3,3,4,1.38046717600082,1.84421227599887,1,2,2
5,1,1,3,1.0664215120014,1.56257357900176,1,2,4
5,3,3,4,2.47672743599833,2.78651043999707,1,2,4
5,4,4,3,3.00414065999939,3.48380248100148,1,2,3
5,3,4,2,3.0070910070026,3.67918031200315,1,2,4
5,3,3,4,1.24216481300027,1.55232320499999,1,2,2
5,2,2,4,1.29212221000125,1.64388624999992,1,2,3
5,4,4,4,1.03498453999782,1.35407307299829,1,2,3
5,4,4,2,1.41247686600036,2.22835442400174,1,2,3
5,2,2,4,1.08347204500024,1.40167983300125,1,2,3
5,3,2,4,1.84296586799974,2.37133212499975,1,2,2
5,2,2,4,0.883421861999523,1.201518201,1,2,1
5,1,1,3,1.17163805100063,2.00347656099984,1,2,3
5,3,3,3,1.66724687399983,1.98562169699653,1,2,1
5,1,1,4,1.00177525400068,1.38545029300076,1,2,3
5,4,4,4,1.93851774599898,2.25236152599973,1,2,1
5,1,1,4,0.919332015000691,1.23477713099783,1,2,2
5,4,4,4,1.36617041699719,1.68521147399952,1,2,3
5,2,2,4,0.930672081001831,1.25144235799962,1,2,4
5,2,2,4,1.0884882270002,1.56876706100229,1,2,1
5,1,1,3,1.13824346799811,1.45150751999972,1,2,2
5,1,2,1,0.888180218997149,2.51994744199692,1,2,4
5,4,4,4,1.20252019300096,1.51840944400101,1,2,3
5,4,2,1,1.47747805799736,1.95715797199955,1,2,2
5,2,2,4,1.14270924099765,1.46312981200026,1,2,4
5,2,2,4,0.973529099999723,1.67708999599927,1,2,4
5,2,2,4,1.08218510799998,1.85057416400014,1,2,4
5,4,4,1,3.26424913299707,4.03136529699987,1,2,3
5,2,2,4,1.00359100499918,1.38763786100026,1,2,3
5,1,4,1,1.87643041800038,2.48478939800043,1,2,4
5,4,4,1,1.74404218199925,2.97564157899978,1,2,2
5,3,3,3,1.60804317000293,3.73583881400191,1,2,1
5,3,3,4,1.00834579500224,1.31815571200059,1,2,2
5,1,1,3,1.29185910599699,1.89912159999949,1,2,4
5,1,1,4,2.1274409669968,2.80012471699956,1,2,2
5,2,2,4,0.846936557998561,1.247321543,1,2,4
5,1,2,4,1.67768246800188,2.06243092700242,1,2,2
5,3,3,4,1.13094427599935,1.45165276600164,1,2,4
5,4,4,4,1.16866974600271,1.48498771400045,1,2,1
5,4,1,1,1.90944586700061,2.26139779200093,1,2,1
5,3,3,3,2.33084582399897,2.65306450000207,1,2,1
5,3,3,3,1.07106902400119,1.50324587300202,1,2,1
5,4,4,2,1.39437099600036,1.77870105599868,1,2,3
5,1,1,1,2.20395336699949,2.76388492000115,1,2,3
5,2,2,4,1.66029939600048,2.09258790500098,1,2,4
5,2,2,4,0.968539233999763,1.36844513799952,1,2,4
5,1,1,4,1.56943152000167,1.90580164499988,1,2,3
5,3,3,4,1.17299043099774,1.48498038300022,1,2,2
5,2,2,4,1.17739270299717,1.50170929999877,1,2,3
5,1,1,1,10.755646794998,11.2845261389994,1,3,4
5,1,1,4,0.917471218999708,1.47752942299849,1,3,4
5,4,4,2,1.14619983000011,2.39450680500158,1,3,1
5,1,1,3,1.04967957999907,1.56161151899869,1,3,4
5,4,4,4,1.06700026500039,1.91527332400074,1,3,1
5,1,1,4,1.23014698100087,1.64650985900153,1,3,4
5,1,1,3,1.27593531599996,1.62802741099949,1,3,4
5,1,1,4,0.923895987001742,1.23475091200089,1,3,4
5,1,1,2,1.46597707199908,2.37806779299717,1,3,4
5,1,1,2,1.21043301700047,2.09064272400065,1,3,4
5,1,1,1,1.27055212599953,2.05457005500284,1,3,4
5,1,1,4,0.995766445998015,1.3182623290013,1,3,4
5,4,4,4,1.07012603200201,1.38478260299962,1,3,1
5,1,1,4,1.19095360500069,1.51153953399989,1,3,4
5,4,4,4,1.24360768900078,1.56315507600084,1,3,1
5,4,4,4,0.845396964999964,1.34144710799956,1,3,1
5,1,1,4,0.807235275999119,1.14306734199999,1,3,4
5,4,4,4,1.59431040900017,1.9945901430001,1,3,1
5,1,1,4,1.4508026859985,1.77060766700015,1,3,4
5,1,4,2,2.19562143900112,2.83523291899837,1,3,4
5,1,1,2,1.48932765400241,2.2568074310002,1,3,4
5,1,4,1,1.06224704099805,1.83024263900006,1,3,4
5,1,1,3,1.43629937699734,6.04461451099996,1,3,4
5,4,4,2,1.35015245199975,1.79807111699847,1,3,1
5,4,4,4,1.64615801199761,2.27054846799729,1,3,1
5,4,4,4,1.02708885399989,1.53895452500001,1,3,1
5,1,1,3,1.07712529399942,1.74898640899846,1,3,4
5,4,4,2,1.32742736600267,2.35193957200318,1,3,1
5,1,1,4,1.23281699700237,1.71335782200185,1,3,4
5,4,4,4,1.26116981900122,2.04483353099931,1,3,1
5,1,1,4,1.13045050499932,1.57882293600051,1,3,4
5,1,1,4,1.16409291000309,1.72428173000299,1,3,4
5,1,1,1,1.46283980999942,2.50272250899798,1,3,4
5,4,4,3,1.58563190700079,3.13816569100163,1,3,1
5,1,1,3,1.37867903099686,2.09904554699824,1,3,4
5,3,1,1,4.1333511260018,4.72576360899984,1,1,NaN
5,3,4,3,1.5093248430021,2.7092255580028,1,1,NaN
5,1,1,4,0.840610417999414,1.17572696600109,1,1,NaN
5,3,4,4,1.16183551099675,1.9778270459974,1,1,NaN
5,2,2,4,1.33898726199914,2.49059930699877,1,1,NaN
5,3,4,2,0.854163828997116,1.47821259899865,1,1,NaN
5,4,4,4,0.859209866997844,1.16788592699959,1,1,NaN
5,2,2,4,1.10126393600149,1.5329509309995,1,1,NaN
5,1,1,3,1.02396512300038,1.34387719799997,1,1,NaN
5,1,4,1,1.88292676100173,2.39449049100222,1,1,NaN
5,3,4,1,1.85060249600065,2.16918275400167,1,1,NaN
5,1,1,3,1.05899641100041,1.44304168900271,1,1,NaN
5,1,1,1,1.4494666540013,1.92985712700101,1,1,NaN
5,1,1,3,1.02048923600159,1.38893791500232,1,1,NaN
5,1,1,2,1.89270420200046,2.96533171199917,1,1,NaN
5,4,4,2,1.98164693899889,3.59759595799915,1,1,NaN
5,2,2,4,1.06770242899802,1.77139911399718,1,1,NaN
5,3,3,1,1.74853936799991,2.43692609999925,1,1,NaN
5,1,4,3,1.32937125299941,1.92217056300069,1,1,NaN
5,4,4,4,0.949031768999703,1.34877502399831,1,1,NaN
5,1,1,4,0.911911357998179,1.29638147399965,1,1,NaN
5,4,4,4,0.92506087899892,1.26093381200189,1,1,NaN
5,2,2,4,0.939093637996848,1.32331016299941,1,1,NaN
5,2,2,4,1.09503828400193,1.41838768900197,1,1,NaN
5,1,1,2,1.3422067620013,2.36596792500131,1,1,NaN
5,4,4,4,1.13520793499993,1.79154657899926,1,1,NaN
5,1,1,2,1.15940000199771,2.37513625700012,1,1,NaN
5,1,1,4,0.855749573998764,1.16786781599876,1,1,NaN
5,3,3,1,1.41797712599873,1.80192968000119,1,1,NaN
5,4,4,3,0.929505216001417,1.77729768100107,1,1,NaN
5,2,2,4,1.67467910400228,2.01014869500068,1,1,NaN
5,1,1,4,1.38576763400124,1.80213125800219,1,1,NaN
5,2,2,3,1.40947001500172,2.09709811500215,1,1,NaN
5,1,1,4,1.00560124799813,1.31806133300051,1,1,NaN
5,4,4,4,1.04843656500088,1.36811147600019,1,1,NaN
5,4,4,1,1.09383931299817,1.73365987599755,1,3,3
5,4,4,3,1.23159985299935,1.95151718099805,1,3,3
5,3,3,4,0.961637342999893,1.32945842099798,1,3,4
5,4,3,4,1.51701692300048,1.86906414800251,1,3,3
5,3,3,4,1.07400228400002,1.47442037499786,1,3,4
5,3,3,4,0.983724249999796,1.39971225399859,1,3,4
5,3,3,4,1.08735591599907,1.61542062199806,1,3,4
5,3,3,4,0.975565297998401,1.34320366899919,1,3,4
5,4,4,3,1.1623573049983,1.57805136799652,1,3,3
5,4,4,3,1.45159422299912,2.10725254900171,1,3,3
5,4,4,1,1.15867146000164,2.23122605499884,1,3,3
5,4,4,3,1.32561681299921,1.90139054599786,1,3,3
5,3,3,4,1.42517206200137,1.88892593800119,1,3,4
5,3,3,3,0.980776717999106,1.58920213999954,1,3,4
5,4,4,4,1.14215422100096,1.78211967300012,1,3,3
5,3,3,3,1.05479185199874,1.48658272900138,1,3,4
5,4,4,4,1.31391769900074,1.87438875799853,1,3,3
5,3,3,3,1.15924799799905,1.65534991599998,1,3,4
5,4,4,3,0.949737603998074,1.41335329199865,1,3,3
5,3,3,4,0.973688172998664,1.46932223399926,1,3,4
5,3,3,4,0.962067569998908,1.2987484059995,1,3,4
5,3,3,4,1.42395411799953,1.75984375699772,1,3,4
5,4,4,4,1.43329949799954,1.83317238699965,1,3,3
5,4,4,3,1.15167984900108,1.67988508100098,1,3,3
5,4,4,2,1.21294617400054,1.90099991800162,1,3,3
5,3,3,4,1.36103815200113,1.685443098002,1,3,4
5,3,3,4,1.08428660199934,1.42035025199948,1,3,4
5,3,3,2,1.18756243900134,2.11572952400093,1,3,4
5,4,3,1,1.16731894400073,2.36733440399985,1,3,3
5,3,3,4,0.991870277000999,1.67975317300079,1,3,4
5,4,4,2,1.19663802200012,2.06047558799764,1,3,3
5,4,4,3,1.61024648099919,2.21813369300071,1,3,3
5,3,3,4,0.944502761001786,1.55205408800248,1,3,4
5,3,3,4,1.26667071399788,1.6828875559986,1,3,4
5,4,4,4,1.03973845300061,1.35149926499798,1,3,3
5,3,3,4,1.90434538100089,2.2189374840018,1,2,4
5,3,3,4,0.950857886000449,1.26814941900011,1,2,1
5,1,1,4,0.900563426002918,1.21793296600299,1,2,4
5,1,1,4,1.02830543199889,1.82826079799997,1,2,4
5,4,4,4,1.53124137499981,1.85232336199988,1,2,2
5,2,2,2,1.44088895200184,2.22459780300051,1,2,3
5,3,3,4,1.09542948400122,1.41847552000036,1,2,4
5,4,4,2,2.55902540900206,3.43912488000205,1,2,2
5,1,1,3,1.07552137200037,1.73199552699953,1,2,2
5,3,3,2,1.27882148099889,1.77499008900122,1,2,4
5,3,3,4,1.63947249800185,2.19979170499937,1,2,2
5,3,3,4,2.20752658700076,2.51947612200092,1,2,2
5,4,4,4,1.59386063200145,1.96147676200053,1,2,3
5,2,2,4,1.37142100100027,1.77104412500194,1,2,4
5,2,2,4,1.46038167200095,1.86005291100082,1,2,3
5,3,3,4,2.01019801700022,3.48239811500025,1,2,4
5,1,1,1,1.80516544899729,2.73367441599839,1,2,4
5,2,2,4,1.03947708299893,1.43955127599838,1,2,4
5,2,2,2,1.34960524600319,2.2618270990024,1,2,4
5,1,1,4,1.17910987800133,2.49104077399898,1,2,3
5,3,1,1,2.77503779900144,3.31832855900211,1,2,1
5,2,2,4,1.63173761500002,2.14388958999916,1,2,1
5,3,1,1,2.057883872003,2.57010104800065,1,2,1
5,1,1,4,1.79437742200025,2.25827003700033,1,2,2
5,2,2,4,1.33554499100137,2.21567568500177,1,2,1
5,4,4,2,1.56646807399738,3.43833703199925,1,2,1
5,1,1,3,1.02688844400109,1.77867874400181,1,2,4
5,1,1,4,1.26053818200307,1.78828405199965,1,2,3
5,3,4,1,1.2520562330028,2.6601502980011,1,2,1
5,2,2,3,1.32118125399938,3.44885453400275,1,2,3
5,4,4,3,1.4217743879999,2.09328430700043,1,2,3
5,2,2,4,1.19336179799939,1.6099828309998,1,2,3
5,3,1,1,3.32188343400048,3.6372975819977,1,2,1
5,2,2,4,1.04610981400037,1.36826464099795,1,2,1
5,4,4,4,1.47091348899994,2.31862932900185,1,2,3
5,3,3,4,1.57614417999866,1.88528796600076,1,1,NaN
5,2,2,3,1.29219254299824,1.69207676299993,1,1,NaN
5,1,1,3,0.904665101999854,1.38419962199987,1,1,NaN
5,1,1,1,1.58561199700125,1.90211769099915,1,1,NaN
5,3,3,1,1.36444733899771,1.9403260729996,1,1,NaN
5,1,1,1,1.67028507199939,1.98564812399854,1,1,NaN
5,2,2,4,1.39795370600041,2.21332183299819,1,1,NaN
5,4,4,4,1.14949950899972,2.15686452199952,1,1,NaN
5,4,4,2,1.44671550699786,1.76884555299694,1,1,NaN
5,2,2,3,1.2794539150018,1.60178947200257,1,1,NaN
5,3,3,3,2.78244518100109,3.39009972200074,1,1,NaN
5,3,3,3,1.70161731899861,2.02163085500069,1,1,NaN
5,4,4,1,1.36409858499974,1.68539964699812,1,1,NaN
5,3,3,3,1.45682343599765,2.11245662999863,1,1,NaN
5,4,4,2,1.91571043599834,2.23593993299801,1,1,NaN
5,4,4,1,1.20124497200231,1.51819877700109,1,1,NaN
5,1,3,1,3.20401720600057,3.52054274299735,1,1,NaN
5,2,2,1,1.42891657899963,1.75192937999964,1,1,NaN
5,3,3,3,1.27889562700148,1.69477385900245,1,1,NaN
5,1,1,3,1.37130848200104,1.69065900400165,1,1,NaN
5,2,2,4,0.998972518998926,1.3833582949992,1,1,NaN
5,3,3,3,2.11177980600041,2.43226753499766,1,1,NaN
5,4,4,2,1.4384016619988,1.95067218799886,1,1,NaN
5,3,3,3,1.68037705299867,2.36842542700106,1,1,NaN
5,3,3,1,1.61614654100049,1.93555761899916,1,1,NaN
5,3,3,3,1.21891074800078,1.98610066000037,1,1,NaN
5,2,2,3,1.49045244899753,1.93909593299759,1,1,NaN
5,3,3,4,1.25326042599772,1.62107120699875,1,1,NaN
5,2,2,4,1.38029306599856,2.13253505999819,1,1,NaN
5,4,4,4,1.27843974899952,1.60184966200177,1,1,NaN
5,3,3,4,1.24600774400096,2.20614020400171,1,1,NaN
5,1,3,2,1.86158117399827,2.19737290700141,1,1,NaN
5,3,3,4,1.43737036899984,1.88509605699801,1,1,NaN
5,1,4,1,1.07320614200216,1.42576713800008,1,1,NaN
5,1,2,1,2.00878117200045,2.66522547099885,1,1,NaN
5,4,4,4,2.46532380500139,2.78642209800091,1,2,1
5,4,3,2,1.05628068100123,1.95220854100262,1,2,3
5,2,2,4,1.04242457099826,2.49779547499929,1,2,4
5,4,4,3,1.21332262000215,2.06139540100048,1,2,2
5,4,3,4,1.09885321899856,1.6751463110013,1,2,3
5,2,2,4,1.36872250899978,2.10428042700005,1,2,1
5,2,2,4,1.09202403300151,1.40155518300162,1,2,3
5,4,2,1,0.987771369000257,2.09159889100192,1,2,3
5,4,4,3,2.02414191799835,3.11173997899823,1,2,1
5,3,3,4,1.57816778300185,2.09020589200009,1,2,1
5,4,4,1,2.50211818800017,2.83800648800025,1,2,2
5,3,3,4,1.42689420399984,1.73524619499949,1,2,4
5,4,4,4,1.37318079900069,1.68507994899846,1,2,1
5,3,3,4,1.38533995999751,1.72157339700061,1,2,2
5,2,2,4,1.0448344969991,1.39680026000133,1,2,4
5,2,2,4,1.16488776799815,1.50098200999855,1,2,3
5,3,3,4,1.05742007400113,1.37746447500103,1,2,2
5,1,3,1,2.58659404499849,2.90661366399945,1,2,3
5,2,2,4,1.38141875300062,2.53287901200019,1,2,3
5,2,2,4,0.895478606002143,1.21812016200056,1,2,1
5,1,1,1,1.74236068100072,2.05218532900108,1,2,2
5,4,4,3,1.42006624200076,2.12403269199785,1,2,1
5,1,4,1,2.95083298199825,3.27037376599765,1,2,4
5,1,1,1,2.73790446799831,3.64977536600054,1,2,4
5,3,4,2,2.10985681799866,2.46248435199959,1,2,4
5,4,4,4,1.14742718300113,1.46845293400111,1,2,1
5,4,4,2,1.55158586499965,2.4638493709972,1,2,2
5,3,3,4,1.56507429799967,1.88555843699942,1,2,2
5,1,1,4,1.39250198800073,1.72811101700063,1,2,4
5,3,3,4,1.29165103699779,1.64348840499952,1,2,1
5,3,3,4,1.1617923929989,1.48533442799817,1,2,2
5,2,2,4,0.926667675001227,1.66286845800278,1,2,3
5,4,4,4,1.51670354200178,1.8354413340021,1,2,2
5,2,2,4,1.18659223199938,1.52263994299938,1,2,4
5,1,1,3,1.06208296199839,1.44622149100178,1,2,2
5,1,1,4,0.867730350000784,1.23494493999897,1,1,NaN
5,3,3,4,1.28264948599826,1.60189849100061,1,1,NaN
5,1,1,4,0.945990889998939,1.39344081899981,1,1,NaN
5,2,2,4,0.810056758000428,1.13477570300165,1,1,NaN
5,4,4,3,0.973262339000939,1.62969090000115,1,1,NaN
5,2,1,4,1.34114698000121,1.6518605659985,1,1,NaN
5,4,3,4,1.21019617800266,1.6578708900015,1,1,NaN
5,1,1,4,1.75153807899915,2.0716565019975,1,1,NaN
5,2,2,4,1.38006989399946,1.70188755199706,1,1,NaN
5,1,1,4,0.89599590600119,1.63199018299929,1,1,NaN
5,1,1,3,0.76748608699927,1.19989969200105,1,1,NaN
5,2,2,4,0.99148195700036,1.77585251299752,1,1,NaN
5,3,3,2,1.03258408399779,1.51259032999951,1,1,NaN
5,1,1,3,0.940836359997775,2.02871510600016,1,1,NaN
5,4,2,1,1.14740910100227,1.64321333599946,1,1,NaN
5,1,3,1,2.68225642700054,3.0036212140003,1,1,NaN
5,4,4,4,0.992336766998051,1.30132160599896,1,1,NaN
5,4,4,3,0.924243204000959,2.23709963999863,1,1,NaN
5,1,1,3,1.02652872500039,1.36236422699949,1,1,NaN
5,3,3,3,1.56496990199958,2.8610393630006,1,1,NaN
5,3,3,4,1.80128590499953,2.15361806900182,1,1,NaN
5,3,3,3,0.978327860000718,1.36245031499857,1,1,NaN
5,1,1,3,1.05297796099694,1.43647615699956,1,1,NaN
5,1,2,3,0.915652431998751,1.39568919199883,1,1,NaN
5,1,1,2,1.51588035900204,2.12338365300093,1,1,NaN
5,3,3,3,1.23778779799977,1.63833979799892,1,1,NaN
5,3,3,4,1.66834182499952,2.02063846799865,1,1,NaN
5,4,4,2,1.74748490600177,2.17965192000338,1,1,NaN
5,4,3,2,1.08402386899979,1.72415683200234,1,1,NaN
5,2,2,1,1.19092772100339,1.55958255200312,1,1,NaN
5,2,2,2,1.30522360900068,1.81704059000185,1,1,NaN
5,1,1,3,1.19978519600045,2.25580043700029,1,1,NaN
5,1,1,3,1.17336869000064,1.90937822900014,1,1,NaN
5,4,4,3,1.4491084959991,2.08875862599962,1,1,NaN
5,2,2,4,1.10871288799899,1.57279501399898,1,1,NaN
5,1,3,2,2.15652798399969,2.54057793800166,1,3,3
5,3,3,4,1.04680434900001,1.39803071799906,1,3,1
5,3,3,4,1.16742539300321,1.51953444600076,1,3,1
5,3,1,1,1.8269020359985,2.37085210000077,1,3,1
5,3,3,2,0.930988986001466,1.45887674800179,1,3,1
5,3,3,4,0.905287191999378,1.21804171500116,1,3,1
5,1,1,2,0.888140949002263,1.44737821600211,1,3,3
5,1,1,4,1.00661529600256,1.39095625000118,1,3,3
5,3,3,4,0.823131981000188,1.13466118799988,1,3,1
5,1,3,1,1.0348385119978,2.87408924400006,1,3,3
5,1,1,4,0.982235949002643,1.59078115900047,1,3,3
5,1,1,4,0.966891362000752,1.33454763199916,1,3,3
5,1,1,3,0.945743072999903,1.3298533039997,1,3,3
5,3,3,4,0.957109161001426,1.2679551350011,1,3,1
5,3,3,4,0.955027908999909,1.30688352699872,1,3,1
5,1,3,1,1.03134350300024,2.24714368800051,1,3,3
5,3,3,4,0.876960632998816,1.62892207199911,1,3,1
5,1,1,4,0.78010038100183,1.27591901400228,1,3,3
5,3,3,3,0.890009335002105,1.33779413500088,1,3,1
5,1,1,4,0.884579755998857,1.25239071299802,1,3,3
5,3,3,4,1.05880094200256,1.41118017500048,1,3,1
5,3,3,3,0.843251944999793,1.41890495100233,1,3,1
5,3,1,1,1.79419963200053,2.13062807700044,1,3,1
5,1,1,3,1.11749311699896,1.43492293199961,1,3,3
5,1,1,4,0.915283145997819,1.23563032699894,1,3,3
5,1,1,3,1.42689333700037,2.19452276800075,1,3,3
5,1,1,4,1.00240866900276,1.43475949700223,1,3,3
5,1,1,2,0.929101197998534,1.64909104099934,1,3,3
5,1,1,2,0.959674363999511,1.61560945999736,1,3,3
5,1,1,3,0.87951299300039,1.23120210100024,1,3,3
5,3,3,3,0.814937400999042,1.23096600600184,1,3,1
5,1,1,4,1.32669017099761,1.69448618299793,1,3,3
5,1,1,4,1.65876355400178,1.96871976600232,1,3,3
5,1,1,1,1.48362052300217,2.76402561800205,1,3,3
5,1,1,4,1.57987301699904,1.91524144700088,1,3,3
6,3,3,4,1.89416448799966,3.12604390300112,1,3,4
6,4,4,3,3.68751019400224,4.53581968599974,1,3,3
6,4,3,1,5.40635889000259,6.23885237500144,1,3,3
6,3,3,4,1.48833593999734,1.80830525799684,1,3,4
6,3,3,3,1.68764508399909,2.03926730300009,1,3,4
6,4,4,3,1.78209614599837,2.15006167299725,1,3,3
6,3,3,4,1.40596429300058,1.71842640400064,1,3,4
6,3,3,1,1.7373797040018,2.0894457079994,1,3,4
6,3,3,4,1.52513998300128,1.92519816500135,1,3,4
6,3,3,3,1.44829828699949,1.87999157400191,1,3,4
6,4,4,3,1.35605649399804,1.8360307160001,1,3,3
6,3,3,3,1.20272287199987,1.51847434199954,1,3,4
6,4,4,4,1.97344115400119,2.37318650299858,1,3,3
6,3,4,3,1.43006516199966,1.83019069299917,1,3,4
6,4,4,4,1.34098031399844,1.65191376499934,1,3,3
6,3,3,2,1.14622392999809,1.67434544400021,1,3,4
6,3,3,1,1.47932265799682,2.10372386999734,1,3,4
6,3,3,2,1.63507675800065,2.25903293699957,1,3,4
6,4,4,3,1.20845832000123,1.51881694099939,1,3,3
6,3,3,3,1.08325891300046,1.41929801600054,1,3,4
6,4,4,4,1.18616394600031,1.63443775199994,1,3,3
6,4,3,1,1.15288078999947,1.76092216899997,1,3,3
6,3,3,4,1.09826641399923,1.43477036400145,1,3,4
6,3,3,4,0.993604644998413,1.31815950999953,1,3,4
6,4,4,4,1.11734868499843,1.43513487199743,1,3,3
6,4,4,2,1.74794823800039,2.16316479899979,1,3,3
6,4,4,3,1.29204561999723,1.70848912099973,1,3,3
6,4,3,1,1.54439720200025,2.16769835200103,1,3,3
6,3,3,4,1.26471803099776,1.58516650199817,1,3,4
6,3,3,3,1.58538117799981,2.00112354199882,1,3,4
6,4,4,4,1.26423833599983,1.61601806600083,1,3,3
6,4,4,4,1.12023391599723,1.43501841499892,1,3,3
6,3,3,4,0.869901580997976,1.18455942499713,1,3,4
6,3,3,4,0.726456083000812,1.20679406999989,1,3,4
6,4,4,3,1.1902859849979,1.70229602099789,1,3,3
6,4,3,3,2.5691209070028,3.01729056900149,1,1,NaN
6,4,4,3,1.77586852199966,2.31954641199991,1,1,NaN
6,4,1,1,2.12906891899911,2.48114025800169,1,1,NaN
6,3,3,3,1.08596573699833,1.48529378400053,1,1,NaN
6,1,1,4,1.58580807700127,1.95379168500222,1,1,NaN
6,1,2,1,1.37879824599804,1.70201750200067,1,1,NaN
6,1,1,4,1.32582628599994,1.63565334899977,1,1,NaN
6,3,3,3,1.37220766099927,2.23694794699986,1,1,NaN
6,1,1,4,1.23404403200038,1.55167195600006,1,1,NaN
6,3,4,1,1.74773571499827,2.13203558699752,1,1,NaN
6,1,1,3,1.23060825499851,1.55242577199897,1,1,NaN
6,2,1,3,1.3922424270022,1.70191320000231,1,1,NaN
6,3,3,3,2.25143759600178,2.93892013799996,1,1,NaN
6,2,2,4,1.58824024999922,2.5641908280013,1,1,NaN
6,2,4,3,1.6297109900006,2.0930986989988,1,1,NaN
6,1,1,4,1.27344032100154,1.58493314600128,1,1,NaN
6,2,2,3,1.14474134400007,1.6732089190009,1,1,NaN
6,1,1,4,1.2699876000006,1.58544919800261,1,1,NaN
6,3,2,2,1.0789786230016,1.40151020600024,1,1,NaN
6,4,4,4,1.56664872100009,1.8855048660007,1,1,NaN
6,3,1,3,1.25070981599856,1.56845069200062,1,1,NaN
6,2,2,4,1.10797850700328,1.41813132900279,1,1,NaN
6,4,1,1,1.21087183399868,1.53589203099909,1,1,NaN
6,3,3,2,1.3731967629974,1.77347532500062,1,1,NaN
6,1,1,4,1.4941556800004,1.819443761,1,1,NaN
6,1,1,3,1.24547923499995,1.5684734259994,1,1,NaN
6,4,4,4,1.45462804999988,1.7687938880008,1,1,NaN
6,3,3,4,1.39964166600112,1.71863162400041,1,1,NaN
6,4,3,1,1.79472047099989,2.1200629959967,1,1,NaN
6,4,4,1,1.74146775100235,2.05274347700106,1,1,NaN
6,2,2,4,1.14702079199924,1.53034508900237,1,1,NaN
6,3,3,4,1.42256241699943,1.73534278399893,1,1,NaN
6,3,3,4,1.00085167499856,1.31836195899814,1,1,NaN
6,1,1,1,1.22021584700269,1.53556152100282,1,1,NaN
6,4,3,1,1.3984014000016,1.71865755900217,1,1,NaN
6,2,2,4,1.3366175150004,1.65181196200137,1,2,3
6,1,1,4,1.55832531299893,1.86875382499784,1,2,4
6,4,4,4,2.55461071199898,2.86979018599959,1,2,3
6,1,3,2,1.50989473699883,2.03835477499888,1,2,3
6,3,3,4,1.603535602997,2.24366787399777,1,2,2
6,1,1,1,1.49777097799961,1.8187395290006,1,2,4
6,1,1,3,1.39148303099864,1.70246761399903,1,2,4
6,1,1,3,1.49972261000221,1.81897935100278,1,2,3
6,4,4,1,2.37011270900257,2.78563653400124,1,2,2
6,1,1,3,1.16882643500139,1.48589012999946,1,2,4
6,2,2,4,1.0776118069989,1.40161290899778,1,2,3
6,4,4,1,3.40536665000036,3.93344074799825,1,2,1
6,3,1,3,1.80651491000026,2.11959430999923,1,2,1
6,3,3,4,1.48050246600178,1.80201658300211,1,2,1
6,1,1,4,1.08715567699983,1.4015062819999,1,2,2
6,2,2,2,1.11141389100158,1.816064259001,1,2,4
6,3,3,4,1.23017781200178,1.75832311699924,1,2,4
6,3,3,3,1.78379923399916,2.10233416799747,1,2,2
6,3,3,4,1.10700972499762,1.41835608199835,1,2,2
6,2,2,4,1.22677735699835,1.77058522399966,1,2,3
6,3,3,1,1.39519696999923,1.71919203599828,1,2,4
6,3,3,3,1.35834837100265,1.66887796300216,1,2,4
6,4,1,1,1.32196330700026,1.63504734899834,1,2,1
6,3,3,4,1.17616540000017,1.50116974099728,1,2,4
6,2,2,4,1.01995228099986,1.33472665399677,1,2,4
6,2,2,4,0.983181245999731,1.43106773000181,1,2,1
6,3,3,4,1.10250323099899,1.41824836999876,1,2,4
6,4,2,1,1.04629000600107,1.39832440100145,1,2,2
6,3,3,4,1.02290039599757,1.33468944999913,1,2,2
6,3,1,1,1.89750228299818,2.3292886800009,1,2,1
6,2,2,4,1.17921223199664,1.50153283199688,1,2,3
6,3,3,4,1.35961168500216,1.96691934300179,1,2,4
6,4,4,1,2.12707670500095,2.45276693100095,1,2,3
6,4,1,2,1.70813546999852,2.01878745999784,1,2,1
6,4,4,4,1.4993685469999,1.81895265999992,1,2,1
6,2,2,4,1.39813397500257,1.71868834899942,1,1,NaN
6,1,1,4,1.28109496400066,1.76091338200058,1,1,NaN
6,2,2,4,0.922393125998497,1.23463076199914,1,1,NaN
6,1,1,3,1.51345652999953,1.86541266199856,1,1,NaN
6,2,2,4,1.00652610800171,1.31814551299976,1,1,NaN
6,3,4,1,2.50623394200011,2.87395276999814,1,1,NaN
6,1,1,4,1.38139389299977,1.70193087000007,1,1,NaN
6,3,2,3,1.29713329600054,1.61844588999884,1,1,NaN
6,2,2,4,1.10465052200016,1.41835388600157,1,1,NaN
6,1,1,4,1.09577754299971,1.60806623500321,1,1,NaN
6,2,2,4,1.06325722399924,1.38493199499862,1,1,NaN
6,4,4,1,1.93595414800075,2.2525580090005,1,1,NaN
6,4,4,1,2.08517564000067,2.40264522900179,1,1,NaN
6,2,2,4,1.02791464199981,1.3514573570028,1,1,NaN
6,2,2,3,1.08583770599944,1.40144689199951,1,1,NaN
6,4,4,3,1.78181064399905,2.16600741799994,1,1,NaN
6,3,3,3,1.42379283199989,1.73538809199817,1,1,NaN
6,2,2,4,1.04968841300069,1.36819863300116,1,1,NaN
6,2,2,4,0.962676260998705,1.28471850599817,1,1,NaN
6,4,4,4,1.48793075399954,1.80199980199905,1,1,NaN
6,3,3,4,1.57550624499709,1.88588355699903,1,1,NaN
6,2,2,3,1.00372328700178,1.3182362890002,1,1,NaN
6,2,1,1,1.41515234800318,1.97493836800277,1,1,NaN
6,2,2,4,1.06423334899955,1.38509977500144,1,1,NaN
6,1,1,4,1.13675058599983,1.45224330199926,1,1,NaN
6,2,3,1,2.88684024299801,3.47845652500109,1,1,NaN
6,3,4,3,1.38571531499838,2.60190903299736,1,1,NaN
6,2,2,3,1.24832664200221,1.72886266400019,1,1,NaN
6,2,2,4,1.05166908300089,1.36825406099888,1,1,NaN
6,3,3,4,1.58957758799806,1.90213704499911,1,1,NaN
6,1,2,1,1.38412772599986,1.70193825699971,1,1,NaN
6,2,2,4,1.02837203599847,1.35217108900179,1,1,NaN
6,2,1,2,1.549825408998,2.44581984799879,1,1,NaN
6,1,1,4,1.19579909100139,1.51857447500151,1,1,NaN
6,3,3,2,1.55124690900266,1.98320216000138,1,1,NaN
6,1,1,2,1.34978982100074,1.81407184300042,1,2,4
6,4,2,1,1.91764940299981,2.50998334700125,1,2,2
6,1,1,4,0.999596752997604,1.51180230399768,1,2,2
6,1,1,3,1.00375914899996,1.31814366900289,1,2,4
6,3,3,3,1.14294062399858,1.45156095899802,1,2,4
6,2,2,4,1.10114623699701,1.41828441699909,1,2,3
6,4,4,1,2.62840616199901,2.95357564999722,1,2,3
6,3,3,4,1.08455406600115,1.40150761199766,1,2,4
6,2,3,4,1.10827172200152,3.57169987599991,1,2,1
6,4,4,3,1.98596090300271,2.51463897600115,1,2,3
6,1,1,3,1.08595256699846,1.40167730099711,1,2,4
6,3,3,4,1.31844322899997,1.63514844499878,1,2,1
6,3,3,3,1.55616869600271,1.86899445500239,1,2,2
6,3,2,1,2.18437120199815,2.50455234199762,1,2,2
6,4,4,1,1.8430452169996,2.45065407899892,1,2,1
6,3,3,4,1.08793498799787,1.42397215899837,1,2,2
6,3,3,1,1.44748869500108,2.34308059099931,1,2,1
6,3,3,1,1.38524096200126,1.70186591500169,1,2,1
6,4,2,3,1.57198603199868,1.88523966499997,1,2,2
6,2,2,4,1.28877965500214,1.60225748700032,1,2,1
6,4,4,1,1.67166960100076,2.50324746299884,1,2,3
6,3,3,4,1.07462346600005,1.38474836500245,1,2,2
6,3,3,4,1.09905172000072,1.41821930700098,1,2,4
6,3,3,2,1.13791070300067,1.49041152199788,1,2,1
6,1,2,3,1.3981700559998,1.7817499499979,1,2,2
6,3,3,2,2.20741143899795,2.73526287099958,1,2,4
6,4,4,1,2.0967128500015,2.7042508859995,1,2,2
6,2,1,2,2.88268536599935,3.29872715300007,1,2,1
6,2,2,3,1.18122491000031,1.50212511599966,1,2,3
6,3,3,3,1.4095702400009,1.84128672899897,1,2,4
6,4,4,4,1.31961430500087,1.63542362900262,1,2,2
6,4,4,1,1.95845061799992,2.26905836800142,1,2,3
6,4,1,4,1.19492155000262,1.5183898840005,1,2,1
6,2,2,3,1.13388377500087,1.45162750600139,1,2,1
6,3,3,4,1.20425768899804,1.51836000299954,1,2,1
6,1,1,3,1.14966143299898,1.50194254400049,2,3,4
6,1,1,4,1.0900129670008,1.40133314099876,2,3,4
6,4,4,1,2.329227618,2.85768188799921,2,3,1
6,1,1,4,0.965786062999541,1.28507056499802,2,3,4
6,1,1,3,0.995246235997911,1.53926629999842,2,3,4
6,4,1,1,1.76520102300128,2.35774488999959,2,3,1
6,1,1,4,0.950317803999496,1.27062610999928,2,3,4
6,4,4,1,1.89195297200058,2.45175761499922,2,3,1
6,1,1,4,0.880533572999411,1.20151148700097,2,3,4
6,4,4,1,2.06483931799812,2.38609605999955,2,3,1
6,4,1,3,1.10352133500055,1.4181549950008,2,3,1
6,1,1,3,0.999343593000958,1.31812510500095,2,3,4
6,4,1,1,1.10554050100109,1.41818069600049,2,3,1
6,1,4,3,1.33706538899787,1.65191696399779,2,3,4
6,1,1,4,0.902044833001128,1.22291633300119,2,3,4
6,1,1,3,0.917826196000533,1.23459456400087,2,3,4
6,1,1,1,0.900059911000426,1.21790124600011,2,3,4
6,4,4,1,1.8282149810002,2.49999023299824,2,3,1
6,4,4,1,1.45460532000288,1.80649662600263,2,3,1
6,4,4,3,1.49389815700124,1.81892196400077,2,3,1
6,1,1,4,0.924623042999883,1.25144394000017,2,3,4
6,1,1,4,1.00284054599979,1.31825064500299,2,3,4
6,1,1,4,1.04545642700032,1.50938061899797,2,3,4
6,4,4,1,1.75334060399837,2.0895302209974,2,3,1
6,4,4,3,1.7811040250017,2.46892295100042,2,3,1
6,1,1,4,0.945274568002787,1.28100597900266,2,3,4
6,4,4,1,2.09452379600043,2.41964081300102,2,3,1
6,4,4,4,1.40523964199747,2.01296926500072,2,3,1
6,1,1,4,1.05239191099827,1.46839854399877,2,3,4
6,4,4,1,1.37786168400271,2.03406249000182,2,3,1
6,4,4,3,1.24702102599986,1.58275482200042,2,3,1
6,4,4,3,1.29604093200032,1.61852325400105,2,3,1
6,4,4,4,1.23061125900131,1.55192402399916,2,3,1
6,1,1,4,1.04115364799873,1.35139711399825,2,3,4
6,4,4,4,1.11417957899903,1.43497327299701,2,3,1
6,3,4,1,1.26435079800285,2.19192253200163,2,1,NaN
6,3,4,3,1.36824238700137,1.68527370900119,2,1,NaN
6,2,1,3,1.71626608199949,2.03562133100058,2,1,NaN
6,1,1,4,1.28255103600168,1.60170468300203,2,1,NaN
6,1,1,4,1.12297467400276,1.43513565800095,2,1,NaN
6,4,1,1,0.697521576999861,1.51348735899955,2,1,NaN
6,4,4,4,1.43708174800122,1.96570704199985,2,1,NaN
6,3,1,1,1.21493494599781,1.53531527999803,2,1,NaN
6,1,1,4,1.00959378499829,1.33511069700035,2,1,NaN
6,3,3,1,1.75613797400001,2.06876144799753,2,1,NaN
6,4,4,3,1.84838025699719,2.16923018599846,2,1,NaN
6,4,2,3,1.40892344299937,1.71871484200165,2,1,NaN
6,3,3,4,1.43614446199717,1.7520781389976,2,1,NaN
6,3,2,3,1.54137000600167,1.8518394950006,2,1,NaN
6,3,3,4,1.25878302400088,1.56877186999918,2,1,NaN
6,2,4,1,1.53179195600023,2.04377161100274,2,1,NaN
6,2,2,4,1.16191911600254,1.48525395000252,2,1,NaN
6,4,4,4,1.45503013800044,1.76871506399766,2,1,NaN
6,4,2,1,1.73466605299836,2.05222601699643,2,1,NaN
6,3,4,1,1.38060656699963,1.70204926500082,2,1,NaN
6,3,3,4,1.28066723699885,1.60184911499891,2,1,NaN
6,2,2,3,1.05574626100133,1.43975969000167,2,1,NaN
6,2,2,1,1.25461268900108,1.56842856300136,2,1,NaN
6,3,3,3,1.20835241199893,1.51831132900043,2,1,NaN
6,4,2,3,1.21177523500228,1.53513417300201,2,1,NaN
6,4,4,1,1.53384581600039,1.85206212900084,2,1,NaN
6,4,4,4,1.57192186499742,1.88548878499932,2,1,NaN
6,3,3,3,1.28828053100005,1.60200360100134,2,1,NaN
6,3,3,4,1.28746439899987,1.60185892499794,2,1,NaN
6,4,2,1,1.30318284700115,1.61823121400084,2,1,NaN
6,2,2,4,1.06250346099841,1.49423220300014,2,1,NaN
6,4,4,4,1.61114459899909,1.93561138499717,2,1,NaN
6,3,3,4,1.13285331100269,1.4515011959993,2,1,NaN
6,3,3,1,1.42673872399973,1.79429619900111,2,1,NaN
6,2,2,4,1.49813405999885,1.81854314799784,2,1,NaN
6,1,1,3,1.68666881900208,2.00225445300021,1,3,3
6,1,1,4,1.17354985100246,1.48489578999943,1,3,3
6,1,1,4,1.06688316700092,1.38492221699926,1,3,3
6,3,3,4,0.899929160997999,1.21806482699685,1,3,1
6,3,1,1,1.6661438250012,2.11432899300053,1,3,1
6,3,3,4,1.27789453100195,1.60181904199999,1,3,1
6,1,1,4,1.11724967899863,1.43490314999872,1,3,3
6,3,3,4,1.02765254999758,1.351559257997,1,3,1
6,1,1,4,1.18123939700308,1.50181577200055,1,3,3
6,3,3,4,1.07311727200067,1.38478944500093,1,3,1
6,3,3,2,1.17700203799905,1.99361957599831,1,3,1
6,1,1,4,1.14540147700245,1.46840615800102,1,3,3
6,3,3,4,1.15081004199965,1.46854510999765,1,3,1
6,1,1,4,0.931904033001047,1.25140851800097,1,3,3
6,3,1,2,1.71487837999666,2.16261274699718,1,3,1
6,3,3,1,1.24411121999947,1.56856840399996,1,3,1
6,1,1,4,1.06785877700167,1.38479436900161,1,3,3
6,1,1,4,0.885470977998921,1.20176650299982,1,3,3
6,3,3,4,1.09286387499742,1.40171409099639,1,3,1
6,3,3,4,1.42119974800153,1.73505450000084,1,3,1
6,1,1,3,0.88627360999817,1.20147573600116,1,3,3
6,3,3,2,1.25511362299949,1.56855216999975,1,3,1
6,3,1,1,1.54357516700111,2.05512737200115,1,3,1
6,3,3,4,1.07702084700213,1.38468886300325,1,3,1
6,3,3,1,1.27707072799967,1.58507421299873,1,3,1
6,1,1,1,1.24595131200113,1.56850226700044,1,3,3
6,3,3,4,1.02342062099706,1.33485940699757,1,3,1
6,1,1,4,0.921832719999657,1.23481695800001,1,3,3
6,1,1,4,1.12890445100129,1.45226344199909,1,3,3
6,3,3,4,1.03854790900004,1.35162920500079,1,3,1
6,3,3,4,1.16129394200107,1.48524907200044,1,3,1
6,1,1,4,1.02135566099969,1.3347865800024,1,3,3
6,3,3,4,1.32012924599985,1.63522142000147,1,3,1
6,1,1,4,1.03005437100001,1.35166982600276,1,3,3
6,3,3,4,0.991957881000417,1.301456676003,1,3,1
6,3,3,4,2.45105131899982,2.7698845470004,1,2,2
6,4,4,4,1.17063622699789,1.48508986799789,1,2,2
6,1,1,4,1.12686908199976,1.45159940500162,1,2,3
6,4,4,4,1.13270050999927,1.69274140299967,1,2,2
6,4,4,2,1.4815655520033,2.42542722700091,1,2,2
6,1,1,4,1.19199582899819,1.50167469399821,1,2,4
6,1,1,4,0.97127683600047,1.2847772540008,1,2,3
6,4,4,2,1.25576667199857,1.73531238599753,1,2,3
6,1,1,3,1.08973577900178,1.50541458900261,1,2,3
6,3,3,4,1.15786343200307,1.71715673300059,1,2,2
6,2,2,1,1.4557734839982,2.06361064999874,1,2,4
6,3,3,4,1.14982287199746,1.46850565699788,1,2,2
6,2,4,1,1.15475408800194,1.49079137700028,1,2,4
6,4,4,1,1.78309590299978,2.10237694899843,1,2,2
6,4,4,4,1.2180857050007,1.53513138500057,1,2,1
6,4,4,4,1.09273252400089,1.5245204769999,1,2,2
6,4,4,3,1.06282785200165,1.38501377099965,1,2,2
6,2,2,4,1.26410045199736,1.58505881800011,1,2,1
6,2,2,1,1.1038882990033,1.43952653700035,1,2,4
6,2,2,4,1.31910179099941,1.63530940399869,1,2,1
6,3,3,4,1.18807693500275,1.50148242700016,1,2,2
6,4,4,1,1.62457462800012,2.13664004699967,1,2,1
6,3,3,4,1.13845035099803,1.45156522400066,1,2,4
6,2,2,4,1.14447997400202,1.59289092100153,1,2,3
6,4,4,4,1.08117997899899,1.40173267700084,1,2,2
6,2,2,4,1.37702530399838,1.70196130499971,1,2,3
6,2,2,4,0.973163924998516,1.62876504499945,1,2,3
6,3,3,4,0.956748259002779,1.26813275000313,1,2,1
6,3,3,4,1.14517973200054,1.46842139900036,1,2,1
6,3,3,4,0.894906392000848,1.218136907999,1,2,1
6,4,2,1,1.2778651539993,1.60191756899803,1,2,2
6,2,2,4,1.24577469799988,1.56844203700166,1,2,1
6,4,4,1,1.6136624230021,1.99777253000138,1,2,2
6,4,4,4,1.38975684300021,1.71042781299911,1,2,3
6,4,2,1,1.54595035400052,1.86887610299891,1,2,2
6,2,2,4,1.21332253700166,1.58162887300205,1,3,1
6,2,2,4,1.07123414300077,1.55143198100268,1,3,1
6,1,2,3,1.02448677600114,1.36025148299814,1,3,2
6,1,1,4,1.1450517129997,1.46752508299687,1,3,2
6,1,2,1,1.31119133500033,1.63536879599997,1,3,2
6,1,1,4,1.0053513769999,1.3180627239999,1,3,2
6,1,1,2,1.40124738000304,1.92867780800225,1,3,2
6,2,2,4,1.24364869500278,1.56820242000322,1,3,1
6,2,2,4,0.892947988999367,1.21802275200025,1,3,1
6,1,1,2,1.24458549200062,1.65983629699986,1,3,2
6,2,2,2,1.25851203599814,1.65781201799837,1,3,1
6,2,2,4,1.06366157899902,1.38500456699694,1,3,1
6,1,1,4,1.05639245100247,1.40830851400096,1,3,2
6,1,1,4,0.983882067001105,1.30127932400137,1,3,2
6,2,2,4,1.07579734600222,1.38473495500148,1,3,1
6,2,2,4,0.908489010002086,1.21795205400122,1,3,1
6,1,1,4,1.03536058100144,1.35146536500179,1,3,2
6,1,1,4,0.885676632999093,1.20134071600114,1,3,2
6,1,1,4,1.20632698700138,1.51835398700132,1,3,2
6,1,1,4,1.00132922799821,1.31828253099957,1,3,2
6,1,1,2,1.36514038600217,1.76472510100211,1,3,2
6,2,1,2,1.45477218400265,1.90275733700037,1,3,1
6,2,2,4,1.15356044500004,1.46829156300009,1,3,1
6,2,2,4,0.85493051499725,1.1680604769972,1,3,1
6,1,1,2,1.06357925499833,1.47934391699891,1,3,2
6,2,2,4,0.973122915998829,1.2848040300014,1,3,1
6,1,1,4,0.826090180002211,1.13455062499997,1,3,2
6,1,1,1,1.35730179999882,1.66841984999701,1,3,2
6,2,2,4,0.921994316999189,1.23485463800171,1,3,1
6,1,1,4,1.12947295300182,1.45185084200057,1,3,2
6,1,2,1,1.08647077400019,1.56657300900042,1,3,2
6,1,1,4,1.03995077699801,1.35155436700006,1,3,2
6,1,1,4,0.90537378800218,1.21795896200274,1,3,2
6,2,2,4,1.06482275899907,1.38536764299715,1,3,1
6,2,2,4,0.961832179000339,1.28544936099934,1,3,1
6,1,1,3,1.34900168600143,1.66853439899933,1,2,4
6,4,2,1,1.29821185000037,1.61846994799998,1,2,2
6,4,2,1,1.96918405000179,2.35339358900092,1,2,2
6,3,3,4,1.29849724499945,1.73057300900109,1,2,4
6,4,4,4,1.29315510499873,1.61865554799806,1,2,2
6,1,3,2,1.70861655599947,2.17244491699967,1,2,3
6,1,1,3,1.31661538800108,1.63514971599943,1,2,4
6,2,2,3,1.05972225000005,1.41127306099952,1,2,1
6,4,4,4,1.17936551199818,1.50141108399839,1,2,2
6,1,1,3,1.16764644000068,1.503914162,1,2,3
6,3,2,3,1.09060604399929,1.50740486299765,1,2,2
6,4,3,2,1.36731809699995,1.76749120800014,1,2,3
6,2,2,4,1.0709192989998,1.40167006199772,1,2,4
6,2,3,2,1.1431823540006,1.57514433500182,1,2,3
6,1,1,4,1.04898885600051,1.36840482299885,1,2,2
6,2,2,4,1.33038837300046,1.65189067900064,1,2,1
6,4,2,2,1.36053622100007,1.69649570800175,1,2,2
6,2,2,4,1.08488245500121,1.40171612700215,1,2,1
6,4,4,1,1.36369228100011,1.68524373900073,1,2,2
6,1,4,1,1.39263447700068,2.17596736500127,1,2,4
6,3,3,4,1.09595068900308,1.41835860100036,1,2,1
6,4,4,1,2.08004161200006,2.40278033700088,1,2,1
6,3,3,1,2.86289083600059,3.42245485300009,1,2,1
6,1,1,1,1.17195333599739,1.4849008659985,1,2,2
6,1,1,1,2.10418448500059,2.61625140799879,1,2,4
6,2,2,4,1.03846619999968,1.35138568299953,1,2,3
6,2,1,1,1.19236700599868,1.72009506099857,1,2,1
6,3,3,4,1.17123357500168,1.48512936200132,1,2,1
6,3,3,4,1.35133883600065,1.66897707799944,1,2,1
6,3,3,3,1.17291914900125,2.21236148200114,1,2,1
6,2,3,3,1.25912278200121,1.56837062100021,1,2,3
6,2,1,1,1.77192868999919,2.08577206300106,1,2,1
6,2,2,1,2.1992930209999,2.7753587469997,1,2,1
6,4,3,1,3.25568080599987,3.57078163100232,1,2,3
6,3,3,4,1.52685583499988,1.83565670399912,1,2,4
6,2,3,1,1.66765312300049,2.29176010800074,1,1,NaN
6,1,1,4,1.46315635200153,2.00748012999975,1,1,NaN
6,2,2,3,1.33448616399983,1.65222356099912,1,1,NaN
6,3,3,4,1.10770034599773,1.70014469899979,1,1,NaN
6,3,3,4,0.975383032000536,1.28459370999917,1,1,NaN
6,1,1,4,1.38801106200117,1.70178586100155,1,1,NaN
6,4,4,3,1.67095560600137,2.27946128099939,1,1,NaN
6,2,2,3,1.17952426999909,1.72377227299876,1,1,NaN
6,4,4,3,1.67064273100186,1.99031065000236,1,1,NaN
6,3,1,1,1.55857037199894,1.86857625299672,1,1,NaN
6,2,2,4,1.11532179599817,1.69070348499736,1,1,NaN
6,2,4,1,1.73599242400087,2.05220129400186,1,1,NaN
6,1,1,2,1.86010962100045,2.16894943599982,1,1,NaN
6,3,3,4,1.24461939499815,1.56846895299896,1,1,NaN
6,3,3,4,0.942243862999021,1.25130975399952,1,1,NaN
6,4,4,3,1.5487198080009,2.04460899600235,1,1,NaN
6,3,3,4,1.27478454499942,1.58504851299949,1,1,NaN
6,2,2,3,1.11550877699847,1.43505628300045,1,1,NaN
6,2,2,4,0.994339453998691,1.31833169399761,1,1,NaN
6,1,1,2,1.50093459799973,1.99719788500079,1,1,NaN
6,2,2,4,1.27762524100035,2.10941482500129,1,1,NaN
6,1,1,4,1.14461327800018,1.46848322900041,1,1,NaN
6,4,4,3,1.53376178299732,1.8520981119982,1,1,NaN
6,4,4,3,1.69937653899979,2.01906265899743,1,1,NaN
6,4,4,3,1.52201679000063,2.01785699399989,1,1,NaN
6,2,2,4,1.05658134300029,1.3679178070015,1,1,NaN
6,2,2,4,1.0811697570025,1.94565905499985,1,1,NaN
6,3,2,1,1.21149557800163,1.72329383000033,1,1,NaN
6,4,1,2,1.23826703399754,1.55171146999783,1,1,NaN
6,3,3,4,1.30445319700084,1.61847422100254,1,1,NaN
6,2,2,4,0.967631670999253,1.28751119699882,1,1,NaN
6,4,1,1,1.55571770299866,2.29236915299771,1,1,NaN
6,1,4,2,2.23177156900056,2.80750504200114,1,1,NaN
6,2,2,4,1.04648492100023,1.3683169520009,1,1,NaN
6,2,2,4,1.00764101400273,1.31812995800283,1,1,NaN
6,3,3,4,1.24683328600076,1.83908602199881,1,2,1
6,1,1,1,1.71772272200178,2.03557371400166,1,2,2
6,4,3,3,1.21905918300035,1.53499455700148,1,2,3
6,2,2,4,0.965865989997837,1.28483255199899,1,2,1
6,1,1,4,1.09013226599927,1.40144317099839,1,2,4
6,2,1,1,1.16181805900123,1.62607837999894,1,2,1
6,2,2,4,1.03309795300083,1.35166555700198,1,2,3
6,3,3,3,1.01132945000063,1.33490295299998,1,2,4
6,2,2,4,1.02127829099845,1.33479199399881,1,2,4
6,1,1,1,1.89632035700197,2.21971205199952,1,2,3
6,3,3,4,0.990444792001654,1.30131850899852,1,2,4
6,2,2,4,1.001943457999,1.31802605700068,1,2,1
6,2,2,3,0.917338786002801,1.5093758710027,1,2,3
6,2,2,4,1.06483416500123,1.59317770499911,1,2,1
6,4,2,1,2.07353911700193,2.38549785800205,1,2,2
6,3,1,2,1.16136086999904,1.54539899199881,1,2,1
6,2,2,3,1.22795617999873,1.55150024199975,1,2,4
6,1,1,4,1.45378264199826,1.83840991599936,1,2,2
6,2,2,4,0.899966431999928,1.49172444299984,1,2,4
6,4,4,1,2.679999046999,3.00345050100077,1,2,1
6,1,1,4,1.11912888000006,1.43500416000097,1,2,3
6,4,2,1,2.18164428899763,2.54984696099928,1,2,2
6,2,2,4,0.990664249999099,1.30147308300002,1,2,3
6,2,2,3,2.28356358199744,2.68295716099965,1,2,3
6,4,1,3,1.32759830099894,1.66350921100093,1,2,1
6,2,2,4,1.06907759200112,1.38506997600052,1,2,3
6,2,2,4,0.949079059999349,1.26825640600146,1,2,4
6,3,3,4,1.07484096299959,1.40171835100045,1,2,1
6,1,1,4,1.2744965569982,1.58501187100046,1,2,3
6,2,1,3,0.827100137001253,2.47490433600251,1,2,3
6,2,2,4,0.935196272999747,1.25141975899896,1,2,4
6,4,4,1,2.59734364199903,3.18907159800074,1,2,1
6,2,2,4,0.89981202099807,1.21823519999816,1,2,1
6,4,1,4,1.31531437900048,1.63522289600223,1,2,1
6,1,1,4,0.928794611998455,1.25143506300083,1,2,4
6,4,4,3,1.49353924900061,1.87759129500046,1,1,NaN
6,4,4,2,1.78714703999867,2.37850623199847,1,1,NaN
6,3,3,1,1.5143985049981,1.83522205199915,1,1,NaN
6,4,2,4,1.10480383100003,1.41815652700097,1,1,NaN
6,4,4,4,1.40069413600213,1.71905227500247,1,1,NaN
6,1,1,4,1.36338816699936,1.95509310000125,1,1,NaN
6,1,3,1,1.55643948800207,1.86870556800204,1,1,NaN
6,2,2,4,1.03348317199925,1.35142404199723,1,1,NaN
6,1,1,4,0.930809924997448,1.25150729400048,1,1,NaN
6,1,1,4,0.896997761999955,1.21808618599971,1,1,NaN
6,4,2,1,2.04773590699915,2.52810498100007,1,1,NaN
6,4,4,3,1.51300546700077,2.3292675470002,1,1,NaN
6,4,1,2,1.93266318099995,2.25329670000065,1,1,NaN
6,1,1,3,1.13733069699811,1.50578754600065,1,1,NaN
6,3,4,2,1.97357137299696,2.28572450399952,1,1,NaN
6,4,4,1,1.52967449700009,1.85215517699908,1,1,NaN
6,1,1,3,1.51912187999915,1.83552114899794,1,1,NaN
6,2,4,2,1.44496854399767,1.76873327799694,1,1,NaN
6,3,3,4,1.63059382099891,1.95229544600079,1,1,NaN
6,4,4,2,1.53633052099758,1.88775268300014,1,1,NaN
6,2,3,3,1.79640701600147,2.11916521700186,1,1,NaN
6,3,3,4,1.32693451500018,1.66251112200189,1,1,NaN
6,4,4,2,1.6755331730019,1.9856412400004,1,1,NaN
6,3,3,4,1.22850429500249,1.82014012400032,1,1,NaN
6,1,1,4,2.24243104300331,2.77078592500038,1,1,NaN
6,2,3,4,1.47462429699954,1.95401628200125,1,1,NaN
6,4,4,2,1.33157161700001,1.65176734999841,1,1,NaN
6,1,1,3,1.44134048600245,1.75176010400173,1,1,NaN
6,4,4,3,1.48225730700142,1.80191130499952,1,1,NaN
6,4,4,3,1.50564989399936,1.81863194000107,1,1,NaN
6,1,1,3,1.30355060700094,1.618193944003,1,1,NaN
6,4,2,1,1.49520179400133,1.81874561999939,1,1,NaN
6,1,1,3,1.13385950999873,1.45170035299816,1,1,NaN
6,1,1,3,1.31535124899892,1.63517144699654,1,1,NaN
6,3,3,3,1.26653319300021,1.58566053900358,1,1,NaN
6,3,3,3,1.64125870800126,2.16930044500259,1,3,2
6,2,2,3,1.44175867100057,1.75188598700333,1,3,3
6,2,2,4,1.11491257599846,1.43485849799981,1,3,3
6,3,3,4,1.12229974000002,1.43514948499796,1,3,2
6,2,2,3,1.07989093699871,1.40150874399842,1,3,3
6,2,2,4,1.10407329599911,1.59995109699958,1,3,3
6,3,3,4,1.05639990399868,1.5677230859983,1,3,2
6,3,2,1,1.32886586699897,1.6520133060003,1,3,2
6,3,3,3,1.31112799499897,1.8228779609999,1,3,2
6,2,2,3,1.06199512799867,1.38492573099938,1,3,3
6,2,2,3,1.18259728699923,1.50170512399927,1,3,3
6,2,2,4,0.931030162999377,1.25154621800175,1,3,3
6,3,3,4,1.48939679500108,1.80203491900102,1,3,2
6,3,4,1,1.57664998399923,1.94485822900242,1,3,2
6,3,3,1,1.48245966600007,1.91406393300349,1,3,2
6,2,2,3,0.942232340999908,1.48622129000069,1,3,3
6,3,3,3,1.05789125799856,1.61765385800027,1,3,2
6,2,2,2,1.13694901099734,1.45704165999996,1,3,3
6,3,3,4,0.951342607000697,1.26818093999827,1,3,2
6,3,3,3,1.14097754699833,1.70054864399935,1,3,2
6,2,2,4,0.960599768997781,1.28495828900122,1,3,3
6,3,3,3,1.13325695700041,1.45162590400287,1,3,2
6,2,2,4,1.21906179600046,1.53493467999942,1,3,3
6,3,3,4,1.17357020200143,1.50966427299863,1,3,2
6,3,3,4,0.969675891999941,1.28480218100231,1,3,2
6,3,3,4,1.03055307600152,1.35169126700202,1,3,2
6,3,3,4,0.880293163001625,1.20146981200014,1,3,2
6,2,2,4,0.816890967998916,1.15263812299963,1,3,3
6,3,2,1,1.33037379300004,1.69855924500007,1,3,2
6,3,3,2,1.40686961599931,1.96734848099732,1,3,2
6,3,2,1,0.926598043999547,2.07919340399894,1,3,2
6,2,2,2,1.40349490199878,1.71884504799891,1,3,3
6,3,3,2,1.141927673998,1.45138102700002,1,3,2
6,2,3,1,1.83662011100023,2.30032346400185,1,3,3
6,3,3,3,1.4229440199997,1.73538538899811,1,3,2
6,2,2,3,1.75672065099934,2.28516809799839,1,2,3
6,3,3,3,1.21680392900089,1.53568024099877,1,2,2
6,2,1,3,1.2830646279981,1.90702855500058,1,2,1
6,2,2,3,1.2064257719976,1.51862190199972,1,2,1
6,2,2,4,1.27296775500145,1.584986175003,1,2,3
6,2,2,4,1.06581542899949,1.57763550299933,1,2,1
6,1,4,1,2.12183777899918,2.43645167799696,1,2,4
6,4,4,1,1.84784244399998,2.16914132300008,1,2,3
6,2,2,4,1.4887016520006,1.80199575600273,1,2,4
6,3,3,4,1.16010231499968,1.64022027800092,1,2,4
6,3,4,1,1.79848409699844,2.11915601500004,1,2,4
6,2,2,4,1.08874747799928,1.40155124100056,1,2,3
6,4,1,3,1.16156731000228,1.48510093200093,1,2,1
6,1,1,3,1.37436528300168,1.68508778999967,1,2,2
6,1,1,3,1.11474507000094,1.75405310100177,1,2,2
6,2,2,3,1.41245986400099,2.2921295720007,1,2,3
6,1,3,2,1.40044901399961,2.05578799599971,1,2,3
6,4,2,2,1.23746317800033,1.55194435700105,1,2,2
6,1,1,2,1.23912930199731,1.55194977299834,1,2,3
6,1,4,1,2.95349145100045,3.27037193399883,1,2,3
6,3,3,4,1.26858932500181,1.58510819100047,1,2,1
6,2,2,1,1.18877305900241,1.5018710100012,1,2,3
6,2,2,4,1.04886006900051,1.41651885399915,1,2,1
6,4,4,1,1.69577790299809,2.17625905599925,1,2,2
6,1,1,4,1.04868919900036,1.36874152400196,1,2,3
6,1,1,3,1.34564831800162,1.7140102830017,1,2,2
6,4,2,2,1.08494650600187,1.4529176420001,1,2,2
6,1,1,4,0.995403928001906,1.58734090100188,1,2,4
6,2,2,4,1.13898793399858,1.61884416799876,1,2,3
6,3,4,1,1.61802388499927,1.93797416999951,1,2,4
6,2,2,2,1.38063545499972,2.13265294599842,1,2,1
6,2,2,3,1.31082003499978,1.63530713,1,2,1
6,1,1,4,0.956623535999825,1.26804964899929,1,2,3
6,2,1,1,1.56217588100117,1.8855028930011,1,2,1
6,3,3,4,1.27919284900054,1.60179335400244,1,2,4
6,4,4,1,2.10110348000308,2.4193078160024,1,3,2
6,2,2,3,1.02786613200078,1.35153335200084,1,3,4
6,4,2,1,1.80525616900195,2.11894971899892,1,3,2
6,2,4,1,1.57589576700047,2.16757827200126,1,3,4
6,4,4,3,1.26415385799919,1.58514122699853,1,3,2
6,2,2,2,1.3121711849999,2.6564047920001,1,3,4
6,2,2,4,1.12459822600067,1.43510418300139,1,3,4
6,4,2,2,1.08313251299842,1.40158610199796,1,3,2
6,4,4,1,1.26664399600122,1.58505551399867,1,3,2
6,4,2,1,1.57149073699838,1.88531204700121,1,3,2
6,2,2,4,0.982588285001839,1.30137838000155,1,3,4
6,2,2,3,1.07456852999894,1.7310232259988,1,3,4
6,2,4,1,1.24636265999652,1.56867883799714,1,3,4
6,2,2,3,1.07125422899844,1.38478788800057,1,3,4
6,4,4,3,1.23893621999741,1.81566172800012,1,3,2
6,4,4,3,1.34330436700111,1.65178251399993,1,3,2
6,2,2,4,0.844670447000681,1.16801871799908,1,3,4
6,4,4,1,1.18219847500222,1.50206638000236,1,3,2
6,2,2,4,1.02563041999747,1.33478227199885,1,3,4
6,4,2,1,1.53294748800181,1.85217649100014,1,3,2
6,4,4,4,1.09000696799922,1.40142316099809,1,3,2
6,4,2,4,0.906099812000321,1.22563166300097,1,3,2
6,4,4,3,1.28953488199841,1.60974886199983,1,3,2
6,4,4,3,1.17732166199858,1.50183173799815,1,3,2
6,2,2,4,0.90882626900202,1.21816882500207,1,3,4
6,4,2,2,1.50009238600251,1.81873287000053,1,3,2
6,4,4,1,1.37830727099936,1.70222865699907,1,3,2
6,2,2,4,1.0863769259995,1.40165106600034,1,3,4
6,4,4,4,1.25425072099824,1.56837826899937,1,3,2
6,4,4,2,1.51148066400128,2.15113019599812,1,3,2
6,2,2,4,0.896689074001188,1.21780384999875,1,3,4
6,2,2,2,1.3440628060016,1.65170023300016,1,3,4
6,4,4,4,1.22987240300063,1.55188388700117,1,3,2
6,2,2,3,1.10416703400188,1.41830238800321,1,3,4
6,4,4,3,1.3675559450021,1.95900775200062,1,3,2
6,4,2,2,1.87153593699986,2.39911365199805,1,1,NaN
6,1,1,4,1.21512710699972,1.53519463799967,1,1,NaN
6,1,1,4,0.944865887999185,1.45695428999898,1,1,NaN
6,1,1,4,0.887474309998652,1.20170181499998,1,1,NaN
6,3,3,4,1.46279022400267,1.78556149500218,1,1,NaN
6,4,4,4,1.37553435800146,1.88695801200083,1,1,NaN
6,4,2,2,1.28276879999976,1.60210997400281,1,1,NaN
6,1,1,3,1.33060967799975,1.65177547699932,1,1,NaN
6,3,3,4,1.26448022299883,1.58523355199941,1,1,NaN
6,4,4,1,1.63305939299971,1.9521716379968,1,1,NaN
6,1,1,2,1.39467160300046,2.01884654499736,1,1,NaN
6,4,4,1,1.44102854000084,1.96884100700117,1,1,NaN
6,3,3,4,1.20142370399844,1.51856557599967,1,1,NaN
6,4,4,2,1.55715880399657,1.86866512399865,1,1,NaN
6,3,3,3,1.41674987399892,1.88119356599782,1,1,NaN
6,3,3,4,1.08604282600209,1.40168507999988,1,1,NaN
6,2,2,3,1.04570298600083,1.36825291200148,1,1,NaN
6,2,2,2,1.61491291299899,1.93575474300087,1,1,NaN
6,4,1,1,3.56921856400004,4.00148555799751,1,1,NaN
6,2,4,1,1.9829956249996,2.30269021300046,1,1,NaN
6,2,2,2,1.32958867500201,1.65197289100252,1,1,NaN
6,1,1,4,1.56762904000061,1.88539851099995,1,1,NaN
6,4,4,3,1.66669206900042,1.98550313600208,1,1,NaN
6,4,4,2,1.73134987200319,2.05232696000166,1,1,NaN
6,2,2,4,1.16807579500164,1.50342567299958,1,1,NaN
6,1,3,3,1.31589090800117,1.6350699900031,1,1,NaN
6,3,3,3,1.32940541700009,1.65194124499976,1,1,NaN
6,4,2,1,1.29547011999966,1.61844081899835,1,1,NaN
6,2,2,3,1.47026697899855,1.78522501000043,1,1,NaN
6,3,3,4,1.47920850900118,1.80205126900182,1,1,NaN
6,4,4,2,1.67852560000028,2.00254094299817,1,1,NaN
6,1,1,4,1.5015395449991,1.81864457899792,1,1,NaN
6,3,3,4,1.23666301499907,1.55172376799965,1,1,NaN
6,1,1,3,1.7342034400026,2.05223231700074,1,1,NaN
6,1,1,4,1.18711564600017,1.68274753699734,1,1,NaN
7,1,1,3,4.56964474000051,6.07409505200121,1,2,3
7,2,2,4,3.16975938399992,3.89041420600188,1,2,1
7,3,3,4,3.17198104099953,3.93953259399859,1,2,4
7,1,2,2,6.14741055999912,8.11545549799848,1,2,2
7,2,2,4,2.55156870100109,3.87978013700194,1,2,4
7,2,2,2,3.38604427500104,4.56989600499946,1,2,4
7,1,2,1,4.25531554799818,4.57534217399734,1,2,2
7,4,4,4,3.3335450270024,4.27774391300045,1,2,1
7,1,3,4,2.27992389700012,2.90401773000121,1,2,3
7,2,2,4,2.19370404000074,2.91452916799972,1,2,4
7,2,2,4,2.06113220100087,2.54059942100139,1,2,4
7,3,3,4,1.7186271419996,2.05452928700106,1,2,2
7,4,4,4,1.90705901699766,2.32294245400044,1,2,1
7,3,3,4,3.47764274899964,3.79727810099939,1,2,1
7,3,3,4,1.72348735700143,2.18752979400233,1,2,1
7,3,3,4,1.50740655200207,3.41160610600127,1,2,2
7,2,2,3,2.63261973200133,3.62486044199977,1,2,1
7,3,3,4,1.95720232399981,2.3255673959975,1,2,2
7,1,1,4,2.55189715899905,3.70449893600016,1,2,3
7,2,2,3,2.2738354510002,3.63395623999895,1,2,1
7,4,4,3,5.69443839899759,6.81472618899716,1,2,3
7,1,1,2,2.69726958499814,3.25641324899698,1,2,3
7,4,4,2,1.73333664399979,3.06122289500126,1,2,2
7,3,3,4,1.9455849449987,3.43275654999889,1,2,1
7,4,4,2,1.98226387300019,3.07083911399968,1,2,2
7,3,3,3,1.85825436199957,3.69793263899919,1,2,2
7,2,3,2,2.84405748899735,4.66847501599841,1,2,3
7,1,1,3,2.47840268599975,3.79109693400096,1,2,2
7,2,2,3,1.62085762900097,2.54847171200163,1,2,3
7,3,3,3,3.95043363400328,5.47087428300074,1,2,4
7,1,1,2,2.55897824299973,3.27894572600053,1,2,3
7,2,2,2,2.48975455899927,3.08167475200025,1,2,1
7,1,4,2,3.06923804299731,3.78997183299725,1,2,4
7,3,4,2,2.30828169099914,7.31620353399921,1,2,1
7,1,4,2,3.64162596799724,4.34582647899879,1,2,4
7,4,1,3,2.49457978099963,3.61454115300148,1,1,NaN
7,4,4,3,1.32389942299778,1.97994929199922,1,1,NaN
7,3,3,3,1.4211027679994,1.93315821900251,1,1,NaN
7,3,2,3,2.38373409300038,3.11929989000055,1,1,NaN
7,2,3,1,2.48133398299979,4.06515171499996,1,1,NaN
7,1,3,3,2.25222922899775,3.54805025599853,1,1,NaN
7,4,1,2,1.78902884499985,2.42899312300142,1,1,NaN
7,4,4,2,1.69169900499764,2.36307154300084,1,1,NaN
7,4,4,2,2.54023483100173,3.24389950900149,1,1,NaN
7,4,3,3,3.3522972819992,4.50441549499737,1,1,NaN
7,1,1,4,2.08116023899856,4.12861360299939,1,1,NaN
7,3,3,4,1.68944559500233,3.24132770800134,1,1,NaN
7,3,3,3,2.39035652999883,3.04625758100156,1,1,NaN
7,2,1,2,3.61113291199945,4.65137844700075,1,1,NaN
7,3,3,3,2.30219685300108,4.734567599,1,1,NaN
7,1,1,3,2.04625503199713,2.86219932999666,1,1,NaN
7,2,2,4,2.28278724200209,2.90633851500024,1,1,NaN
7,3,3,4,1.76490499300053,2.1491174699986,1,1,NaN
7,1,2,4,2.89552264799931,3.50321291400178,1,1,NaN
7,2,2,4,1.50509591599985,1.88839377499971,1,1,NaN
7,2,1,1,2.43736579300094,2.86931572300091,1,1,NaN
7,1,2,3,4.08092700099951,4.96124108599906,1,1,NaN
7,3,3,4,1.63919410099697,1.9524476589977,1,1,NaN
7,2,2,4,2.08883383800276,2.60017895200144,1,1,NaN
7,1,2,2,1.88840264600003,2.27203996299795,1,1,NaN
7,1,3,2,1.46027022099952,1.82859845699932,1,1,NaN
7,3,2,3,1.25993987699985,2.20322500000111,1,1,NaN
7,1,1,3,2.35505131599712,3.47452437599713,1,1,NaN
7,2,2,4,1.49367963400073,1.98997275199872,1,1,NaN
7,3,3,4,1.38183802699859,1.7020336659989,1,1,NaN
7,4,4,4,1.39410361699993,1.70188110399977,1,1,NaN
7,2,2,4,1.46992299699923,1.78560705899872,1,1,NaN
7,4,4,4,1.44492380800148,1.75197993999973,1,1,NaN
7,4,4,4,1.29516915000204,1.60173995399964,1,1,NaN
7,3,3,4,1.75883553699896,2.06914663199859,1,1,NaN
7,2,3,4,2.37005713300096,3.69840505200045,1,3,3
7,2,2,3,2.34891735900237,3.16431213500255,1,3,3
7,3,3,4,1.94850381200013,3.18125121400226,1,3,2
7,2,2,4,2.12461786699714,2.84459149399845,1,3,3
7,2,2,4,1.70589391799876,2.39406447099827,1,3,3
7,2,2,4,1.14528280599916,1.64081944099962,1,3,3
7,3,2,1,2.96751275799761,3.33579368899882,1,3,2
7,3,3,4,1.96850598499805,2.44861382899762,1,3,2
7,3,3,4,2.33443020599952,2.76610922200052,1,3,2
7,3,3,4,1.27914217599755,1.60205377999955,1,3,2
7,3,2,4,2.0138536930026,2.46216954300326,1,3,2
7,3,3,4,1.59530421399904,2.41095914299876,1,3,2
7,2,2,4,1.4503677190005,1.94565517400042,1,3,3
7,2,2,4,1.00394333999793,1.31824286199844,1,3,3
7,2,2,4,0.918818892998388,1.39851643699876,1,3,3
7,2,2,4,1.18387316199733,1.5521215009976,1,3,3
7,2,2,4,1.26442003699776,1.58437284200045,1,3,3
7,3,1,4,1.55382926099992,1.86879393699928,1,3,2
7,2,2,4,1.44613931899949,1.76861841599748,1,3,3
7,3,3,4,1.21547293700132,1.69530459100133,1,3,2
7,3,4,4,1.37170898299883,1.72367775099701,1,3,2
7,2,2,2,3.95920539700091,4.39128766100112,1,3,3
7,2,2,4,2.14887573899978,2.6924270970012,1,3,3
7,3,3,4,2.07107789899965,2.42351960900123,1,3,2
7,2,2,3,2.0542542889998,2.95041601100093,1,3,3
7,3,3,3,2.01523714900031,2.35106643299878,1,3,2
7,3,2,2,2.95946928700141,3.27049902499857,1,3,2
7,2,2,4,1.24337841200031,1.61056697900131,1,3,3
7,3,3,2,2.18710591799754,2.50289224500011,1,3,2
7,3,3,2,1.17416698599845,1.54177592399719,1,3,2
7,2,2,2,1.89687412299827,2.40865912299705,1,3,3
7,3,2,3,1.75148559299851,3.07916249700065,1,3,2
7,3,3,4,1.78710984799909,2.10719749599957,1,3,2
7,3,3,4,1.44644814899948,1.76887592400089,1,3,2
7,3,3,4,1.08712501699847,1.61554806099957,1,3,2
7,1,3,3,2.12972337599786,2.45281623899791,1,1,NaN
7,2,2,3,1.62999750200106,1.96666975100015,1,1,NaN
7,4,4,4,1.32812384800127,1.79179105200092,1,1,NaN
7,3,3,2,1.78419415299868,2.29631152599904,1,1,NaN
7,1,1,4,1.42008190400156,1.78808050400039,1,1,NaN
7,3,3,2,1.71618133000084,2.03573437399973,1,1,NaN
7,4,4,2,1.378286965999,1.70226828199884,1,1,NaN
7,1,1,4,1.63000128500062,3.02181588999883,1,1,NaN
7,1,2,3,2.25954852999712,2.59533244100021,1,1,NaN
7,2,2,4,1.08371357500073,1.40167410100184,1,1,NaN
7,3,4,1,1.63553786500052,2.13150511899948,1,1,NaN
7,2,3,1,2.03035619200091,2.62179544699757,1,1,NaN
7,1,1,4,1.66794687199945,2.05218159799915,1,1,NaN
7,4,3,4,1.53758414099866,1.93715437599894,1,1,NaN
7,2,2,4,2.82013588800328,3.28417353300028,1,1,NaN
7,4,3,3,2.83111215499957,3.37528654299967,1,1,NaN
7,3,3,2,2.24662529800116,2.71061179599928,1,1,NaN
7,2,2,4,1.91336134300218,2.39280884099935,1,1,NaN
7,3,3,2,2.20099715499964,2.88903969199964,1,1,NaN
7,4,4,4,1.73208977000104,2.62788454499969,1,1,NaN
7,4,4,3,1.9464721789991,2.34618491899892,1,1,NaN
7,3,1,1,3.03602496500025,3.35555371000009,1,1,NaN
7,4,3,3,2.01997718499842,2.73961309399965,1,1,NaN
7,2,2,2,2.10130105200005,2.77340436499799,1,1,NaN
7,2,2,3,1.14092705000076,2.78851747099907,1,1,NaN
7,2,2,3,1.09218798800066,1.4014525829989,1,1,NaN
7,2,2,4,0.812645027999679,1.21240545299952,1,1,NaN
7,3,3,4,1.22842202399988,1.59633673599819,1,1,NaN
7,3,3,4,3.1975867029978,3.83763460699993,1,1,NaN
7,4,2,3,1.66578466300052,2.24115271499977,1,1,NaN
7,2,4,3,1.76741620699977,2.18345378899903,1,1,NaN
7,1,1,4,1.61581543400098,2.12763832800192,1,1,NaN
7,2,3,1,2.01072130499961,2.45830615100203,1,1,NaN
7,3,4,4,1.07967974400162,1.54322080000202,1,1,NaN
7,2,2,4,1.86575356300091,2.23414232299911,1,1,NaN
7,4,4,1,2.55035237700213,3.67106119399978,1,3,1
7,4,4,4,1.281370677003,1.76089012100419,1,3,1
7,4,1,3,2.49165466100385,3.61138021400257,1,3,1
7,4,4,2,2.13700454100035,2.56887721599924,1,3,1
7,1,4,1,1.44118201299716,1.80881129200134,1,3,4
7,4,1,2,1.81672565299959,2.42531875499844,1,3,1
7,4,1,3,2.80755418600165,3.78355101800116,1,3,1
7,4,4,3,2.11023249100253,3.790365810004,1,3,1
7,1,1,3,1.69988520799961,2.61173116900318,1,3,4
7,4,1,3,1.81919165699946,2.45931380600086,1,3,1
7,1,1,3,2.13591379300487,2.5203611370016,1,3,4
7,1,1,3,1.10619643700193,2.57813367500057,1,3,4
7,4,4,3,2.0901598460041,2.65053808700031,1,3,1
7,1,1,3,2.15949622899643,3.15173679799773,1,3,4
7,1,4,3,3.59992771199904,4.32011807599338,1,3,4
7,1,1,3,1.82439927399537,2.56043744599447,1,3,4
7,4,1,3,1.76907358699827,2.12124299599964,1,3,1
7,1,1,3,1.31593479499861,1.97169207199477,1,3,4
7,1,1,3,2.03563184099767,2.38788639699487,1,3,4
7,4,4,1,1.63574780300405,2.08410394600651,1,3,1
7,4,4,4,1.42387463799969,1.73548449900409,1,3,1
7,4,4,4,1.05050219500117,1.36800671800302,1,3,1
7,1,1,4,1.92394495100598,2.38794128600421,1,3,4
7,1,4,4,2.3557923499975,2.72380569199595,1,3,4
7,4,4,4,1.58930910599884,1.92607492899697,1,3,1
7,4,4,4,1.51250617400365,1.81868666300579,1,3,1
7,4,4,4,1.18288082000072,1.50161871599994,1,3,1
7,4,1,1,2.45121407899569,2.83475671999622,1,3,1
7,4,4,4,1.88802436299738,2.20252333999815,1,3,1
7,1,1,4,1.25536642999941,1.56823692899343,1,3,4
7,1,1,4,0.792222123003739,1.10110698000062,1,3,4
7,1,1,4,1.00441725400015,1.34049779700581,1,3,4
7,1,1,4,0.67959164900094,1.00130081899988,1,3,4
7,4,1,2,1.39201421500184,1.83927839700482,1,3,1
7,1,1,2,0.886083568002505,1.78190611299942,1,3,4
7,4,2,1,7.41400895299739,7.72495304599579,1,2,2
7,1,1,2,2.93846913699963,3.2738410919992,1,2,3
7,4,4,2,2.35795618100383,2.8060825049979,1,2,2
7,3,3,4,1.74821665399941,2.35633401000086,1,2,2
7,4,4,3,1.78169652799988,3.01310630300577,1,2,3
7,1,1,4,1.14797718400223,1.72381405399938,1,2,4
7,2,2,4,1.20674997299648,1.54303721599717,1,2,4
7,1,4,1,3.78576357300335,4.10466575500323,1,2,4
7,2,2,4,1.37837598600163,2.13021827500052,1,2,3
7,1,2,3,2.62165669900423,3.53344853100134,1,2,2
7,3,3,4,1.66254001000198,2.4458895659991,1,2,4
7,1,1,1,2.68427542700374,3.03626433900354,1,2,3
7,1,1,1,3.8727198320048,4.27290372000425,1,2,2
7,2,2,2,1.50687235700025,2.22713652899984,1,2,3
7,3,3,3,2.32930463299999,4.1373741560019,1,2,1
7,2,2,2,1.68113858700235,2.03359454900055,1,2,4
7,4,4,4,1.50383567700192,2.19100702700234,1,2,3
7,3,3,4,1.78346951699496,2.10245770599431,1,2,1
7,4,4,1,3.60214782099501,4.0821149580006,1,2,1
7,3,3,3,2.09243370399781,2.81227954499627,1,2,2
7,3,3,2,1.40346374300134,2.13937704000273,1,2,2
7,4,4,4,1.98890465500153,2.3024791689968,1,2,2
7,1,1,4,1.86350998199487,2.43958095499693,1,2,3
7,2,2,4,1.94140180200338,2.35737567300384,1,2,3
7,1,4,1,2.61441209399345,3.36643910699786,1,2,4
7,2,2,4,1.67823920599767,2.12583530700067,1,2,1
7,4,4,2,2.28107557499607,2.77734434199374,1,2,3
7,1,2,2,3.09714177500427,3.76891796899872,1,2,2
7,4,3,4,2.20779539499927,3.32811504499841,1,2,3
7,2,2,2,1.52902915899904,1.96107878699695,1,2,1
7,3,3,1,1.88248627699795,2.42636695399415,1,2,2
7,3,3,3,1.73700623700279,2.47286939399783,1,2,2
7,1,2,3,1.33292080500541,2.56521586300369,1,2,4
7,2,2,3,2.18949699099903,2.94148102899635,1,2,1
7,3,3,3,1.47928089099878,2.1351100910033,1,2,2
7,4,4,4,2.44178591899981,3.48174411400396,1,1,NaN
7,4,4,3,0.956693586995243,1.74100673900102,1,1,NaN
7,3,3,4,1.01466509200691,1.36691754900676,1,1,NaN
7,2,2,3,2.27188962899527,2.86452102699695,1,1,NaN
7,1,1,4,1.66072071999952,2.14032458599831,1,1,NaN
7,3,3,3,1.31832836000103,1.63518507900153,1,1,NaN
7,4,2,2,2.61224953899364,3.460299088998,1,1,NaN
7,4,4,4,1.48068422699725,1.80208116099675,1,1,NaN
7,2,2,4,1.31187029799912,1.63537174100202,1,1,NaN
7,4,1,1,3.19869107999693,3.61431940599869,1,1,NaN
7,4,4,2,1.01972122699954,1.74047972799599,1,1,NaN
7,4,4,3,1.57497821700235,2.13459622200025,1,1,NaN
7,4,3,3,1.48872087199561,1.88823862499703,1,1,NaN
7,2,2,3,1.71716434600239,2.08436387000256,1,1,NaN
7,3,3,4,1.24921450499824,1.77702000599675,1,1,NaN
7,2,2,4,1.36982101700414,1.78609799900005,1,1,NaN
7,4,1,1,3.15430335699784,3.47061247700185,1,1,NaN
7,4,3,3,3.71700869099732,4.4696216079974,1,1,NaN
7,3,3,3,0.92723724199459,1.40697158400144,1,1,NaN
7,2,2,3,1.35165544099436,1.86313987599715,1,1,NaN
7,1,1,3,3.11717923400283,3.64557140899706,1,1,NaN
7,2,3,4,1.54517576600483,2.1853845020014,1,1,NaN
7,4,3,3,1.42567673500162,1.9053453230008,1,1,NaN
7,2,2,2,1.34849715600285,2.02120582399948,1,1,NaN
7,2,1,1,2.40399995000189,3.04352809800184,1,1,NaN
7,3,3,2,1.27299137399677,1.70466622099775,1,1,NaN
7,4,3,2,1.46067558100185,1.76845872400008,1,1,NaN
7,3,3,2,0.861404002003837,1.2130988209974,1,1,NaN
7,4,4,2,1.46950163599831,1.79024613299407,1,1,NaN
7,1,1,3,1.70245835599781,2.15050977499777,1,1,NaN
7,1,1,3,1.1676406550032,1.48770108500321,1,1,NaN
7,4,3,2,2.2281342339993,2.83656609000172,1,1,NaN
7,1,1,3,1.21630605700193,1.53505821800354,1,1,NaN
7,4,4,3,1.98692118599865,2.4515000179963,1,1,NaN
7,3,3,2,1.95252841000183,3.1041322289966,1,1,NaN
7,3,3,4,1.86554234199866,3.24090823999722,1,2,1
7,2,2,4,1.50996195899643,1.83012568899721,1,2,3
7,2,2,4,2.09251094199863,2.41271932699601,1,2,1
7,2,2,4,1.11621623900282,1.43514847099868,1,2,3
7,1,2,4,1.31419542700314,1.63536233200284,1,2,2
7,4,1,2,2.00058838199766,2.88057782599935,1,2,1
7,2,2,3,2.26855536900257,2.63650574900385,1,2,1
7,3,3,1,1.61812137200468,2.28995367300377,1,2,4
7,2,2,4,1.36541442900489,1.76563943100336,1,2,1
7,3,4,2,2.99098963700089,3.58361409499776,1,2,4
7,2,2,3,1.87038921899511,2.39826627200091,1,2,1
7,1,2,1,1.08618505300547,2.87810416400316,1,2,4
7,1,1,1,1.62545064299775,4.33002121699974,1,2,3
7,3,3,4,2.97023243000149,3.29031893800129,1,2,1
7,4,4,1,5.41324357999838,5.7230265879989,1,2,2
7,3,3,4,1.59548797699972,1.918887920001,1,2,4
7,3,3,1,1.742051842004,11.5981635999997,1,2,2
7,2,2,4,1.61987387499539,2.08366823099641,1,2,3
7,4,3,2,1.90340846400068,2.97500390300411,1,2,3
7,1,1,3,1.62175921599555,2.00579309899331,1,2,4
7,3,3,1,1.55655708000268,2.40451077499893,1,2,2
7,2,2,2,1.26830326100026,1.7959350050005,1,2,4
7,2,2,2,2.82882067000173,3.1366618059983,1,2,1
7,4,1,1,3.29297616599797,3.60347700800048,1,2,1
7,3,3,2,2.26647400700313,2.68317538100382,1,2,2
7,3,3,4,2.07913706399995,3.15134768799908,1,2,1
7,1,1,2,2.09556043200428,2.44703379300336,1,2,4
7,4,4,3,1.54847186199913,3.05276910300017,1,2,3
7,3,3,1,6.89612764200137,8.09618446900276,1,2,1
7,1,4,1,2.53407503999915,3.42939351899986,1,2,4
7,3,3,3,1.4987167069994,2.15467304800404,1,2,1
7,1,1,1,2.21254491799482,2.53630370299652,1,2,4
7,4,4,1,3.69327368999802,4.00442576200294,1,2,1
7,2,2,4,2.98680692199559,3.75446972299687,1,2,3
7,4,3,1,3.21898140799749,3.8104487199962,1,2,3
7,1,2,4,3.24658445900423,3.83893009700114,1,3,2
7,1,1,4,1.65051469500031,1.96897820199956,1,3,2
7,2,2,4,2.22650297200016,2.56286640900362,1,3,1
7,2,2,4,0.908255809001275,1.21803540299879,1,3,1
7,1,1,4,1.01860098900215,1.33473650999804,1,3,2
7,2,2,4,0.901116797002032,1.21818307299691,1,3,1
7,2,2,4,0.804840347998834,1.25332774400158,1,3,1
7,1,1,1,0.867807581002126,1.18477981800243,1,3,2
7,1,1,4,0.996234521000588,1.31825408199802,1,3,2
7,1,1,2,1.27971499399428,2.01501013399684,1,3,2
7,2,2,4,1.37519452499691,1.82297085599566,1,3,1
7,2,2,3,1.89425008100079,2.37349605200143,1,3,1
7,1,2,4,1.39870219799923,2.00623770299717,1,3,2
7,1,1,4,2.15015838100226,3.38182389199937,1,3,2
7,2,2,3,1.86924963899946,2.49279611300153,1,3,1
7,1,1,3,1.80057866599964,2.26458573000127,1,3,2
7,2,2,3,2.92602404699574,3.23697813699982,1,3,1
7,2,2,3,1.03439719699963,2.09035231500457,1,3,1
7,1,1,4,1.670652230001,1.98566189099802,1,3,2
7,1,2,2,2.2145669110032,3.73483992499678,1,3,2
7,2,2,4,1.40743070199824,2.23982455200166,1,3,1
7,2,2,4,2.08581101700111,2.64526874399598,1,3,1
7,2,2,4,1.43469539999933,1.88294335899991,1,3,1
7,2,2,4,0.767657550997683,1.29590788999485,1,3,1
7,1,1,4,2.47551078199467,2.87557287399977,1,3,2
7,2,2,4,1.60807306900097,3.46372209300171,1,3,1
7,2,1,4,2.36399029699533,2.8598304479965,1,3,1
7,2,2,4,0.808295479997469,1.11799374899419,1,3,1
7,2,2,4,0.907292257994413,1.27552372399805,1,3,1
7,2,2,3,1.04917973299598,1.52865344999736,1,3,1
7,1,2,3,0.908301026000117,1.38859520500409,1,3,2
7,2,2,3,0.676846459005901,1.15731586900074,1,3,1
7,2,2,3,0.887145123000664,1.28699623500142,1,3,1
7,1,1,4,0.884392689004017,1.31588419000036,1,3,2
7,2,2,4,1.20082733800518,1.93631867300428,1,3,1
7,3,3,2,2.05240209199837,2.46845541399671,1,2,4
7,3,3,3,1.00864876900596,1.90456146000361,1,2,1
7,1,3,4,1.12371309700393,2.11602891000075,1,2,2
7,4,2,1,1.53537690399389,2.15921253699344,1,2,2
7,2,2,4,1.41708978399402,1.84870083799615,1,2,3
7,3,3,4,1.48687159599649,1.90296174700052,1,2,2
7,4,4,4,1.50703406299726,1.82635856299748,1,2,2
7,3,3,4,1.20960943299724,1.51833626299776,1,2,2
7,2,2,3,1.38890344800166,2.06116323400056,1,2,1
7,4,4,4,2.47448630500003,2.87422510100441,1,2,3
7,2,2,4,1.78182801100047,2.10259088699968,1,2,4
7,3,2,3,1.24897770200187,1.56843015000049,1,2,2
7,4,2,3,0.913942270999542,1.34554170400224,1,2,2
7,3,4,4,2.52488758899563,2.98905051899783,1,2,4
7,2,2,4,1.37973136799701,1.73185454800114,1,2,1
7,2,2,4,1.75906929999474,2.15879542599578,1,2,3
7,2,2,4,0.760476085000846,1.1918284860003,1,2,4
7,1,2,4,1.22527751400048,1.64154413399956,1,2,2
7,4,2,4,2.20010029999685,2.58395094899606,1,2,2
7,2,2,3,1.1356559029955,1.451599248001,1,2,1
7,3,3,4,1.47713742599444,2.22915284999908,1,2,4
7,2,2,3,1.90027905100578,2.44388129300205,1,2,3
7,2,2,3,2.13783644900104,2.84133368499897,1,2,1
7,4,4,2,2.10232736000034,2.71053301000211,1,2,3
7,1,3,3,1.22576313900208,1.84931706100178,1,2,3
7,3,3,3,1.37597688700043,1.83935996599757,1,2,1
7,4,4,2,2.46987179999996,2.93427429800067,1,2,2
7,4,4,2,3.32711995299906,3.66345175199967,1,2,2
7,2,2,4,2.36229479800386,2.97081043700018,1,2,1
7,2,2,4,1.63401296699885,2.00257365200378,1,2,3
7,1,1,4,1.50600401399424,1.88945145599428,1,2,4
7,1,3,4,1.89369306500157,2.24647539500438,1,2,3
7,1,3,4,1.37183760399785,1.68536864600173,1,2,3
7,4,4,4,1.38393723600166,1.70197824500065,1,2,2
7,1,1,3,2.0521249769954,2.64365547800116,1,2,2
7,2,2,4,1.87229287700029,2.18566849700437,1,3,4
7,4,4,4,1.16045308299363,1.46817346199532,1,3,2
7,2,2,4,1.51676854000107,1.8355054929998,1,3,4
7,2,2,4,0.755150687997229,1.06775674899836,1,3,4
7,2,2,4,0.760001784001361,1.16066350700567,1,3,4
7,4,4,2,1.96297740800219,2.45860469699983,1,3,2
7,4,4,4,1.81604329100082,2.13577712800179,1,3,2
7,4,4,2,1.52147832900664,1.83532141500473,1,3,2
7,2,2,4,1.20683873300004,1.70367171300313,1,3,4
7,2,2,4,0.787290735999704,1.39482291099557,1,3,4
7,2,2,4,0.923354432001361,1.23474017500121,1,3,4
7,4,4,3,1.67393346300378,2.36205525400146,1,3,2
7,2,2,4,4.09089792000304,4.42722555199725,1,3,4
7,4,2,3,1.55912520700076,1.92742816400278,1,3,2
7,4,2,1,3.13030303100095,3.65811921000568,1,3,2
7,4,2,2,1.41377518299851,1.82958510099706,1,3,2
7,4,4,3,1.98022836699965,2.30283536599745,1,3,2
7,4,4,4,1.77562196799408,2.08553743699304,1,3,2
7,4,2,3,1.37097494499903,1.83457912800077,1,3,2
7,2,2,4,3.36108184100158,3.67074827900069,1,3,4
7,2,2,4,1.64432925100118,1.95216596200044,1,3,4
7,2,2,4,0.733194439999352,1.05111929000122,1,3,4
7,2,2,4,0.787273116002325,1.15510263900069,1,3,4
7,4,2,3,0.981735648005269,1.42913722400408,1,3,2
7,4,4,3,1.54873694499838,2.39677003600082,1,3,2
7,2,2,4,1.05190389900235,1.66041781999957,1,3,4
7,4,2,4,6.90619220799999,7.54563849500119,1,3,2
7,2,4,1,1.86160702800407,3.04587935600284,1,3,4
7,4,4,2,1.96323813200434,2.36303633500211,1,3,2
7,2,2,3,1.11586165300105,1.58007568800531,1,3,4
7,4,2,2,1.26118499899894,2.12509636599862,1,3,2
7,4,2,1,1.78365562399995,2.63223629700224,1,3,2
7,2,2,3,1.21421103699686,2.3342525420012,1,3,4
7,2,2,3,1.11965778199374,2.30385980299616,1,3,4
7,4,2,4,1.69869417400332,2.73888029400405,1,3,2
7,4,3,2,8.65115669000079,9.08263571999851,1,1,NaN
7,4,1,1,2.59940893900057,3.1746590900002,1,1,NaN
7,1,1,2,1.62177270300162,1.95783770200069,1,1,NaN
7,2,2,3,1.28736619399569,1.60283395399892,1,1,NaN
7,1,1,4,1.38216626599751,1.70255442999769,1,1,NaN
7,4,4,4,1.28268841099634,1.60176165899611,1,1,NaN
7,2,2,4,1.05818023699976,1.36798192899732,1,1,NaN
7,2,2,4,1.0999388870041,1.43559313000151,1,1,NaN
7,3,3,4,1.07421875400178,1.38506540100207,1,1,NaN
7,4,4,4,1.27542960600113,1.58511941100005,1,1,NaN
7,2,2,3,2.22014453799784,2.65225043700048,1,1,NaN
7,4,1,3,1.8566184750016,2.28820686000108,1,1,NaN
7,3,3,2,1.71661031099939,2.03557412900409,1,1,NaN
7,2,2,2,1.5226330910009,2.00222264799959,1,1,NaN
7,4,4,1,1.39396700100042,1.84242550500494,1,1,NaN
7,1,2,2,1.96035425800073,4.10435727200093,1,1,NaN
7,4,2,2,1.32966942000348,1.65200427200034,1,1,NaN
7,3,4,3,1.91950301799807,2.23575459799758,1,1,NaN
7,3,3,2,1.46114170899818,1.79670126899873,1,1,NaN
7,1,2,1,1.8538515639957,2.16916050199507,1,1,NaN
7,4,4,2,1.55847196499963,1.94203653300065,1,1,NaN
7,3,3,3,1.35233683200204,2.10380769800395,1,1,NaN
7,4,3,2,1.17187560200546,1.57156440000108,1,1,NaN
7,3,3,1,2.37318109600164,2.70865616000083,1,1,NaN
7,4,4,2,1.30371842399472,1.6184962759944,1,1,NaN
7,2,2,2,1.19053014200472,1.54244281800493,1,1,NaN
7,1,1,1,1.24159174200031,1.55176603199652,1,1,NaN
7,4,2,3,1.40361457600375,3.14689971999906,1,1,NaN
7,2,2,4,1.93210830599855,2.252583993999,1,1,NaN
7,2,2,4,0.865281032005441,1.18476066700532,1,1,NaN
7,2,2,4,1.44127698599914,2.40119255599711,1,1,NaN
7,1,1,4,1.05674399200507,1.40903417700611,1,1,NaN
7,3,3,4,1.48051595000288,1.80209933299921,1,1,NaN
7,2,1,2,3.36005990899866,4.01618897300068,1,1,NaN
7,4,4,4,1.58175223400031,1.90232589399966,1,1,NaN
7,1,1,3,1.70429280299868,2.0190073249978,1,3,3
7,3,3,4,0.839194849002524,1.15113179000036,1,3,1
7,3,3,4,0.58534267199866,0.901185518996499,1,3,1
7,3,3,4,0.501802253005735,0.817515002003347,1,3,1
7,1,1,4,0.709460795995255,1.01767735799513,1,3,3
7,1,1,3,1.10156449799979,1.43771202999778,1,3,3
7,3,3,4,0.563928643001418,0.884484285998042,1,3,1
7,1,3,3,0.896766999998363,1.28117788300005,1,3,3
7,3,3,4,0.622158947997377,0.934254184001475,1,3,1
7,1,3,1,0.617969674996857,1.4662079799964,1,3,3
7,3,3,4,1.24745709000126,1.56860789700295,1,3,1
7,3,3,4,0.832270470004005,1.15125654800067,1,3,1
7,3,3,3,1.09033078500215,1.53814907800552,1,3,1
7,1,1,1,1.39680438899813,1.71884643199883,1,3,3
7,3,3,3,0.831248331000097,1.55118670399679,1,3,1
7,3,3,4,0.785578951996285,1.10126561499783,1,3,1
7,3,3,4,0.917328897005063,1.23475871600385,1,3,1
7,3,3,3,0.72419694600103,1.03451068099821,1,3,1
7,1,3,3,1.64402060800057,5.01971296600095,1,3,3
7,1,3,1,1.39194971799589,1.74423155000113,1,3,3
7,1,3,3,1.35406760700425,1.66853507100313,1,3,3
7,3,3,3,0.823588035003922,1.14371002900589,1,3,1
7,1,3,3,1.14646632200311,1.46849383600056,1,3,3
7,1,3,3,1.24762684400048,1.56842463299836,1,3,3
7,3,3,3,0.737256512002205,1.13750687499851,1,3,1
7,3,3,3,0.644135342001391,1.44390433599619,1,3,1
7,1,3,4,1.32325000499986,2.0593633959943,1,3,3
7,1,3,3,1.43213956399995,1.75209087199619,1,3,3
7,1,1,4,1.20150427800399,1.51840736599843,1,3,3
7,1,1,3,0.884479648004344,1.460839708001,1,3,3
7,1,1,3,1.30709823800134,1.65849338599946,1,3,3
7,3,1,2,1.32046555700072,1.83230321999872,1,3,1
7,1,1,3,1.61573838800541,1.93568701900222,1,3,3
7,3,3,2,1.56919049700082,2.03369403200486,1,3,1
7,1,3,2,1.85614689299837,2.38338403499802,1,3,3
7,3,3,4,2.23112368200236,2.55286354699638,1,1,NaN
7,2,2,4,1.80740517500089,2.11874427400471,1,1,NaN
7,1,4,1,1.43356418699841,1.83419469500222,1,1,NaN
7,3,4,1,1.05566330700094,2.03238027200132,1,1,NaN
7,1,1,4,1.50285978500324,1.81899863899889,1,1,NaN
7,1,3,2,1.36583057299868,1.73395220800012,1,1,NaN
7,2,2,4,1.3440154609998,1.66871275699668,1,1,NaN
7,3,3,4,1.90155326900276,2.23723170100129,1,1,NaN
7,4,4,2,1.68298936599604,2.08288773000095,1,1,NaN
7,1,1,3,1.71220133799943,2.17601738200028,1,1,NaN
7,2,2,2,1.5765564040048,1.88556270999834,1,1,NaN
7,3,3,2,1.14856640699873,1.64491312199971,1,1,NaN
7,3,3,2,1.7072466009995,2.13914544900035,1,1,NaN
7,4,2,2,1.68491742900369,2.26157519900153,1,1,NaN
7,4,4,4,1.30621321299986,1.61848839299637,1,1,NaN
7,2,2,4,1.41766472000018,1.73524049000116,1,1,NaN
7,1,2,3,1.47629067899834,1.78522777699982,1,1,NaN
7,2,2,3,0.779917118001322,1.10144119399774,1,1,NaN
7,1,2,2,0.800427774003765,1.23165432300448,1,1,NaN
7,4,1,4,0.99219599999924,1.30148969899892,1,1,NaN
7,1,1,4,0.667869499004155,1.59624528400309,1,1,NaN
7,3,3,4,1.21249451100448,2.42894492999767,1,1,NaN
7,2,2,4,1.67516860500473,1.99470026800554,1,1,NaN
7,4,2,4,1.49901098799455,1.8188228059953,1,1,NaN
7,2,2,4,1.24903843599895,1.56936219699855,1,1,NaN
7,4,4,4,1.41027776400006,1.71857414800616,1,1,NaN
7,2,2,4,2.71668758199667,3.03667902699817,1,1,NaN
7,1,1,2,1.53798283299693,2.09780070499983,1,1,NaN
7,1,1,2,1.58168591999856,1.9659075410018,1,1,NaN
7,4,4,2,1.82376554600341,2.23935055499896,1,1,NaN
7,1,1,3,1.60521920199972,2.11745126200549,1,1,NaN
7,1,2,2,1.92039393400046,2.23976893300278,1,1,NaN
7,3,2,2,1.49392778799665,1.89409402199817,1,1,NaN
7,2,2,4,1.91446700500092,2.3620126570022,1,1,NaN
7,4,4,4,1.86723631500354,2.26721597400319,1,1,NaN
7,2,2,4,3.81418052400113,4.13802428799681,1,2,4
7,4,4,4,2.67036281900073,2.98651335599425,1,2,2
7,4,4,4,1.68544311200094,2.00223496399849,1,2,3
7,4,4,2,1.66894309399504,1.9854238409971,1,2,3
7,3,3,4,1.39698941900133,1.92493462999846,1,2,2
7,1,4,2,1.6396040489999,1.95195437799703,1,2,4
7,4,4,1,1.14471498499915,1.54439874200034,1,2,3
7,2,2,4,1.27541994700005,2.21898399499332,1,2,4
7,1,1,1,1.3775451909969,1.70217217799654,1,2,4
7,1,4,1,1.35721663499862,1.66853955399711,1,2,4
7,1,2,3,1.1782355519972,1.50179239999852,1,2,4
7,3,2,2,1.38994693000132,1.70190683699911,1,2,1
7,2,2,2,2.63275558299938,2.98452875400108,1,2,1
7,3,3,4,1.88845479099837,2.25644233200001,1,2,2
7,1,1,4,1.31719577799959,2.11685726799624,1,2,2
7,1,1,2,1.32747345700045,1.66358896299789,1,2,4
7,4,4,3,1.74161941999773,2.22152518900111,1,2,3
7,1,1,1,2.22866188299668,2.56438469699788,1,2,4
7,4,4,1,1.46950136999658,1.94881951400021,1,2,1
7,2,2,3,1.39087669300352,1.74347970000235,1,2,4
7,2,2,3,1.43399176299863,2.10545328999433,1,2,3
7,3,3,3,1.34904123800516,1.95747847800521,1,2,2
7,4,4,2,1.9109463700006,2.32684752000205,1,2,3
7,2,2,3,1.73685069400381,2.07325110800593,1,2,1
7,3,3,3,1.14142271499441,1.45151378599985,1,2,2
7,2,2,3,1.69109752499935,2.4586257589981,1,2,4
7,1,1,3,1.14405389199965,1.57604017199628,1,2,4
7,1,1,2,1.16108775300381,1.48525341899949,1,2,4
7,2,2,3,2.03010796399758,2.38179683099588,1,2,1
7,1,1,4,2.09413605299778,2.47864605599898,1,2,3
7,1,1,1,2.33097986999928,2.65314618100092,1,2,4
7,2,2,2,1.85564546300157,2.81541118799942,1,2,1
7,2,2,1,1.43835123399913,2.01370561699878,1,2,4
7,2,2,4,3.22903055799543,3.98126831799891,1,2,4
7,4,4,1,1.85149341799843,2.16910129600001,1,2,3
7,4,4,4,1.0349899080029,1.35150435000105,1,3,3
7,4,3,3,0.709184635001293,1.10927580299904,1,3,3
7,3,3,3,0.905367901003046,1.21804189700197,1,3,4
7,4,4,4,1.06533132199547,2.00932423499762,1,3,3
7,4,3,4,0.744772436002677,1.06813906099705,1,3,3
7,4,4,4,0.973652590000711,1.2842740720007,1,3,3
7,3,4,1,0.922111556996242,1.99424228299904,1,3,4
7,3,3,3,0.90687819699815,1.21812846999819,1,3,4
7,3,3,3,1.25882070199441,1.568374511,1,3,4
7,4,4,4,1.86780878499849,2.87552287299332,1,3,3
7,4,4,4,1.06361262599967,1.59122938400105,1,3,3
7,3,3,4,1.1599194800001,1.46829713199986,1,3,4
7,3,3,4,1.27629401200102,1.58520700100053,1,3,4
7,3,3,4,0.989281751004455,1.30153677199996,1,3,4
7,4,4,4,0.825093983003171,1.13453036000283,1,3,3
7,4,3,1,1.32384517099854,1.78776995599765,1,3,3
7,3,3,4,1.49266990299657,1.80218773699744,1,3,4
7,3,3,4,1.14814316199772,1.4681946310011,1,3,4
7,4,4,3,1.98579368599894,2.36948992600082,1,3,3
7,4,4,2,2.25795813700097,2.56954319599754,1,3,3
7,4,3,1,1.52926715400099,1.85196253199683,1,3,3
7,4,3,2,1.61470945499605,1.93548045399803,1,3,3
7,4,4,3,1.66511480199551,1.98583579199476,1,3,3
7,3,4,2,1.36110584499693,1.76089531899925,1,3,4
7,3,3,3,1.147084420998,1.56263925799431,1,3,4
7,3,3,3,1.29331338400516,1.60175818599964,1,3,4
7,3,3,3,0.987684934996651,1.30148966900015,1,3,4
7,3,3,3,0.952473943005316,1.26808699800313,1,3,4
7,4,4,4,1.20537593500194,1.51822918499965,1,3,3
7,3,3,3,1.17683367300197,2.5684297810003,1,3,4
7,3,3,3,1.76107357100409,2.25628563499777,1,3,4
7,3,3,3,1.15744234299927,1.4684095449993,1,3,4
7,3,3,3,1.37058832299954,1.9620089960008,1,3,4
7,3,3,3,0.764055029998417,1.0847605539966,1,3,4
7,4,4,3,1.08904521699878,1.55291730099998,1,3,3
7,3,2,3,2.02561126399814,2.39414228300302,1,2,2
7,4,4,2,2.10584930299956,2.6653786770039,1,2,3
7,4,4,3,1.55055680400255,1.86871439800598,1,2,3
7,4,2,2,2.21092798099562,2.53159713200148,1,2,2
7,3,3,3,2.10970696499862,2.41926597999554,1,2,2
7,2,1,2,1.6119466559976,2.10731610099901,1,2,1
7,3,1,1,2.29467090099934,2.6199284769973,1,2,1
7,3,3,1,1.9328980959981,2.33292363199871,1,2,4
7,3,3,4,1.91920306900283,2.30372626300232,1,2,2
7,3,3,4,1.44296423999913,1.76260360799643,1,2,2
7,1,4,1,2.18873231799807,2.50275250399864,1,2,4
7,3,3,4,1.31904553400091,1.63506022599904,1,2,2
7,1,3,3,1.9094957519992,2.38999890899868,1,2,3
7,3,3,2,2.21395009000116,2.7895640160059,1,2,4
7,4,4,1,1.12487776800117,1.43501616700087,1,2,3
7,2,2,2,1.70740532100172,2.01894713799993,1,2,4
7,4,3,2,1.86666842399427,2.81077402999654,1,2,3
7,4,2,3,1.67293392399733,2.04097100799845,1,2,1
7,3,3,1,2.0549073459988,3.20729712900356,1,2,4
7,4,3,1,1.90915764700185,2.21913032799785,1,2,3
7,3,1,2,1.4679456629965,1.88330937400315,1,2,1
7,3,1,2,1.40804381299677,1.79162065000128,1,2,1
7,1,4,1,1.68855263900332,2.00223674200242,1,2,4
7,2,2,4,1.55960274700192,2.03955792199849,1,2,4
7,3,2,1,2.53384748700046,2.85327234600118,1,2,2
7,4,4,1,1.98649330499757,2.94622515299852,1,2,2
7,3,4,2,2.61951113100076,2.93668209000316,1,2,4
7,3,2,2,2.1319891489984,2.48477047699998,1,2,2
7,4,4,4,1.18410464600311,1.5359988870041,1,2,1
7,4,2,3,2.56305670599977,3.37872723799956,1,2,2
7,2,2,4,1.32154728399473,1.70632176299841,1,2,4
7,1,1,4,1.52589841599547,1.86134125099488,1,2,2
7,4,4,4,1.46707679700194,1.83574354200391,1,2,1
7,3,3,2,2.38609845299652,3.21770746599941,1,2,1
7,3,2,2,1.9193305689987,5.64719921399956,1,2,2
7,2,2,3,1.79201317099796,3.07213426200178,1,1,NaN
7,3,4,1,1.63568669899541,1.98786057899997,1,1,NaN
7,4,1,1,1.42768732100376,1.75223240700143,1,1,NaN
7,3,3,4,1.4375901750027,1.75209127600101,1,1,NaN
7,1,2,2,1.86323959300353,2.18581575799908,1,1,NaN
7,3,3,3,1.11923621599999,1.43891069800156,1,1,NaN
7,1,3,2,1.57366298400302,1.95790091300296,1,1,NaN
7,2,2,3,1.43099157599499,1.75204134299565,1,1,NaN
7,3,3,3,1.45691961500415,1.76871822500107,1,1,NaN
7,4,2,3,1.24204727299366,1.55180397599906,1,1,NaN
7,2,2,2,1.64285401699453,2.02738819499791,1,1,NaN
7,2,1,1,2.0100206490024,2.39424951500405,1,1,NaN
7,3,3,4,1.38584126400383,1.70195923199935,1,1,NaN
7,2,2,4,1.36556321499666,1.68537393999577,1,1,NaN
7,4,3,2,1.90586116399936,2.29001655799948,1,1,NaN
7,4,4,2,1.44547965099628,1.76881575999869,1,1,NaN
7,2,2,3,1.31070492799336,1.64664718999848,1,1,NaN
7,4,1,3,1.77344031599932,2.10950091399718,1,1,NaN
7,3,3,3,1.4009589940033,1.71861824900407,1,1,NaN
7,3,3,4,1.09207860600145,1.53960490199825,1,1,NaN
7,3,3,2,1.31853989099909,1.75028936699528,1,1,NaN
7,3,2,3,1.37643363299867,1.68530329100031,1,1,NaN
7,1,3,2,1.72466391299531,2.03566728199803,1,1,NaN
7,4,4,4,1.17912504099513,1.50173160299892,1,1,NaN
7,4,1,3,2.22288297799969,2.78233799600275,1,1,NaN
7,3,3,3,1.31026369000028,1.61848798000574,1,1,NaN
7,1,1,4,1.42158395599836,1.95001984999544,1,1,NaN
7,3,4,1,2.09541919199546,2.44771639399551,1,1,NaN
7,4,3,2,1.48501288799889,1.80230226300046,1,1,NaN
7,4,3,2,1.15680568700191,1.54048967300332,1,1,NaN
7,1,2,3,0.935690810998494,1.27162403499824,1,1,NaN
7,1,1,4,1.7972026139978,2.14872923299845,1,1,NaN
7,3,3,4,2.06241428299836,3.82293394199951,1,1,NaN
7,3,3,4,1.44380232999538,4.83544035399973,1,1,NaN
7,1,2,3,1.77541434999875,2.31888687099854,1,1,NaN
8,3,3,3,1.8574542599963,2.16907957899821,1,2,2
8,4,4,2,3.06601601400325,3.72229587900074,1,2,1
8,3,3,3,2.13063321200025,2.81826106100198,1,2,2
8,3,3,4,2.48065227700135,2.89654524499929,1,2,4
8,1,1,3,1.73958258800121,2.77984820499842,1,2,3
8,4,2,2,2.68334170299931,3.62708674599708,1,2,2
8,4,4,4,1.99206922099984,2.48754370200186,1,2,3
8,4,2,3,2.08347176000098,3.4275678970007,1,2,2
8,4,3,2,1.70455201600271,2.04088103899994,1,2,3
8,1,1,4,1.59052387400152,2.48679611300031,1,2,4
8,3,3,3,2.09706622999511,2.65769180200004,1,2,1
8,2,2,2,1.4943972819965,1.83009967999533,1,2,3
8,2,2,4,3.50163615299971,3.90129388900095,1,2,3
8,1,1,2,1.75952326800325,2.43123472500156,1,2,2
8,1,2,1,2.50954565600114,2.81988533200638,1,2,2
8,2,2,3,1.49927357100387,1.99561097900005,1,2,3
8,2,2,3,1.69189948299754,2.41173194199655,1,2,4
8,3,3,4,1.97870031700586,2.71492009900248,1,2,4
8,2,2,3,1.98168210600124,3.88578235600289,1,2,4
8,4,2,2,1.71085851500538,2.65556639200076,1,2,2
8,3,3,4,2.11539129899757,3.20371416299895,1,2,1
8,2,2,4,1.32917130299757,2.12935753499914,1,2,4
8,1,1,2,3.67619653199654,4.18841365499975,1,2,4
8,1,1,1,2.49824702800106,3.45798178500263,1,2,4
8,3,3,2,1.63702045600076,2.08536619599909,1,2,1
8,2,2,3,1.80947941799968,2.64133692799805,1,2,4
8,1,1,4,2.39109142300003,3.22346340800141,1,2,3
8,1,1,2,1.36490662599681,2.08414831999835,1,2,4
8,3,3,2,2.09633789600048,2.73691312199662,1,2,4
8,4,2,3,1.90544467500149,2.8018618030037,1,2,2
8,2,2,1,1.19961121000233,1.9679006419974,1,2,4
8,4,3,2,2.30490323199774,3.2009357709976,1,2,3
8,3,3,4,1.37356501999602,2.09355111399782,1,2,4
8,2,2,4,1.2903761359994,2.02632783700392,1,2,1
8,1,1,3,2.77677114299877,3.43276445099764,1,2,3
8,3,3,2,1.2992507759991,2.03511327200249,1,1,NaN
8,4,4,4,1.26511943100195,1.85733820700261,1,1,NaN
8,2,2,3,1.19068557800347,2.05471153600229,1,1,NaN
8,4,3,2,1.9560949259976,2.30821133800055,1,1,NaN
8,2,2,3,1.30398685800174,1.78377474100125,1,1,NaN
8,1,1,4,1.31220643300185,2.38414064199605,1,1,NaN
8,4,3,1,2.92729743300151,3.42305040400242,1,1,NaN
8,2,2,2,1.46037368600082,2.1478616700042,1,1,NaN
8,3,3,1,1.83872674899612,2.55867489199591,1,1,NaN
8,4,2,1,1.7035315059984,2.10291954399872,1,1,NaN
8,3,3,1,3.1856773660038,3.5857028360042,1,1,NaN
8,4,2,2,1.95215256899974,2.75170015700132,1,1,NaN
8,1,4,1,3.02504079400387,3.80891757100471,1,1,NaN
8,1,2,2,2.77450203500484,3.23826520200237,1,1,NaN
8,3,3,2,1.98604275300022,2.69058615600079,1,1,NaN
8,2,2,4,1.28618063499744,1.97414533000119,1,1,NaN
8,4,3,3,1.86284619499929,2.18587761800154,1,1,NaN
8,2,2,3,1.11902586600627,1.56734351500199,1,1,NaN
8,2,2,3,2.06434423100291,2.64035809800407,1,1,NaN
8,1,1,3,1.39752509600658,1.97311191800691,1,1,NaN
8,2,2,2,3.06206718799513,3.38677515699965,1,1,NaN
8,4,4,1,1.38908523099963,1.88508052899851,1,1,NaN
8,3,3,2,1.88896381499944,3.02508828199643,1,1,NaN
8,2,2,4,1.27061442800186,2.08700509600021,1,1,NaN
8,3,3,2,3.82690576399909,4.88307233499654,1,1,NaN
8,3,3,2,1.03677341600269,1.9324627360038,1,1,NaN
8,4,2,3,2.31944800199562,3.26310778100014,1,1,NaN
8,1,2,3,2.25178718799725,2.92387437199795,1,1,NaN
8,3,3,4,1.8616551840023,2.78948663500341,1,1,NaN
8,2,2,4,1.68462496199936,2.05259664399637,1,1,NaN
8,2,2,3,1.15401245500107,1.69763037299708,1,1,NaN
8,1,1,1,2.73434292800084,3.26252462499542,1,1,NaN
8,4,4,1,1.88214568699914,2.20278448899626,1,1,NaN
8,2,2,2,1.82583825199981,2.60926113500318,1,1,NaN
8,3,3,3,1.65617916900374,2.26487038699997,1,1,NaN
8,3,3,3,1.14015474400367,2.4843516539986,1,3,4
8,4,4,2,1.10451106099936,1.76018126499548,1,3,3
8,4,4,3,1.4654252620021,2.50587895000353,1,3,3
8,3,3,4,1.44495154600008,1.97257412500039,1,3,4
8,4,4,2,1.49363594299939,2.21365701699688,1,3,3
8,4,3,1,1.59665179299918,2.73233727800107,1,3,3
8,3,3,4,1.00636297799792,1.35885881799913,1,3,4
8,4,4,3,1.24120655899605,2.24913050299801,1,3,3
8,4,3,4,1.34307756400085,2.07868166100525,1,3,3
8,3,3,4,0.87556074999884,1.27546946200164,1,3,4
8,3,3,3,0.93705402300111,1.25697030100127,1,3,4
8,4,4,4,0.983836185005202,1.30151595899952,1,3,3
8,3,3,4,0.99585183000454,1.33183531300165,1,3,4
8,4,4,3,1.39108928600035,2.04684882699803,1,3,3
8,4,4,4,1.11694381700363,1.4375908639995,1,3,3
8,3,3,4,0.916119622001133,1.39554979500099,1,3,4
8,4,4,3,1.01986196399957,1.67632301399863,1,3,3
8,3,3,4,1.14519959999598,1.78501421400142,1,3,4
8,3,3,4,0.929572446002567,1.44120618300076,1,3,4
8,4,4,4,1.0480831859968,1.36835365899606,1,3,3
8,4,4,1,3.0257465110044,3.33701999700133,1,3,3
8,3,3,3,1.24251414000173,1.56224702500185,1,3,4
8,4,4,4,1.06817027299985,1.58036679900397,1,3,3
8,4,4,2,1.3420960020012,1.80523951599753,1,3,3
8,4,4,2,0.901125548996788,1.28456760299741,1,3,3
8,3,3,3,1.02569491699978,1.6503151739962,1,3,4
8,4,4,3,1.27898076100246,1.82292522000353,1,3,3
8,4,4,3,1.2707492979971,1.5849870719976,1,3,3
8,3,3,4,1.17417896099505,1.90975062600046,1,3,4
8,3,3,4,1.38601115799975,2.12138061300357,1,3,4
8,3,3,3,1.44482336199871,1.8285021299962,1,3,4
8,3,3,2,1.37126423299924,2.26701801300078,1,3,4
8,3,3,4,0.943400921001739,1.3590344080003,1,3,4
8,3,3,4,1.78517377199751,2.31373860799795,1,3,4
8,3,3,4,1.67596908300038,2.05989572100225,1,3,4
8,1,1,2,3.22429973199905,3.67235439000069,1,3,4
8,1,1,2,0.851017638000485,1.17133799699513,1,3,4
8,1,1,3,1.33261464999669,1.73251444199559,1,3,4
8,1,1,3,1.07160261300305,1.64814762100286,1,3,4
8,1,1,2,1.66235319500265,2.206473061,1,3,4
8,1,4,1,1.09393261300283,1.83011118799914,1,3,4
8,1,1,3,1.34113386399986,2.04489977499907,1,3,4
8,1,1,2,1.01908073000232,1.72235781200288,1,3,4
8,1,1,4,1.49386127800244,1.80201634400146,1,3,4
8,1,1,1,1.22932853399834,1.69300664999901,1,3,4
8,4,4,2,1.09767471399391,1.85016863499914,1,3,1
8,1,1,3,1.4712361599959,2.12796736000018,1,3,4
8,4,1,2,1.1778729019934,1.88269632899755,1,3,1
8,1,1,4,1.37528802300221,2.27155304000189,1,3,4
8,1,4,2,1.18705901900103,1.97123483299947,1,3,4
8,4,4,3,1.17239885900199,1.89290838599845,1,3,1
8,1,1,2,1.27321905399731,2.10516336100409,1,3,4
8,1,1,2,1.10837139800424,1.58816433299944,1,3,4
8,4,4,4,0.884501274995273,1.20123518099717,1,3,1
8,1,1,4,0.964888722999603,1.28482018800423,1,3,4
8,4,4,3,0.850248053997348,1.26576034299796,1,3,1
8,1,1,3,0.815794276997622,1.93591249299789,1,3,4
8,4,4,3,1.00958723800431,1.76165338500141,1,3,1
8,1,1,4,0.827625760000956,1.15135913700215,1,3,4
8,1,1,1,1.48549961499521,1.8374901299976,1,3,4
8,1,4,3,0.931796561002557,1.6363890040011,1,3,4
8,1,4,1,2.32264921000024,3.63472652500059,1,3,4
8,4,4,2,1.31197442799748,1.69573969900375,1,3,1
8,1,1,3,0.892404254998837,1.42008573200292,1,3,4
8,4,4,4,0.899590492001153,1.26768010699743,1,3,1
8,4,4,3,0.91305789299804,1.68099495999923,1,3,1
8,4,4,4,1.00657096399664,1.98214161099895,1,3,1
8,4,4,3,0.879102120001335,1.4711924009971,1,3,1
8,1,1,4,1.55666475099861,2.05235097799596,1,3,4
8,4,4,2,1.0887438849968,1.71273467200081,1,3,1
8,4,2,3,1.76323021400458,2.70758898300119,2,1,NaN
8,2,2,3,0.918214585995884,1.3664790469993,2,1,NaN
8,2,2,3,1.66417063599511,2.43167813499895,2,1,NaN
8,2,3,2,1.58208631400339,2.86187413200241,2,1,NaN
8,1,1,1,1.53105716299615,2.18629863800015,2,1,NaN
8,1,1,2,2.32292599300126,3.25053418400057,2,1,NaN
8,1,1,1,1.91939108700171,2.3190815429989,2,1,NaN
8,4,2,2,1.39364802600176,2.09735240200098,2,1,NaN
8,1,1,3,1.90194156699727,2.71785008200095,2,1,NaN
8,1,3,2,1.40787788000307,1.7277020610054,2,1,NaN
8,4,4,1,1.13123451600404,1.51535761300329,2,1,NaN
8,2,2,3,1.16697276799823,1.61468120000063,2,1,NaN
8,4,2,1,3.02322479100258,3.63104315999954,2,1,NaN
8,1,3,2,1.53218111400201,1.85211657200125,2,1,NaN
8,4,4,2,1.71289964299649,2.03570785399643,2,1,NaN
8,4,2,2,1.13548606199765,1.45152887699805,2,1,NaN
8,1,3,2,2.26081193100254,2.69287733300007,2,1,NaN
8,4,4,2,1.84852864000277,2.64804502000334,2,1,NaN
8,4,4,3,1.34160797000368,1.82164479699713,2,1,NaN
8,1,2,2,1.9250686689993,2.62858786200377,2,1,NaN
8,2,3,3,1.16253861700534,1.48501608100196,2,1,NaN
8,1,1,1,2.47891553099907,2.84767018799903,2,1,NaN
8,3,4,1,1.48444008100341,4.23705745900224,2,1,NaN
8,2,2,2,1.31257424000069,2.30372625400196,2,1,NaN
8,2,2,2,1.155695251,2.0190543380013,2,1,NaN
8,4,4,1,1.93851999199978,2.68995473500399,2,1,NaN
8,4,2,1,2.24593780699797,2.75728123899898,2,1,NaN
8,3,3,3,1.26974802399491,2.03803241599962,2,1,NaN
8,4,2,2,1.3802199050042,1.9084091160039,2,1,NaN
8,2,3,2,2.19961496999895,2.69585880199884,2,1,NaN
8,1,1,3,1.27530280199426,1.58507635799469,2,1,NaN
8,3,3,2,2.69951407899498,3.13110584999959,2,1,NaN
8,4,2,1,1.94844998500048,2.26934510699357,2,1,NaN
8,4,2,3,2.32102217299689,3.04092578400014,2,1,NaN
8,1,3,2,2.43771689499408,2.95044369499374,2,1,NaN
8,1,1,2,1.41346116200293,1.98931763400469,1,2,2
8,3,3,3,1.87824219200411,2.51786224000534,1,2,2
8,2,2,2,1.23207212999841,1.8236365230041,1,2,3
8,2,2,4,1.47876053399523,1.83107935099542,1,2,1
8,1,1,4,1.83843533699837,2.42977310899732,1,2,4
8,4,4,2,1.3086707850016,1.94818131200009,1,2,1
8,4,1,1,2.9902865710028,3.35861283300619,1,2,1
8,3,3,4,1.30286854700535,2.45427522400132,1,2,1
8,2,2,3,1.49139926300268,2.30731925099826,1,2,1
8,4,4,2,2.88665011600096,3.41476215999865,1,2,2
8,2,2,4,1.35683188200346,1.66841091900278,1,2,4
8,3,2,3,3.35410852999485,4.10568839599728,1,2,2
8,2,2,4,1.15481593699951,1.858982689002,1,2,4
8,2,2,2,2.4406289940016,3.25663627799804,1,2,1
8,1,1,3,1.57266626100318,2.14828209700499,1,2,3
8,4,4,4,1.13449159500306,2.23850420500094,1,2,1
8,3,3,4,1.17277015900618,1.48485576800158,1,2,2
8,2,2,4,1.24084277100337,1.56074588900083,1,2,4
8,3,4,1,6.2030905549982,7.06744424899807,1,2,4
8,1,1,2,2.97065862899763,3.46705819400086,1,2,4
8,3,3,3,2.1266700970009,2.86243077299878,1,2,4
8,1,1,4,1.48336343000119,2.21946377600398,1,2,2
8,4,1,3,2.92987626499962,3.32972496999719,1,2,1
8,1,1,3,2.36321805299667,3.03497397299361,1,2,4
8,3,3,3,1.72810455199942,3.10437995499524,1,2,2
8,3,2,2,3.09076253300009,3.40378873900045,1,2,2
8,2,2,4,1.17671239699848,1.73627478200069,1,2,4
8,1,1,3,1.55453861999558,2.22685385799559,1,2,3
8,3,3,2,2.10536705000413,2.84168759900058,1,2,4
8,3,3,3,1.49482104300114,2.19873899300001,1,2,1
8,4,3,3,1.58278458699351,1.93431903799501,1,2,3
8,2,2,4,1.15241553600208,1.80857516700053,1,2,4
8,4,3,3,2.44023900100001,2.75318637400051,1,2,3
8,2,2,3,2.11978697199811,3.01583143599419,1,2,1
8,3,2,2,1.55062182300026,1.86885039899789,1,2,2
8,2,2,2,1.48684886599949,1.80206581200036,1,1,NaN
8,1,1,3,1.142652817005,1.45147641000221,1,1,NaN
8,1,1,2,2.55641364199982,2.87694992899924,1,1,NaN
8,3,3,4,1.67300354000326,2.26418248100526,1,1,NaN
8,1,1,2,1.26180431299872,1.90207105800073,1,1,NaN
8,4,4,3,1.69737970300048,2.0190856229965,1,1,NaN
8,1,3,2,2.68774604399368,3.13615808099712,1,1,NaN
8,4,1,2,3.31303708299674,3.85714349699992,1,1,NaN
8,4,4,1,2.51628124900162,2.89996819099906,1,1,NaN
8,1,2,2,4.3832872790008,4.70546826800273,1,1,NaN
8,2,2,2,1.15134807600407,1.63124332100415,1,1,NaN
8,2,2,3,1.18265078800323,1.50278229299875,1,1,NaN
8,4,4,2,1.76235680600075,2.83431075599947,1,1,NaN
8,4,1,1,5.39271358599945,5.70625816500251,1,1,NaN
8,3,3,2,1.44713234099618,1.76874967799813,1,1,NaN
8,2,3,3,2.09599674100173,2.51216808699974,1,1,NaN
8,4,4,1,1.35489510600019,1.66868450699985,1,1,NaN
8,1,1,2,1.46370016499714,2.13564585000131,1,1,NaN
8,2,2,3,1.45832333299768,2.35371175999899,1,1,NaN
8,1,1,2,1.41157399300573,1.84332513499976,1,1,NaN
8,2,2,3,1.1775424410007,1.48507540300488,1,1,NaN
8,1,1,3,1.19792836199485,1.58175645199663,1,1,NaN
8,3,3,4,1.75951349300158,2.28782152599888,1,1,NaN
8,2,2,4,1.09141251099936,1.40166622199467,1,1,NaN
8,2,2,4,1.01887837499817,1.33480800099642,1,1,NaN
8,3,4,1,1.14144001700333,3.10930686900247,1,1,NaN
8,4,2,4,1.57479795800464,2.19945112200367,1,1,NaN
8,2,2,2,1.27907500799483,2.01488199999585,1,1,NaN
8,4,4,2,2.22242059700511,2.53626787000394,1,1,NaN
8,4,2,2,2.99968703200284,3.91198533200077,1,1,NaN
8,2,2,1,1.64160568499938,2.2489375840014,1,1,NaN
8,3,3,3,1.71086756099976,2.01887300200178,1,1,NaN
8,2,2,3,1.46884409800259,3.13290926400077,1,1,NaN
8,3,3,3,1.63129160100652,1.95225358800235,1,1,NaN
8,2,2,2,1.61645201800275,1.93560252799944,1,1,NaN
8,2,2,4,1.2415607399962,1.78545569699781,1,3,4
8,4,4,3,0.962023671003408,1.45756201600307,1,3,2
8,2,2,2,1.01556244200037,1.47969036099676,1,3,4
8,4,4,4,0.812777092003671,1.13494390300184,1,3,2
8,2,2,3,0.784077689997503,1.10141449799994,1,3,4
8,4,4,4,0.804240202000074,1.11780428700149,1,3,2
8,4,4,3,1.0152276680019,1.36757592100184,1,3,2
8,2,2,4,0.849248709993844,1.16811355399841,1,3,4
8,4,4,1,1.84166190700489,2.16240666399972,1,3,2
8,4,2,2,1.32329778100393,1.85135698100203,1,3,2
8,4,4,1,1.72845945200243,2.17641297999944,1,3,2
8,4,2,3,1.41670360599528,2.08875177199661,1,3,2
8,4,2,3,1.5085430110048,2.48516593700333,1,3,2
8,2,2,3,1.00858828399942,1.34419171800255,1,3,4
8,4,4,3,1.35513790200639,1.99518785800319,1,3,2
8,4,4,2,1.29147134999948,1.75525878199551,1,3,2
8,2,2,4,1.02892818499822,1.35142020299827,1,3,4
8,2,2,4,0.991040360000625,1.30133110499446,1,3,4
8,4,4,3,1.22733735699876,1.69170101000054,1,3,2
8,4,4,1,1.71986300100252,2.40855244200065,1,3,2
8,2,2,4,0.903152954997495,1.75120495900046,1,3,4
8,4,4,2,2.08115790699958,2.51243221500044,1,3,2
8,2,2,2,1.05195352499868,1.51606993700261,1,3,4
8,4,4,2,1.29589937900164,1.80796612100676,1,3,2
8,4,4,3,2.00707462799619,2.31943859600142,1,3,2
8,4,2,3,1.32160858299903,1.68994424699486,1,3,2
8,4,2,2,1.44672173500294,1.99031524900056,1,3,2
8,2,2,4,0.98258467100095,1.30159682300291,1,3,4
8,2,2,4,0.865537559999211,1.18459645400435,1,3,4
8,2,2,4,0.850786686998617,1.1679682469985,1,3,4
8,2,2,4,0.835933448004653,1.15141152200522,1,3,4
8,2,2,4,0.838114815000154,1.15124258599826,1,3,4
8,2,2,4,0.775769644998945,1.08471523499611,1,3,4
8,4,2,3,0.925331988997641,1.67752815399581,1,3,2
8,4,2,2,1.13038619500003,1.49840241800121,1,3,2
8,4,4,2,1.41326154900162,1.92532163800206,1,2,1
8,3,3,3,1.91262863900192,2.23596786200505,1,2,1
8,2,2,3,1.48655593500007,3.15060000299854,1,2,3
8,3,3,3,1.39045706100296,1.77427874200657,1,2,1
8,4,4,2,2.03938185999868,2.35268880399963,1,2,3
8,1,2,2,2.64896349199989,2.97011930000008,1,2,2
8,2,2,3,1.64873667799839,1.9848488800053,1,2,3
8,1,3,3,2.27238270000089,2.58628832900285,1,2,3
8,1,1,2,1.46324129299319,2.31120216599811,1,2,2
8,3,3,2,1.59493151300558,1.96262384400325,1,2,1
8,3,3,3,1.35603947799973,1.66868631199759,1,2,2
8,3,3,4,2.21714562700072,6.98497000199859,1,2,4
8,1,1,3,1.70844197300175,2.01885043799848,1,2,3
8,4,1,2,2.63556093700026,2.95337606300018,1,2,1
8,1,1,3,2.0986247319961,2.61089615499804,1,2,2
8,4,4,2,2.58567618699453,2.9034051149938,1,2,2
8,3,3,2,1.95564044899947,2.41969752599834,1,2,4
8,4,2,4,2.27397065699915,2.75383418199635,1,2,2
8,2,2,4,1.53815610799938,1.85233074300049,1,2,3
8,3,2,2,3.0317503480037,3.36806143300055,1,2,2
8,4,4,2,2.01532075399882,2.86357398400287,1,2,2
8,3,3,4,1.3079406350007,1.75631144100043,1,2,4
8,3,3,3,1.86195854899415,2.62981941799808,1,2,4
8,3,1,1,1.9959062199996,2.57197377699777,1,2,1
8,3,3,2,2.98003336500551,3.36353368300479,1,2,4
8,2,2,3,1.49961545600672,1.81868360800581,1,2,1
8,4,1,4,2.51498757399531,2.83667713800241,1,2,1
8,4,4,4,1.64718474900292,2.0148349930023,1,2,1
8,1,1,3,1.80744722900272,2.11912434900296,1,2,4
8,2,2,2,1.21036886799993,1.61042711600021,1,2,3
8,1,1,1,4.0416108520003,5.0343798899994,1,2,4
8,3,3,2,1.5812742220005,1.902132231,1,2,2
8,3,3,3,2.01729351499671,2.33705971399468,1,2,2
8,3,3,4,1.4264378959997,2.96311008000339,1,2,4
8,2,2,3,1.53160569200554,1.88344386700192,1,2,3
8,4,3,2,2.37530719299684,2.72773083300126,1,1,NaN
8,3,3,4,1.46540902899869,1.78546565899887,1,1,NaN
8,1,1,3,1.42597375499463,1.73518950500147,1,1,NaN
8,1,2,2,1.56446449400391,1.91674523500114,1,1,NaN
8,2,2,4,1.10337403399899,1.4184394660042,1,1,NaN
8,1,1,2,2.18240022900136,2.5508242270007,1,1,NaN
8,3,3,4,1.31210603899672,2.767560237,1,1,NaN
8,2,2,3,1.48768459599523,1.83991762399819,1,1,NaN
8,1,1,3,1.10995426799491,1.42957193600159,1,1,NaN
8,3,3,3,1.26097650200245,1.58110479000607,1,1,NaN
8,1,2,3,1.58220688599977,2.07874288700259,1,1,NaN
8,2,2,4,1.43523941899912,1.9794173650007,1,1,NaN
8,4,4,2,2.15599174799718,2.60419590999663,1,1,NaN
8,3,1,2,1.85893332799606,2.17893018700124,1,1,NaN
8,4,4,2,1.88330281299568,2.2027009539961,1,1,NaN
8,3,3,2,2.6746445089957,3.0908339230009,1,1,NaN
8,4,4,4,1.7341157339979,2.05232292599976,1,1,NaN
8,4,1,1,2.17881653000222,3.15513994399953,1,1,NaN
8,3,3,4,1.6674761050017,2.08354928700282,1,1,NaN
8,1,1,3,1.68027520499891,2.06379378199927,1,1,NaN
8,2,2,2,1.26151895800285,1.83690959700471,1,1,NaN
8,1,1,3,1.36342447800416,2.96354256100312,1,1,NaN
8,1,1,4,1.30810496799677,1.66024754899991,1,1,NaN
8,2,2,4,1.12999725100235,1.49755796800309,1,1,NaN
8,2,2,4,0.990468537995184,1.32700913299777,1,1,NaN
8,4,4,2,1.37033879500086,1.898348859002,1,1,NaN
8,2,2,3,1.07059180999931,1.38500766400102,1,1,NaN
8,1,1,3,1.07911435300048,1.4016176130026,1,1,NaN
8,2,2,4,1.0074967929977,1.35912841899699,1,1,NaN
8,3,3,4,2.02583789500204,2.37754257400229,1,1,NaN
8,3,3,4,1.43423816600261,1.85001321900199,1,1,NaN
8,1,1,2,1.26324362699961,1.82374417000392,1,1,NaN
8,4,4,2,1.25452483700064,1.6388363609949,1,1,NaN
8,4,3,1,2.59655687399936,3.76500416299677,1,1,NaN
8,4,4,2,1.74057313099911,2.05253795099998,1,1,NaN
8,4,4,2,3.02436021600442,3.96880456500367,1,2,2
8,4,4,1,1.31223650899483,1.90400550999766,1,2,1
8,4,4,1,1.77992201299639,2.89938612599508,1,2,2
8,4,4,1,1.31060677100322,1.67821342800016,1,2,2
8,3,3,3,1.85170144199947,2.3153033109993,1,2,2
8,4,3,1,4.01497815900075,4.3510890769976,1,2,3
8,2,2,2,1.27801790500234,1.74265698999807,1,2,3
8,4,3,3,2.36107713700039,2.80910415499966,1,2,3
8,1,1,2,2.3752440199969,2.68642870400072,1,2,3
8,3,2,3,2.05881165200117,2.55464361000486,1,2,2
8,3,3,4,1.57162275000155,1.8856148470004,1,2,2
8,4,4,4,1.25527012700331,1.62378526599787,1,2,1
8,1,1,2,1.67084133299795,2.47108484400087,1,2,4
8,1,1,3,1.10735340900283,1.47500740000396,1,2,4
8,3,3,1,2.12043798399827,2.82478567699582,1,2,2
8,2,2,4,1.30293389899452,1.61848071099666,1,2,4
8,2,2,4,0.980837985000107,1.30153712700121,1,2,3
8,3,3,3,1.36176514399995,1.77737206900201,1,2,2
8,4,4,2,1.97872726600326,2.8582771260044,1,2,2
8,2,2,3,1.09525677900092,1.87897473399789,1,2,1
8,4,4,3,1.18004777500028,1.50181047499791,1,2,3
8,1,1,3,1.39168194599915,1.90378314099507,1,2,3
8,4,4,1,2.93108809499972,3.25393737899867,1,2,3
8,3,1,4,3.32737799000461,3.74361317700095,1,2,1
8,1,1,3,1.63951248299418,1.95233201399969,1,2,3
8,4,2,3,2.80912665199867,3.22466704899853,1,2,2
8,2,2,4,1.09444608200283,1.4183125510026,1,2,4
8,3,3,3,1.45356284300215,2.38206090099993,1,2,1
8,2,2,3,1.26190152900381,2.23859271100082,1,2,4
8,3,3,4,1.2043921450022,3.04456707600184,1,2,2
8,4,1,1,2.77675329700287,3.22492671300279,1,2,1
8,4,3,3,2.35878082300042,2.93481435600552,1,2,3
8,2,2,4,1.19956311200076,1.93604564099951,1,2,4
8,2,2,4,1.47411499900045,1.93805885100301,1,2,1
8,4,2,3,1.85971181499917,2.3561836450026,1,2,2
8,1,1,4,1.24389062300179,1.61162856900046,1,3,2
8,1,2,3,0.907437875001051,1.34022107400233,1,3,2
8,2,2,4,0.886388154001907,1.23860157900344,1,3,1
8,2,2,4,0.725369947998843,1.03442784000072,1,3,1
8,2,2,2,0.844447058996593,1.24505194999801,1,3,1
8,2,2,3,1.00381102700339,1.59580231800646,1,3,1
8,2,2,2,0.924622885002464,1.41991268000129,1,3,1
8,1,1,4,0.932092008006293,1.25145884500671,1,3,2
8,2,2,3,0.818436231995292,1.23394524699688,1,3,1
8,1,1,1,1.05729621099454,1.45729128499806,1,3,2
8,1,2,2,1.11085326300235,1.78303274200152,1,3,2
8,1,1,3,1.07127097400371,1.38492931699875,1,3,2
8,2,2,4,0.983782488998258,1.48044654400292,1,3,1
8,1,1,3,0.9892817919972,1.3416426870026,1,3,2
8,1,1,3,0.920472710997274,1.2404197729993,1,3,2
8,1,1,1,1.2875784880016,1.67128456600039,1,3,2
8,1,2,2,0.804472379997605,1.11810186899675,1,3,2
8,2,2,2,0.808306760998676,1.2407065389998,1,3,1
8,1,1,1,1.27071982800408,1.78250135300186,1,3,2
8,1,1,2,1.53524594000191,2.20768174099794,1,3,2
8,1,2,3,1.11102352000307,1.55922938700678,1,3,2
8,2,2,4,1.04879839699424,1.64105009599734,1,3,1
8,1,1,1,1.33532860199921,1.78356789999816,1,3,2
8,1,1,2,1.63191792399448,2.03195252399746,1,3,2
8,1,1,4,1.16685649400461,1.48508051200042,1,3,2
8,2,2,4,0.867078002003836,1.20280733600521,1,3,1
8,2,2,4,0.979139219001809,1.3016477170022,1,3,1
8,2,2,4,0.975419996997516,1.2849590170008,1,3,1
8,2,2,4,0.811106428998755,1.13471841299906,1,3,1
8,1,1,3,0.798220113996649,1.15064795500075,1,3,2
8,2,2,4,0.832271396000579,1.15140908199828,1,3,1
8,2,2,4,0.915300419001142,1.23470672300027,1,3,1
8,1,1,4,0.882190443000582,1.2013561040003,1,3,2
8,2,2,4,0.882227717003843,1.20142245500028,1,3,1
8,1,2,1,0.849895912004285,1.82610528400255,1,3,2
8,2,2,4,0.966492681000091,1.30287196300196,1,2,4
8,2,2,4,0.755352300002414,1.36324910200346,1,2,1
8,3,3,4,1.40509472800477,1.80573484500201,1,2,4
8,3,3,4,0.980796375006321,1.34949474300083,1,2,1
8,2,2,4,0.97550710500218,1.39231692199974,1,2,1
8,1,1,4,1.08115032199566,1.40183118700224,1,2,3
8,2,2,4,2.09624538400385,2.4194165450026,1,2,1
8,1,1,4,1.19832937600586,1.51842364200274,1,2,2
8,2,2,3,0.961678556006518,1.47345258800487,1,2,1
8,2,2,4,1.31902274100139,1.71955132999574,1,2,1
8,2,2,4,0.866394632001175,1.18477728200378,1,2,1
8,2,2,4,1.13886689300125,1.45186175400158,1,2,1
8,4,4,1,1.70499422400462,2.12158398100291,1,2,1
8,2,2,3,1.02812227200047,1.58798458600359,1,2,3
8,3,3,4,1.26888616799988,1.89291650900122,1,2,2
8,4,4,2,1.32044479400065,1.92878442200163,1,2,1
8,2,2,3,1.01964861199667,1.37211622099858,1,2,3
8,4,4,2,1.82886328099994,2.4368613770057,1,2,1
8,4,4,3,1.47475814499921,1.78542353100056,1,2,2
8,4,1,4,2.26707005000208,3.01901454399922,1,2,1
8,3,3,3,2.08092413700069,2.48072047499591,1,2,2
8,1,2,3,1.50057447799918,2.26861707900389,1,2,2
8,3,3,4,1.36204788900068,1.71357814899966,1,2,4
8,2,2,3,1.29297269500239,2.54155817600258,1,2,3
8,1,1,1,2.7269193040047,3.04679202099942,1,2,3
8,1,2,3,2.47592953500134,2.82778870400216,1,2,2
8,1,1,2,2.88999221999984,3.25728734299628,1,2,4
8,4,1,3,2.10187490099634,2.62962715100002,1,2,1
8,4,1,2,2.53919638799562,2.9233870829994,1,2,1
8,1,3,2,1.70104655999603,2.01912401899608,1,2,3
8,4,4,2,2.48375005900016,3.07598264499393,1,2,1
8,3,3,3,1.41506660399318,1.94332711799507,1,2,1
8,1,1,4,3.03334551800071,3.36942163300409,1,2,4
8,1,1,4,1.07246094499715,1.39275700799772,1,2,3
8,4,1,4,2.88957050199679,3.20375820699701,1,2,1
8,1,3,2,1.07038722000289,1.550535623006,1,3,3
8,1,1,2,1.55243702400185,1.95276120599738,1,3,3
8,3,3,2,0.994065010003396,1.31434054700367,1,3,1
8,1,3,3,1.70996770200145,2.01901210699725,1,3,3
8,1,1,3,1.41967961800401,1.86837872700562,1,3,3
8,3,3,3,0.945387107996794,1.26823710199824,1,3,1
8,3,3,4,0.814322079000704,1.13449921300344,1,3,1
8,3,3,4,1.13675728700036,1.45183274199371,1,3,1
8,3,3,4,0.727669280000555,1.05127415400057,1,3,1
8,3,3,4,0.637510323998868,0.951142791003804,1,3,1
8,1,1,3,0.919670564995613,1.3511471249949,1,3,3
8,1,1,2,1.53743487899919,1.85225049600558,1,3,3
8,1,1,2,1.33548203900136,1.79952373600099,1,3,3
8,1,3,3,1.02366647800227,1.69581211599871,1,3,3
8,3,3,3,1.02073318100156,1.33501196200086,1,3,1
8,3,3,2,1.03080146399589,1.36666745899856,1,3,1
8,3,3,4,0.961004112999944,1.424164449003,1,3,1
8,3,3,2,2.20013383500191,3.12764006900397,1,3,1
8,1,1,1,1.22548259399628,1.53517050600203,1,3,3
8,1,1,4,0.956558434001636,1.26800695500424,1,3,3
8,1,1,2,1.04855085899908,1.54532029799884,1,3,3
8,3,3,4,0.827747838004143,1.19590914500441,1,3,1
8,1,1,2,1.48488416500186,1.98076839699934,1,3,3
8,1,1,4,0.909659788994759,1.21829537499434,1,3,3
8,3,3,2,1.03730776999873,1.42165234399727,1,3,1
8,1,3,3,1.46042441500322,2.37220477500523,1,3,3
8,1,3,3,1.50934228699771,1.87731800099573,1,3,3
8,1,1,3,1.2580208310028,1.57837321500119,1,3,3
8,3,3,2,1.03529731300659,1.3872061140064,1,3,1
8,1,1,4,1.42795841799671,1.75210633599636,1,3,3
8,1,1,2,2.50912926399906,3.34101365700189,1,3,3
8,3,3,3,1.8618218430056,2.18599026200536,1,3,1
8,3,3,1,1.0696757140031,1.40521195499605,1,3,1
8,3,3,4,0.949358502002724,1.26820311600022,1,3,1
8,3,3,3,1.53842444600014,2.16278878800222,1,3,1
8,4,3,3,1.39455315999658,1.90623690999928,1,1,NaN
8,4,2,3,1.06236254599935,1.39859078000154,1,1,NaN
8,3,3,2,1.10313365200273,1.63067509300163,1,1,NaN
8,4,4,1,1.37434484299592,2.44586366899603,1,1,NaN
8,3,3,4,1.06830778400035,1.38488274299743,1,1,NaN
8,3,2,2,1.54056087500066,2.19666770299955,1,1,NaN
8,4,2,2,1.61273513699416,1.98097113599943,1,1,NaN
8,4,2,1,3.13358691999747,3.69373372200062,1,1,NaN
8,1,1,2,1.19098266900255,1.57490065000457,1,1,NaN
8,1,2,3,1.08009362599842,1.51255640499585,1,1,NaN
8,3,2,3,1.35655769399455,1.78829988600046,1,1,NaN
8,2,2,4,0.917026565002743,1.42843742200057,1,1,NaN
8,3,3,3,1.62811704599881,1.99608093500137,1,1,NaN
8,1,1,2,1.7243730429982,2.03579479699692,1,1,NaN
8,1,1,2,1.77036597800179,2.089784212003,1,1,NaN
8,4,4,4,1.17428711599496,1.48509049199492,1,1,NaN
8,1,2,3,2.31507428099576,3.4665072429998,1,1,NaN
8,4,4,2,1.15052669099532,1.85446465999848,1,1,NaN
8,2,2,3,2.69226445100503,3.01273965900327,1,1,NaN
8,3,3,2,1.69067950000317,2.15499918600108,1,1,NaN
8,2,2,4,1.44406786200125,1.76889284900244,1,1,NaN
8,1,3,1,1.7095185069993,2.23715221599559,1,1,NaN
8,2,2,4,1.53863883399754,1.87528343799931,1,1,NaN
8,1,1,3,1.4319223679995,1.78389291399799,1,1,NaN
8,1,1,1,1.53590024299774,2.14378439199936,1,1,NaN
8,1,3,1,1.65846790399519,2.01035984199552,1,1,NaN
8,2,2,2,1.3535347030047,1.66867565000575,1,1,NaN
8,2,2,3,0.998612191004213,1.39838729199982,1,1,NaN
8,1,3,1,1.58391955299885,1.90216755100118,1,1,NaN
8,1,1,4,1.53940976599552,1.87531341099384,1,1,NaN
8,2,3,1,2.45615349600121,2.77620626799762,1,1,NaN
8,4,4,2,2.20006530499813,2.61611379699752,1,1,NaN
8,1,2,2,1.86985457300034,2.18992686000274,1,1,NaN
8,1,1,2,1.60565668199706,1.91903313499643,1,1,NaN
8,1,2,3,2.18522723700153,2.50302688700322,1,1,NaN
8,2,2,2,1.17700978500216,1.48489143599727,1,3,3
8,3,3,2,1.69375175199821,2.62203414100077,1,3,2
8,3,3,1,1.47602452999854,1.87592170999415,1,3,2
8,2,2,4,1.32089897600235,1.63511553699936,1,3,3
8,3,3,2,1.23904710700299,1.55201845700503,1,3,2
8,3,3,2,1.43282558699866,1.7847351110031,1,3,2
8,3,3,3,1.31269495299784,2.2091411989968,1,3,2
8,3,3,3,0.984274656002526,1.30152658300358,1,3,2
8,3,3,4,1.02879002100235,1.94065875500382,1,3,2
8,3,3,3,1.30260723500396,1.73502401100268,1,3,2
8,3,3,2,1.08921783800179,1.53687974499917,1,3,2
8,2,2,3,1.12334439099504,1.66737500299496,1,3,3
8,3,3,4,1.07274764899921,1.38494356199953,1,3,2
8,3,3,3,1.35404080500302,1.78546236500551,1,3,2
8,3,2,3,1.32987204800156,1.92174568900373,1,3,2
8,2,2,4,1.04450614000234,1.3682883970032,1,3,3
8,2,2,4,0.925976447993889,1.2346419319947,1,3,3
8,3,2,4,1.05267361499864,1.36835888699716,1,3,2
8,3,3,2,1.15784828300093,1.57368077700085,1,3,2
8,3,3,3,1.54372838400013,1.92718911100383,1,3,2
8,3,3,2,1.33834139999817,1.88213857499795,1,3,2
8,3,3,3,1.16671966600552,1.5672411350024,1,3,2
8,2,2,4,1.05662756899983,1.36830401800398,1,3,3
8,3,3,4,1.28992591799761,1.6419941790009,1,3,2
8,3,3,2,1.33661418599513,1.76866172399605,1,3,2
8,2,2,3,1.13775795600668,1.48943907000648,1,3,3
8,3,3,4,1.06233109599998,1.38507784200192,1,3,2
8,2,2,4,1.1030817840001,1.41844308299915,1,3,3
8,3,2,4,1.03052305400342,1.35175987300318,1,3,2
8,3,2,4,1.84045754100225,2.19259720099944,1,3,2
8,3,3,4,1.03248733600049,1.35257980100141,1,3,2
8,3,3,4,1.41054439000436,1.71863571699942,1,3,2
8,2,3,4,1.61402784600068,1.9359088239944,1,3,3
8,3,3,4,1.07144268699631,1.38513944500301,1,3,2
8,3,2,2,1.56081363499834,1.86875924399646,1,3,2
8,3,3,3,1.52387325900054,1.93994067099993,1,2,1
8,1,1,3,1.47871507100353,1.8021443960024,1,2,4
8,4,4,2,1.66232858899457,1.99842453699966,1,2,3
8,1,2,3,2.55873607299873,2.87824514299427,1,2,2
8,2,2,4,1.20972876199812,1.51858539099339,1,2,1
8,1,1,3,1.19718100599857,1.51848055599839,1,2,2
8,4,3,2,2.76891474999866,3.08677520300262,1,2,3
8,4,2,3,2.19600115300273,2.51942020800197,1,2,2
8,2,2,2,1.43763400100579,1.77347449100489,1,2,3
8,1,1,3,2.51856334799959,2.88678841199726,1,2,3
8,2,2,3,1.40977557199949,1.71856037600082,1,2,3
8,3,3,4,1.54928917300276,1.94932850300393,1,2,1
8,1,1,4,2.22341968199908,3.21581219699874,1,2,4
8,2,2,4,1.26117566299945,1.78931032299442,1,2,4
8,3,3,3,1.46195612099837,1.79765870799747,1,2,4
8,3,3,4,1.00649101799354,1.39044143199862,1,2,1
8,1,1,4,1.27058605400089,1.59055621500011,1,2,2
8,1,1,4,1.12768896699708,1.4519154879963,1,2,2
8,1,1,4,1.98190561200317,2.30277059299988,1,2,4
8,1,3,2,1.8410195739998,2.15237855200394,1,2,3
8,1,3,1,1.91451832700113,2.23593932599761,1,2,3
8,4,3,3,1.42391359199974,1.73533742099971,1,2,3
8,2,2,3,0.98678788899997,1.48216182800388,1,2,3
8,1,1,4,1.02379956199729,1.33510595600092,1,2,4
8,3,3,4,1.77056933999847,2.08566642000369,1,2,2
8,3,3,2,1.9108333089971,2.27821217699966,1,2,1
8,2,2,3,2.20351709100214,3.29118678100349,1,2,1
8,4,4,1,1.3975649310014,1.94166915200185,1,2,2
8,4,4,4,1.15884642500168,2.27896958299971,1,2,1
8,3,3,4,1.38738525199733,1.80376418399828,1,2,4
8,1,1,4,1.12291655800072,1.43514344299911,1,2,4
8,1,1,3,2.40904018899892,2.93788308199873,1,2,4
8,2,2,3,1.05864455599658,1.36830226099846,1,2,1
8,3,3,4,1.03622816799907,1.46843657900172,1,2,1
8,3,3,2,1.80913927599613,2.28940457599674,1,2,1
8,2,2,3,1.03629520099639,1.48370598199836,1,1,NaN
8,4,4,2,1.15256163800223,1.53638769100507,1,1,NaN
8,3,3,4,1.05937146199722,1.74760826599959,1,1,NaN
8,1,2,2,1.5500039719991,1.99809346099937,1,1,NaN
8,4,3,2,1.63001245300256,1.95238053100184,1,1,NaN
8,4,4,3,1.80698027800099,2.36741720699501,1,1,NaN
8,1,1,3,1.26378547000058,1.7918762679983,1,1,NaN
8,3,2,1,1.25639732900163,2.21608648599795,1,1,NaN
8,1,1,4,1.00734991200443,1.31837191000523,1,1,NaN
8,4,3,4,1.00288584100053,1.49908718300139,1,1,NaN
8,2,2,2,1.00785830499808,1.35977159300091,1,1,NaN
8,2,2,3,0.938013667997438,1.32128984299925,1,1,NaN
8,4,2,3,0.981362307000381,1.62110134300019,1,1,NaN
8,3,3,4,1.5085374420014,1.84404792099667,1,1,NaN
8,4,2,2,1.25881710899557,1.83497338899906,1,1,NaN
8,3,3,4,1.39320938899618,1.82518998999876,1,1,NaN
8,4,2,4,1.14446465999936,1.46855274299742,1,1,NaN
8,1,1,4,1.03774623500067,1.35170308999659,1,1,NaN
8,4,2,3,1.27074845400057,1.83071667100012,1,1,NaN
8,4,4,4,1.19790595600352,1.69404366399976,1,1,NaN
8,1,2,4,1.08265303500229,1.51458726500277,1,1,NaN
8,4,3,2,2.06216385599691,2.36925303299358,1,1,NaN
8,4,3,2,1.13499740699626,1.45174532300007,1,1,NaN
8,4,2,1,1.23695961400517,1.55201097500685,1,1,NaN
8,2,2,3,0.95072411000001,1.26819336699555,1,1,NaN
8,4,4,3,1.18829793100304,2.21251825900254,1,1,NaN
8,2,2,3,0.875795662002929,1.2439166740005,1,1,NaN
8,2,2,3,1.25884508800664,1.62631763900572,1,1,NaN
8,2,2,3,1.43391829100437,1.75196398000116,1,1,NaN
8,4,4,3,1.28347155299707,1.81183937400056,1,1,NaN
8,2,2,2,1.86731098900054,2.57110779199866,1,1,NaN
8,2,2,3,1.34743740800332,1.69911761899857,1,1,NaN
8,4,4,1,1.5513952790061,1.9513178720008,1,1,NaN
8,1,3,2,2.52933438100445,3.12147845900472,1,1,NaN
8,2,2,2,1.26683150199824,1.84247354899708,1,1,NaN
9,4,2,2,2.24027156599914,2.84850673599431,1,3,2
9,4,4,1,2.1096268140027,2.41936178600008,1,3,2
9,2,2,4,1.6916970799939,2.00227631499729,1,3,4
9,2,2,3,1.33869099399453,1.65190134699515,1,3,4
9,4,4,3,1.72115248499904,2.03559841300012,1,3,2
9,4,4,4,1.83133705700311,2.15243739400466,1,3,2
9,4,2,1,2.01669900699926,2.33595343199704,1,3,2
9,2,2,4,1.58563053599937,1.90227884699561,1,3,4
9,2,2,4,1.7175634929954,2.03566233799938,1,3,4
9,2,2,4,1.53941341500467,1.85206528500566,1,3,4
9,4,4,2,2.13734826600557,2.45289205400331,1,3,2
9,4,4,3,1.86257401100011,2.19794284799718,1,3,2
9,4,4,1,2.22267449500214,2.53659947699634,1,3,2
9,4,4,2,2.13588366200565,2.85542155800067,1,3,2
9,4,2,3,1.97220035800274,2.4842957600049,1,3,2
9,2,2,4,1.56804033599474,1.88550440099789,1,3,4
9,4,4,2,2.08357341800001,2.61143457800063,1,3,2
9,2,2,4,1.69017397000425,2.00241451799957,1,3,4
9,2,2,4,1.75309485699836,2.13694694799779,1,3,4
9,2,2,3,2.22698651500104,2.59523637699749,1,3,4
9,4,2,4,1.57827153300605,1.90232417200605,1,3,2
9,4,4,2,2.09432590399956,2.4460515239989,1,3,2
9,4,4,4,1.83540257400455,2.34756168600143,1,3,2
9,2,2,1,1.980957906002,2.38113400399743,1,3,4
9,4,4,3,2.39805545499985,3.21398518700153,1,3,2
9,2,2,3,1.9321742319953,2.34817995799676,1,3,4
9,2,2,3,2.18972894799663,2.55754479299503,1,3,4
9,2,2,4,1.76597791699896,2.10230477600271,1,3,4
9,4,4,3,1.64987731200381,2.00198065600125,1,3,2
9,2,2,4,1.58531193499948,1.90215150199947,1,3,4
9,2,2,4,2.46803930999886,2.78648315700411,1,3,4
9,4,4,2,2.21172446399578,2.81969083999866,1,3,2
9,2,2,2,1.93743232599809,2.27306257100281,1,3,4
9,4,4,3,1.68581429799815,2.00213033999898,1,3,2
9,4,4,1,2.80543237399979,3.12015197500295,1,3,2
9,4,4,3,3.13199969499692,5.30785178000224,1,2,2
9,1,2,3,2.40395269100554,3.44370104300469,1,2,2
9,2,2,4,1.92730067200318,2.27962705000391,1,2,3
9,2,2,4,1.64421614299499,2.26786879399879,1,2,3
9,3,3,4,1.93662172699987,2.25248046300112,1,2,4
9,3,3,3,1.65397094599757,2.02202998299617,1,2,1
9,2,2,3,1.57224036600383,2.32427946999815,1,2,3
9,3,3,3,1.71923111100477,2.10247995800455,1,2,4
9,3,3,3,2.32253279099677,3.05849837500136,1,2,1
9,2,2,1,3.57486305399652,3.92660433700075,1,2,4
9,2,2,2,3.14342308099731,3.79934862799564,1,2,3
9,4,4,1,2.58933955700195,2.92522168000141,1,2,3
9,3,3,4,1.62316666799597,1.9354952299982,1,2,1
9,2,2,3,2.47353861200099,3.01771750400076,1,2,1
9,4,2,1,2.60722922100103,3.93513016700308,1,2,2
9,1,1,3,2.08012995000172,3.29588914600026,1,2,4
9,3,3,3,1.80273045500508,2.23476917000517,1,2,1
9,4,2,2,1.87204545999703,2.20794176300114,1,2,2
9,2,2,2,2.00784978999582,2.88771095799893,1,2,3
9,3,3,4,1.47462773900043,1.78503900899523,1,2,2
9,1,1,1,2.49044090800453,2.8904673940051,1,2,2
9,1,1,1,3.87746865499503,4.1880260189937,1,2,4
9,3,3,4,1.62748089800152,1.93542275499931,1,2,2
9,4,4,3,1.91751277200092,2.23578558200097,1,2,1
9,2,2,4,1.66711657700216,2.54752746700251,1,2,3
9,3,3,4,1.54863593600021,1.8688619520035,1,2,1
9,3,3,4,2.06611004899605,2.38618868699996,1,2,2
9,1,1,1,2.01782919199468,2.33781710900075,1,2,3
9,1,3,2,2.35506937799801,3.92306827900029,1,2,3
9,3,3,4,1.55561500300246,1.86849786400126,1,2,4
9,2,2,4,1.65628890100197,2.12025187000108,1,2,1
9,3,3,4,1.49026347799372,1.80203928399715,1,2,2
9,3,3,4,1.48171125099907,1.80194050099817,1,2,4
9,4,4,3,1.88962294800149,2.32133961300133,1,2,3
9,3,3,3,2.00328570700367,2.35586990100273,1,2,4
9,3,3,4,2.53985116399417,4.02778138499707,1,1,NaN
9,2,3,3,1.70419614300044,2.01916930099833,1,1,NaN
9,3,3,3,1.63889362500049,2.18302897000103,1,1,NaN
9,1,1,4,2.14324557399959,2.4526751279991,1,1,NaN
9,2,2,3,2.46007691400155,3.05249338000431,1,1,NaN
9,1,1,3,2.01720546899742,2.76909677399817,1,1,NaN
9,4,3,4,2.14488729099685,2.45238482899731,1,1,NaN
9,2,2,4,1.86976418000268,2.30183502600266,1,1,NaN
9,3,3,4,1.71290985700034,2.03562817799684,1,1,NaN
9,2,2,4,1.90260561499599,2.21901063500263,1,1,NaN
9,1,1,3,1.92479395600094,2.62906558599934,1,1,NaN
9,1,1,3,1.43523454300157,2.05865855100274,1,1,NaN
9,1,1,2,2.18399414199666,2.56862732699665,1,1,NaN
9,4,4,2,1.76004105399625,2.11228293599561,1,1,NaN
9,1,1,1,2.47592056800204,2.78663874400081,1,1,NaN
9,4,4,2,2.0586143670007,2.36921068499942,1,1,NaN
9,4,4,1,2.10661511400394,2.41940439500468,1,1,NaN
9,2,2,3,1.7530887469984,2.06901243299944,1,1,NaN
9,4,2,1,2.10168253099982,2.41947132499627,1,1,NaN
9,3,3,4,1.68409587100177,2.0022474590005,1,1,NaN
9,4,3,2,2.16388955900038,2.48616282900184,1,1,NaN
9,1,3,1,1.99890432800021,2.38282450899715,1,1,NaN
9,1,1,4,1.55173100699903,1.98334159399383,1,1,NaN
9,2,2,3,1.69626135499857,2.01904282900068,1,1,NaN
9,1,1,3,1.40733634700155,2.1906936230007,1,1,NaN
9,1,4,1,2.47131446999992,2.78665103000094,1,1,NaN
9,3,3,3,2.10210716899746,2.5346172799982,1,1,NaN
9,4,3,3,1.31134986999677,1.90386751999904,1,1,NaN
9,1,2,1,2.29124044800119,2.62702727400028,1,1,NaN
9,4,3,1,1.96134300000267,2.87347535200388,1,1,NaN
9,4,1,1,1.97258642899396,2.51705670699448,1,1,NaN
9,3,3,3,2.54382473100122,3.37612219600123,1,1,NaN
9,1,1,4,2.02202313599992,2.88629922999826,1,1,NaN
9,4,3,1,2.48142380200443,2.80282181400253,1,1,NaN
9,1,1,2,1.82459297500463,2.64065093200043,1,1,NaN
9,3,3,4,2.21213690200238,3.66849858400383,1,1,NaN
9,4,4,4,1.90275796099741,2.22006978200079,1,1,NaN
9,1,2,2,2.26205883999501,3.87733934899734,1,1,NaN
9,4,3,3,1.91215208300127,2.21912577599869,1,1,NaN
9,2,2,4,2.12743403600325,2.43607067300036,1,1,NaN
9,3,3,3,1.56464466000034,1.88541757599887,1,1,NaN
9,4,4,4,1.40811096700054,1.71850995799468,1,1,NaN
9,1,1,1,1.3552598469978,1.67570246599644,1,1,NaN
9,1,3,3,1.30448360400624,1.61858723300247,1,1,NaN
9,1,1,2,1.23982330899889,1.5915010739991,1,1,NaN
9,2,2,3,1.44831995900313,1.81584316900262,1,1,NaN
9,4,3,3,1.53631065900117,1.85204530700139,1,1,NaN
9,4,1,1,1.20473759699962,1.55664340400108,1,1,NaN
9,1,1,1,1.63906750799651,3.75108781299787,1,1,NaN
9,4,3,2,1.5671316049993,1.88588043100026,1,1,NaN
9,2,2,2,1.52344495300349,1.84326450200024,1,1,NaN
9,2,2,4,1.54562776300008,1.86896389400499,1,1,NaN
9,4,4,3,1.50240607199521,1.81850317899807,1,1,NaN
9,1,1,4,1.70162373699713,2.01905200899637,1,1,NaN
9,3,3,3,1.5239989729962,1.84386285900109,1,1,NaN
9,2,2,3,1.75497232799535,2.07473091800057,1,1,NaN
9,3,3,4,1.14299660899997,1.4515633100018,1,1,NaN
9,2,2,4,1.40527616100007,1.71865248099493,1,1,NaN
9,4,4,1,1.6562923829988,1.99234237799828,1,1,NaN
9,3,3,3,1.49661339500017,2.21669679899787,1,1,NaN
9,4,1,3,1.88728318300127,2.25567167500412,1,1,NaN
9,4,1,1,2.14874475000397,3.09328229100356,1,1,NaN
9,2,2,3,1.76807568499498,2.20032950699533,1,1,NaN
9,3,3,4,1.48728069300705,2.06240519700077,1,1,NaN
9,1,1,2,1.6765522919959,2.07608167600119,1,1,NaN
9,2,2,3,1.78481305700552,2.12149773800047,1,1,NaN
9,1,3,3,1.57177734199649,1.88552259800053,1,1,NaN
9,1,3,2,1.55967124599556,1.86864387199603,1,1,NaN
9,3,3,4,1.29204832299729,1.60174903099687,1,1,NaN
9,3,3,1,1.64392054599739,1.96441575099743,1,1,NaN
9,2,2,4,1.79635677699844,2.42005721299938,1,2,4
9,3,3,3,1.77902179700322,2.10249669300538,1,2,1
9,2,2,4,1.69416066799749,2.36639529099921,1,2,3
9,4,4,3,1.91960371599998,2.47910083199531,1,2,3
9,4,4,4,1.41917140800069,1.73546526000428,1,2,2
9,4,4,3,1.73342440700071,2.11785319599585,1,2,3
9,4,4,1,2.36811851899984,2.73596436599473,1,2,1
9,1,1,1,1.96986952800216,2.41769699900033,1,2,3
9,2,2,4,1.61592188099894,1.93555601999833,1,2,3
9,4,2,4,1.71439228899544,2.11397203800152,1,2,2
9,3,3,4,1.54961382599868,1.86976201299694,1,2,2
9,1,2,2,2.13047248699877,2.46668884599785,1,2,2
9,1,1,3,1.32762466600252,1.82336373600265,1,2,4
9,1,1,4,1.87869820199558,2.34247489599511,1,2,2
9,2,2,4,1.76822608100338,2.08579148699937,1,2,1
9,2,2,4,1.46060944700002,1.81179575299757,1,2,4
9,2,1,1,2.37990554300632,2.73180149900145,1,2,1
9,1,1,4,1.48611893400084,1.8219286540043,1,2,3
9,2,2,3,2.13343780500145,2.94892936500401,1,2,1
9,1,1,4,1.38965010399988,1.82236024000304,1,2,4
9,4,2,1,3.46080846500263,3.7807760930009,1,2,2
9,1,1,4,1.22779350700148,1.83625035700243,1,2,3
9,2,2,4,1.56963718999759,1.88557222999953,1,2,4
9,4,4,4,2.454263782005,2.76988014600647,1,2,1
9,3,4,3,1.31704223400448,2.7095767550054,1,2,4
9,4,4,3,1.7845529260012,2.34442245399987,1,2,3
9,4,4,1,2.44232822799677,2.7530399679963,1,2,1
9,3,3,3,1.88265815399791,2.20240197399835,1,2,4
9,1,1,4,1.50563066000177,1.88882106300298,1,2,2
9,2,2,3,1.52544640400447,1.8354004540015,1,2,1
9,4,1,3,1.56313311799749,1.96293799099658,1,2,1
9,3,3,4,1.88471233900054,2.2044340479988,1,2,2
9,3,3,4,1.18833272499614,1.50198593899404,1,2,1
9,1,1,3,1.84711820200027,2.21478188099718,1,2,3
9,3,3,4,1.50287583099998,1.81878668100398,1,2,2
9,4,1,1,1.67612469600135,1.98544861700066,1,3,1
9,1,1,1,1.13221085199621,1.45149522399879,1,3,4
9,1,1,4,1.25068474200089,1.56853983199835,1,3,4
9,4,4,4,1.33191466400604,1.65186306900432,1,3,1
9,4,4,4,0.992605350998929,1.71273055799975,1,3,1
9,4,1,1,1.54878634100169,1.86895617700065,1,3,1
9,1,1,3,1.26544031999947,1.58523019999848,1,3,4
9,1,1,4,1.17004815799737,1.48509247299808,1,3,4
9,1,1,1,1.43030913199618,1.75208009699418,1,3,4
9,1,1,4,1.26401951799926,1.59967046800011,1,3,4
9,4,4,3,1.66394432399829,1.98555368099915,1,3,1
9,1,2,3,1.32871837299899,1.69611185299436,1,3,4
9,4,4,4,1.261319584999,1.62937800600048,1,3,1
9,4,4,1,1.94837760899827,2.26937947399711,1,3,1
9,4,4,2,1.61669393200282,1.98430944600113,1,3,1
9,1,1,4,1.39272620300471,2.22416107900062,1,3,4
9,1,1,3,1.15923076200124,1.4683298480013,1,3,4
9,1,1,3,1.18035811900336,1.53266670300218,1,3,4
9,4,4,3,1.40841757200542,1.92034345499997,1,3,1
9,4,4,1,1.92247568799939,2.9629363569984,1,3,1
9,1,1,2,1.65952061199641,1.97959330799495,1,3,4
9,4,4,3,2.0762519879936,3.43613634399662,1,3,1
9,4,4,3,1.4879224949982,1.93622319000133,1,3,1
9,4,4,4,1.18686772000365,1.50185368199891,1,3,1
9,4,1,1,1.57450821399834,2.02262378299929,1,3,1
9,4,4,3,1.49386681600299,1.90945044600085,1,3,1
9,4,4,3,1.20870924799965,1.65728708999814,1,3,1
9,1,1,2,1.49503136900603,1.97462677400472,1,3,4
9,4,4,4,1.14416725999763,1.52807663699787,1,3,1
9,1,4,3,1.03497156500089,1.48337920400081,1,3,4
9,4,4,4,1.2159971239962,1.5362200679956,1,3,1
9,4,4,4,1.1705220340009,1.48505170000135,1,3,1
9,1,1,4,1.1433185279966,1.54260738399898,1,3,4
9,1,1,3,1.4494490329962,1.76888054099982,1,3,4
9,1,1,3,1.15509087499959,1.4911980790057,1,3,4
9,2,2,3,1.80915071899653,2.12902654000209,1,2,3
9,4,4,4,1.32391016300244,1.72391556000366,1,2,1
9,3,3,3,1.94327402499766,2.25249445000372,1,2,4
9,4,4,3,2.26838465100445,2.58613084399985,1,2,3
9,2,2,3,1.71549813500314,2.2915401670034,1,2,4
9,2,2,4,1.20788934099983,1.83121655200375,1,2,1
9,4,4,2,2.44644091100054,2.81481731500389,1,2,1
9,1,1,3,2.4774660050025,2.87702761500259,1,2,3
9,4,3,1,2.0093003150032,2.44103076100146,1,2,3
9,4,4,3,1.89430511699902,2.42276654799934,1,2,3
9,3,3,3,1.90880243900028,2.29307157799485,1,2,1
9,4,4,4,1.73664324999845,2.23223512299592,1,2,1
9,2,2,1,2.39937156000087,2.73509555999772,1,2,1
9,4,4,3,1.76033354199899,2.20890214999963,1,2,1
9,3,3,4,1.46375584599446,1.78538198399474,1,2,4
9,3,3,2,2.43233916399913,2.78405166599987,1,2,1
9,2,2,2,1.82320247600001,2.31930735099741,1,2,3
9,4,4,1,3.69707345699862,4.41628464999667,1,2,3
9,1,1,1,2.52667045800627,2.83655629500572,1,2,4
9,4,3,3,1.65965956699802,1.97955373999866,1,2,3
9,2,2,4,1.46859119799774,1.78537454299658,1,2,4
9,1,1,3,1.33259221499611,1.81299447300262,1,2,2
9,4,3,4,2.15675980500237,2.46962008599803,1,2,3
9,1,4,1,2.93717968000419,3.43294023300405,1,2,4
9,1,1,4,1.47053569900163,1.80599185400206,1,2,2
9,4,2,3,1.46211892599968,1.84537696700136,1,2,2
9,2,2,4,1.35605342000053,1.66854759099806,1,2,1
9,1,1,4,1.36899630099651,1.68542151099973,1,2,2
9,2,2,4,1.20512459999736,1.58883458399941,1,2,4
9,1,1,4,1.46160186100315,1.78547944500315,1,2,2
9,4,3,3,1.88518584999838,2.20247311599815,1,2,3
9,4,1,1,2.66061115699995,3.7484626430014,1,2,1
9,1,1,1,2.94115981199866,3.25382177199936,1,2,3
9,1,1,1,1.25641886999801,1.56851343799644,1,2,2
9,3,4,1,1.56092862500373,4.85746913700132,1,2,1
9,4,3,4,1.38599686299858,1.70188344200142,1,3,3
9,4,4,4,1.43053898400103,2.118415130004,1,3,3
9,3,3,4,1.05671186200198,1.36836295900139,1,3,4
9,4,4,1,1.35380995599553,1.66857748799521,1,3,3
9,4,4,2,1.4636940010023,2.26360154500435,1,3,3
9,4,4,3,1.35690292900108,1.75677817199903,1,3,3
9,4,3,3,1.35034240400273,1.70248475099652,1,3,3
9,4,3,1,1.92192955299834,2.43389474900323,1,3,3
9,3,3,4,1.19962400499935,1.61613443899842,1,3,4
9,3,3,4,1.05568219099951,1.37597403499967,1,3,4
9,3,3,3,0.872854604000167,1.18472895900049,1,3,4
9,3,3,3,0.858117374002177,1.16773069999908,1,3,4
9,4,4,3,0.892302883999946,1.80390232899663,1,3,3
9,4,4,3,1.25166358699789,1.65136116299982,1,3,3
9,3,3,2,1.36105886100268,1.68543144900468,1,3,4
9,3,3,4,1.08531161099381,1.66125632899639,1,3,4
9,4,4,2,1.41938903999835,2.10738512899843,1,3,3
9,4,4,3,1.38259284200467,1.84684331600147,1,3,3
9,4,4,3,1.32561441299913,1.82148924100329,1,3,3
9,4,4,3,1.25269332499738,1.62031054699764,1,3,3
9,3,3,4,1.44366318699758,2.16373719699914,1,3,4
9,3,3,4,1.27693631999864,1.75715344100172,1,3,4
9,4,3,3,1.11079679799877,1.46218331199634,1,3,3
9,4,3,4,1.72459545399761,2.06091821700102,1,3,3
9,4,4,4,0.873635895994084,1.44963292399916,1,3,3
9,4,4,4,1.31228467000619,1.72788188200502,1,3,3
9,3,3,3,1.03490143300587,1.37076521400013,1,3,4
9,3,3,4,1.3160404559967,1.63527700499981,1,3,4
9,4,4,4,1.26595573200029,1.7455185469953,1,3,3
9,4,3,3,1.14826019499742,1.51658050999686,1,3,3
9,3,3,4,1.07187725500262,1.42341577700427,1,3,4
9,4,4,4,1.31928982299723,1.73491483099497,1,3,3
9,3,3,4,1.18440585899953,1.55262689099618,1,3,4
9,3,3,4,1.15416124899639,1.49042665500019,1,3,4
9,4,4,3,1.36682777899841,1.73566424599994,1,3,3
9,3,3,3,1.33640045700304,1.70450598100433,1,1,NaN
9,3,3,3,0.867870334004692,1.18490482000198,1,1,NaN
9,4,4,3,1.06074570799683,1.42875949799782,1,1,NaN
9,4,3,1,1.48389101700013,1.90008768699772,1,1,NaN
9,1,2,3,1.50302307699894,1.81877916200028,1,1,NaN
9,2,2,3,1.06164360100229,1.38497896699846,1,1,NaN
9,4,2,3,1.262072644,1.58512766200147,1,1,NaN
9,2,2,3,0.942412447999232,1.25119881000137,1,1,NaN
9,3,3,1,1.64447807599936,2.1085567869959,1,1,NaN
9,1,1,4,1.3524273869989,1.81589702900237,1,1,NaN
9,1,2,3,1.32767977900221,1.68007048700383,1,1,NaN
9,1,1,3,1.16523184099788,1.48510869399615,1,1,NaN
9,3,3,3,1.60182732300018,1.91895026400016,1,1,NaN
9,2,3,4,1.73192078099964,2.11650115500379,1,1,NaN
9,1,2,3,1.53526396899542,1.85221759400156,1,1,NaN
9,4,2,2,1.46059617900028,1.87641646900011,1,1,NaN
9,2,2,3,1.05007942600059,1.36847184300132,1,1,NaN
9,2,2,3,1.07519211700128,1.38485424999817,1,1,NaN
9,4,2,3,1.06707395600097,1.38505156899919,1,1,NaN
9,4,2,3,0.916290048000519,1.23470441900281,1,1,NaN
9,3,3,4,1.17029673900106,1.48511891499948,1,1,NaN
9,2,2,2,1.04716735299735,1.44702907100145,1,1,NaN
9,1,1,3,1.05368293900392,1.36826483000186,1,1,NaN
9,4,4,1,2.08761596799741,2.4029030390011,1,1,NaN
9,2,2,4,1.09345160100202,1.40151702900039,1,1,NaN
9,3,3,3,1.29376874399895,1.60173708599905,1,1,NaN
9,2,2,4,1.21396590999939,1.53512215599767,1,1,NaN
9,4,2,3,0.92746248000185,1.25131374599732,1,1,NaN
9,4,1,1,1.85439437199966,2.55795837799815,1,1,NaN
9,3,3,3,1.55914764999761,1.86888081499637,1,1,NaN
9,4,2,1,1.62861613999848,1.9521023779962,1,1,NaN
9,3,3,4,1.11735570200108,1.43508036200365,1,1,NaN
9,3,3,3,1.18726057000458,1.79552411500481,1,1,NaN
9,4,2,1,1.94852333400195,2.26940149900474,1,1,NaN
9,3,3,4,1.52002102699771,1.83542840099835,1,1,NaN
9,3,3,3,2.11649502499495,3.50803950499539,1,2,1
9,1,2,2,1.86212285899819,2.18583855400357,1,2,2
9,4,2,2,2.03036445999896,2.63780275599856,1,2,2
9,2,2,3,1.15589493700099,1.90715979500237,1,2,4
9,4,4,2,1.99129391799943,2.43953635799699,1,2,1
9,1,1,1,1.52505084199947,2.5805444669968,1,2,3
9,1,1,4,1.3089293439989,1.70921509499749,1,2,2
9,2,2,4,1.46499271699577,1.80077110799903,1,2,4
9,4,4,2,1.87252116900345,2.38398877700092,1,2,1
9,1,1,3,1.00826327899995,1.56875518000015,1,2,4
9,1,1,4,1.17018789300346,1.73030274100165,1,2,3
9,3,2,3,1.37347969999973,1.82124044599914,1,2,2
9,2,2,3,0.931667706994631,1.36404851599946,1,2,3
9,3,3,4,2.22246764200099,2.63821016099973,1,2,2
9,1,1,3,1.31578968100075,2.19557932599855,1,2,2
9,1,1,1,1.27568787799828,1.61156531100278,1,2,4
9,2,2,3,1.4834642440037,1.93131015600375,1,2,1
9,1,1,2,1.48636474100203,2.35014933600178,1,2,3
9,4,4,3,2.04706293500203,2.60757118099718,1,2,3
9,4,4,1,2.56635555200046,2.91854614699696,1,2,1
9,4,4,3,1.16837300599582,1.71177591400192,1,2,2
9,4,4,4,1.41971491000004,1.91547968399391,1,2,1
9,4,4,4,1.74344003599981,2.27174312600255,1,2,3
9,2,2,3,2.61192152700096,2.93222002500261,1,2,4
9,3,2,2,1.4860370949973,1.96587874299439,1,2,2
9,1,1,3,1.29544558899943,1.96747388799849,1,2,2
9,3,3,4,1.42392411199398,1.73540701499587,1,2,1
9,4,4,1,2.18659337500139,2.68214259999513,1,2,1
9,4,1,1,2.09393161800108,2.44628767200629,1,2,1
9,3,3,3,1.57959240100172,1.90220502799639,1,2,2
9,3,3,4,1.02366727499611,1.33468343799905,1,2,4
9,4,3,1,1.14652745099738,1.57866554700013,1,2,3
9,2,2,3,1.5475551060008,1.88332625000476,1,2,4
9,2,2,3,1.39229421500204,1.84092584500468,1,2,4
9,3,3,4,1.47902193399932,1.80210280699976,1,2,4
9,4,4,4,1.47767240800022,1.78523720399971,1,1,NaN
9,2,2,3,1.56589095200616,1.88533492200077,1,1,NaN
9,4,2,1,1.82638592100557,2.13590385499992,1,1,NaN
9,1,1,2,1.56412856500538,1.963993450001,1,1,NaN
9,2,2,4,1.4054761619991,1.71881968899834,1,1,NaN
9,1,3,1,2.07264126600057,2.38603070700628,1,1,NaN
9,3,3,3,1.46409348399902,1.78537511899776,1,1,NaN
9,1,1,3,1.08840904899989,1.40866973400261,1,1,NaN
9,3,3,3,1.46498706599959,1.78555830500409,1,1,NaN
9,3,3,4,1.39293486799579,1.79299088200059,1,1,NaN
9,3,3,4,1.06582855199667,1.4656950589997,1,1,NaN
9,1,1,2,1.5036339589933,1.91922940599761,1,1,NaN
9,3,3,3,1.63434691699513,1.98612820699782,1,1,NaN
9,3,3,3,0.930589005998627,1.2514955939987,1,1,NaN
9,4,2,2,1.74499108899909,2.0809777789982,1,1,NaN
9,4,2,2,1.70956621799996,2.01885398199374,1,1,NaN
9,4,3,3,1.73973034200026,2.07579798100051,1,1,NaN
9,1,1,4,1.31996834400343,1.94387900199945,1,1,NaN
9,2,2,3,1.54647823100095,1.86884909600485,1,1,NaN
9,2,2,4,1.67907232000289,2.00209645100404,1,1,NaN
9,2,2,4,0.879034490004415,1.20147998400353,1,1,NaN
9,3,3,4,1.48738441200112,1.80195002999972,1,1,NaN
9,1,3,3,1.14257400999486,1.45170480600063,1,1,NaN
9,2,2,4,1.43656465900131,1.75204774599842,1,1,NaN
9,1,2,1,1.28555636499368,1.60189627499494,1,1,NaN
9,2,2,4,1.01329148699733,1.33490307399916,1,1,NaN
9,4,4,1,1.74482214800082,2.49685062000208,1,1,NaN
9,1,1,4,1.24401147000026,1.56873529600125,1,1,NaN
9,3,3,4,1.30964946899621,1.61829122999916,1,1,NaN
9,4,2,2,1.24465351399704,1.56848386499769,1,1,NaN
9,4,4,2,1.34179850600049,1.65185311000096,1,1,NaN
9,4,2,3,1.22738514500088,1.57989804299723,1,1,NaN
9,1,1,1,1.4371003089982,1.75213596499816,1,1,NaN
9,1,1,1,1.09472695099976,1.44706980799674,1,1,NaN
9,2,2,3,1.11777736600197,1.43507144899922,1,1,NaN
9,2,2,3,1.11503565900057,1.53100675400492,1,3,3
9,3,3,4,1.23007296799915,1.55191406200174,1,3,2
9,2,2,4,1.00833821100241,1.36003261699807,1,3,3
9,3,3,3,0.842530229005206,1.15137481300189,1,3,2
9,2,2,3,1.03685895999661,1.35170656999981,1,3,3
9,2,2,4,1.01530592299969,1.38318293000339,1,3,3
9,2,2,4,1.03964198099857,1.50354936400254,1,3,3
9,3,2,2,2.08386358300049,2.51588833599817,1,3,2
9,3,3,3,0.926741381001193,1.32666534800228,1,3,2
9,2,2,4,1.17842731199926,1.59403612899769,1,3,3
9,2,2,4,1.14648601999943,1.46836888299731,1,3,3
9,3,3,4,0.928203966999718,1.28029474600044,1,3,2
9,2,2,2,1.56581468600052,1.91748056699726,1,3,3
9,3,3,4,1.02498981399549,1.33481730800122,1,3,2
9,2,2,4,1.05139137500373,1.36816430100589,1,3,3
9,2,2,4,1.1410895989975,1.45161833999737,1,3,3
9,2,2,4,1.1309389060043,1.45164556799864,1,3,3
9,2,2,2,1.10485960599908,1.4567623490002,1,3,3
9,2,3,1,2.75932954600285,3.07019763300195,1,3,3
9,3,3,2,2.01065689799725,2.3191380299977,1,3,2
9,2,2,2,0.956026375002693,1.29237872300291,1,3,3
9,3,3,3,0.793067941995105,1.10114619499655,1,3,2
9,3,3,3,1.03814047000196,1.35183590099768,1,3,2
9,2,2,2,0.967938707006397,1.30376258400065,1,3,3
9,3,3,3,0.851847223995719,1.16814550999698,1,3,2
9,2,2,1,0.981341375998454,1.30151363999903,1,3,3
9,2,2,4,1.0099171719994,1.31794397900376,1,3,3
9,3,3,3,1.03754122799728,1.35170584499429,1,3,2
9,2,2,3,1.20760529799736,1.51835174299777,1,3,3
9,2,2,1,0.955174588001682,1.26820053800475,1,3,3
9,3,3,2,0.968880710999656,1.28485479600204,1,3,2
9,2,2,3,1.10993872900144,1.71806858499622,1,3,3
9,2,2,3,1.07246632799797,1.40838037399953,1,3,3
9,3,3,3,0.920858689001761,1.23495832500339,1,3,2
9,2,2,3,1.1274275800024,1.45175231999747,1,3,3
9,2,2,3,1.16320732799795,1.48489724499814,1,1,NaN
9,4,2,3,1.31176510300429,1.63523865200114,1,1,NaN
9,2,2,1,1.15026710800157,1.4684581160036,1,1,NaN
9,3,1,1,1.57161771699612,1.88506364200293,1,1,NaN
9,2,2,3,1.22375679599645,1.57583601900114,1,1,NaN
9,1,1,3,1.59383051599434,1.97769263399823,1,1,NaN
9,2,2,3,1.09847920000175,1.41833902699727,1,1,NaN
9,1,1,4,1.4255836500015,1.74525877599808,1,1,NaN
9,4,3,2,2.0121830729986,2.31929075300286,1,1,NaN
9,4,3,3,1.83839203900425,2.59027833000437,1,1,NaN
9,3,3,1,1.1582531019958,1.47851024899865,1,1,NaN
9,2,2,3,1.43503557700024,1.75207043300179,1,1,NaN
9,3,3,2,1.70129915799771,2.02067338200141,1,1,NaN
9,1,1,3,1.26805912000418,1.61995609300357,1,1,NaN
9,3,3,3,2.00347537899506,2.31935087999591,1,1,NaN
9,1,3,3,1.4938981919986,1.80189966200123,1,1,NaN
9,3,3,3,1.46858805700322,1.78531646599731,1,1,NaN
9,1,1,2,1.22127441899647,1.71692672799691,1,1,NaN
9,4,2,2,1.63211746000161,1.98402897400229,1,1,NaN
9,4,1,3,1.69638646100066,2.01918971000123,1,1,NaN
9,1,1,1,1.63070668900036,2.39871443800075,1,1,NaN
9,2,2,3,1.19874440399872,1.51851430399984,1,1,NaN
9,2,2,3,1.52188686100271,1.83537241000158,1,1,NaN
9,2,2,3,1.35240921700461,1.66833695799869,1,1,NaN
9,3,3,4,1.92443082400132,2.27646559799905,1,1,NaN
9,3,3,3,1.67283927299286,2.00944634299958,1,1,NaN
9,2,2,3,1.56014440699801,1.96081311900343,1,1,NaN
9,1,1,3,1.44998338099685,1.88196782700106,1,1,NaN
9,4,4,2,1.69512411599862,2.07864400499966,1,1,NaN
9,4,3,1,1.96330098400358,2.29980367299868,1,1,NaN
9,3,1,1,2.06351234400063,2.3860702689999,1,1,NaN
9,1,1,3,1.27914045299985,1.75911487799749,1,1,NaN
9,2,2,3,1.24075506700319,1.5517022540007,1,1,NaN
9,3,3,3,1.45062401999894,1.76861263000319,1,1,NaN
9,1,1,1,1.74784973700298,2.0691647670028,1,1,NaN
9,2,1,2,1.97531135300233,2.66368386599788,1,3,1
9,2,2,3,2.12422372899891,2.47603034399799,1,3,1
9,1,1,1,1.76872699199885,2.10482700099965,1,3,2
9,2,2,3,1.17144920199644,1.48527715899399,1,3,1
9,1,1,3,1.04854448699916,1.49639748399932,1,3,2
9,2,2,3,0.98957803700614,1.3415827820063,1,3,1
9,1,1,3,1.03219452100166,1.46371774400177,1,3,2
9,2,2,4,0.89422506000119,1.21828126699984,1,3,1
9,1,1,2,1.06995920099871,1.54954453199753,1,3,2
9,2,2,4,0.960013207004522,1.26800498599914,1,3,1
9,2,2,4,1.1493989590017,1.4684484160025,1,3,1
9,1,1,1,1.85818183099764,2.21028974100045,1,3,2
9,1,1,4,1.06561742300255,1.40189455800282,1,3,2
9,1,1,3,1.16990322900529,1.52209921900067,1,3,2
9,2,2,4,1.20563724699605,1.51862934699602,1,3,1
9,1,1,4,1.06483153600129,1.6243758519995,1,3,2
9,1,1,1,1.97563169900241,2.28609865200269,1,3,2
9,2,2,4,1.03549285500048,1.35155743899668,1,3,1
9,2,2,4,1.15665225900011,1.92446686400217,1,3,1
9,1,1,2,1.62382532799529,2.15205866500037,1,3,2
9,2,2,3,1.85757556099998,2.19346730600228,1,3,1
9,1,1,1,1.49726954800281,1.8189004809974,1,3,2
9,1,1,3,1.56838866900216,1.96782160799921,1,3,2
9,2,2,4,1.02471558399702,1.34502524299751,1,3,1
9,2,2,4,1.03537478000362,1.35167436600022,1,3,1
9,2,2,4,1.09368390899908,1.4021411979993,1,3,1
9,2,2,3,1.18166717200074,1.50142989799497,1,3,1
9,2,2,3,1.12222186399595,1.43522741299967,1,3,1
9,1,1,4,1.20867093400011,1.51817422900058,1,3,2
9,1,1,2,1.14816904100007,1.6284256749932,1,3,2
9,1,1,3,1.2434691150047,1.64326494299894,1,3,2
9,1,1,3,1.16219112399995,1.6102774539977,1,3,2
9,1,1,3,1.01775149600144,1.33504457399977,1,3,2
9,1,1,3,1.09259419900627,1.40151215900551,1,3,2
9,2,3,3,1.18028713199601,1.50169568599813,1,3,1
9,1,1,3,1.63896787600243,1.95924812400335,1,2,3
9,2,2,3,1.52854404399841,1.83533924799849,1,2,3
9,2,2,4,1.02313325299474,1.33476746999804,1,2,3
9,2,2,4,1.05000085500069,1.37013995899906,1,2,3
9,1,1,3,1.39584171600291,1.71873212399805,1,2,2
9,2,2,4,1.34280502000183,1.65160171100433,1,2,4
9,2,2,4,1.02026761299931,1.33492749499419,1,2,4
9,3,2,2,1.03119662600511,1.38328401200124,1,2,2
9,4,2,4,1.1197596139973,1.43496772000071,1,2,2
9,4,4,1,2.31088108399854,2.72667119900143,1,2,1
9,1,1,4,1.35303856200335,1.67275220999727,1,2,3
9,2,2,3,1.14206134599954,1.51015866099624,1,2,4
9,1,1,1,1.22601904099429,1.60980913299863,1,2,2
9,2,2,4,1.78625537799962,2.10247782100487,1,2,1
9,4,2,3,1.01283980500011,1.3972279869995,1,2,2
9,4,3,1,1.72645972300234,2.03551363400038,1,2,3
9,4,4,1,2.4117545629997,2.71964286900038,1,2,1
9,2,2,4,1.16600223400019,1.48518118000356,1,2,4
9,1,1,3,1.25062666399754,1.58688280799834,1,2,4
9,2,2,4,1.10733649300528,1.4183742890018,1,2,4
9,1,1,4,1.16212365399406,1.48487799299619,1,2,3
9,4,2,1,1.51854514400475,1.9668894090064,1,2,2
9,3,1,4,1.71201036300045,2.0956170999998,1,2,1
9,4,2,4,1.03580771900306,1.38724628199998,1,2,2
9,3,3,3,1.73276381900359,2.05239748900203,1,2,1
9,2,2,4,1.47421302899602,1.92222139999649,1,2,4
9,1,1,3,1.41283277999901,1.78035489899776,1,2,4
9,2,2,4,1.21424082000158,1.53526879200217,1,2,4
9,1,1,3,1.2483460700023,1.60007202799898,1,2,3
9,1,1,4,1.79229919699719,2.1125346550034,1,2,4
9,1,1,4,1.21121378299722,1.53511398800038,1,2,3
9,2,2,3,1.06989650399919,1.38513303199579,1,2,1
9,1,1,4,1.33492626700172,1.65199510299863,1,2,2
9,2,2,4,0.932775813998887,1.25137133100361,1,2,4
9,2,2,4,0.979117291004513,1.30157923500519,1,2,4
9,1,1,1,1.83655388499756,2.49185450899677,1,3,3
9,3,3,4,1.09541247900052,1.41832379100379,1,3,1
9,3,3,2,1.07151534799777,1.47131490200263,1,3,1
9,3,3,3,0.964567438997619,1.28503276099946,1,3,1
9,1,1,1,1.02589410499786,1.34557705899351,1,3,3
9,1,1,3,1.45234049300052,1.7719773439967,1,3,3
9,1,1,3,1.06189866099885,1.38502610899741,1,3,3
9,3,3,3,0.878343974996824,1.45379479699477,1,3,1
9,1,1,2,0.916377747002116,1.62022382699797,1,3,3
9,1,1,4,1.07553610800096,1.38480179799808,1,3,3
9,1,1,4,0.955993506999221,1.26885441600461,1,3,3
9,3,3,3,0.857738001002872,1.16799461399933,1,3,1
9,3,3,2,0.859737839004083,1.21139073100494,1,3,1
9,1,1,4,0.988251902999764,1.30143054699874,1,3,3
9,1,1,3,0.95107912599633,1.26828941099666,1,3,3
9,3,1,3,1.10894522599847,1.47661579900159,1,3,1
9,1,1,4,1.56217607000144,1.88563881799928,1,3,3
9,1,1,3,0.926992540000356,1.23470969700429,1,3,3
9,3,3,4,0.844643214993994,1.16806028999417,1,3,1
9,1,1,2,0.878729085001396,1.2015090720015,1,3,3
9,1,1,3,1.02275095599907,1.33510804699472,1,3,3
9,1,1,4,1.01803448599821,1.33468734199414,1,3,3
9,3,3,3,1.74786314399535,2.06892182600131,1,3,1
9,3,3,4,1.05618001899711,1.36819594099507,1,3,1
9,1,1,3,0.873086097999476,1.18459337099921,1,3,3
9,3,3,4,1.19455589499557,1.51849017499626,1,3,1
9,3,3,4,0.974112024006899,1.28482809800335,1,3,1
9,1,1,3,1.27398488999461,1.58478391699464,1,3,3
9,1,1,4,1.05156895899563,1.36826552199636,1,3,3
9,1,1,3,0.900767690000066,1.23721674000262,1,3,3
9,1,1,4,1.06005876199924,1.36809131799964,1,3,3
9,1,1,4,0.989126451000629,1.30160148099822,1,3,3
9,1,1,1,1.30567944799986,1.64134360900061,1,3,3
9,1,1,4,1.11164641399955,1.43518177499936,1,3,3
9,3,1,1,1.10265900599916,1.53463320899755,1,3,1
9,1,1,4,1.16047985600017,1.46809161199781,1,1,NaN
9,1,1,3,0.877646319000633,1.45360990599875,1,1,NaN
9,2,2,2,1.15558683400013,1.46844600300392,1,1,NaN
9,1,2,3,0.856966354003816,1.16809099200327,1,1,NaN
9,2,2,1,1.73857731200405,2.05232620199968,1,1,NaN
9,3,3,4,1.08021504499629,1.40163010399556,1,1,NaN
9,2,2,3,1.07242101900192,1.38491716799763,1,1,NaN
9,3,3,4,1.4008299509951,1.71858308000083,1,1,NaN
9,1,1,4,1.49194963600166,1.90808161799941,1,1,NaN
9,3,3,4,1.44775527199818,1.76879137399374,1,1,NaN
9,2,2,4,1.7119791820005,2.03573955400498,1,1,NaN
9,1,1,4,1.3580051530007,1.66854978600168,1,1,NaN
9,2,2,4,1.22757766200084,1.55192686300143,1,1,NaN
9,3,3,4,1.437000660997,1.75676679000026,1,1,NaN
9,1,1,4,1.22243154500029,1.53519234599662,1,1,NaN
9,3,3,4,1.32142797300185,1.6352046519969,1,1,NaN
9,1,1,4,1.92834035700071,2.25257970299572,1,1,NaN
9,3,3,4,1.46909197900095,1.78535770400049,1,1,NaN
9,4,2,4,1.39714174900291,1.71866262399999,1,1,NaN
9,1,1,4,1.79197155500151,2.10242389199993,1,1,NaN
9,1,2,3,1.43551643999672,1.85165424500155,1,1,NaN
9,2,2,4,1.20096449599805,1.55275560399605,1,1,NaN
9,4,2,1,1.13859479899838,1.45171941500303,1,1,NaN
9,2,2,4,0.968444738995458,1.28492463399743,1,1,NaN
9,1,1,4,1.03021544000512,1.44618028400146,1,1,NaN
9,3,3,3,1.24491223900259,1.56850859500264,1,1,NaN
9,1,1,4,1.08618897900305,1.40178263300186,1,1,NaN
9,3,3,1,1.57340841199766,1.88532410599873,1,1,NaN
9,3,3,4,1.11392912400333,1.43515730000217,1,1,NaN
9,4,3,4,1.04088692300138,1.35143284800142,1,1,NaN
9,4,3,4,1.54697878300067,1.94732590000058,1,1,NaN
9,3,3,4,0.957527928003401,1.26815360900218,1,1,NaN
9,4,3,3,1.01886287600064,1.33912667199911,1,1,NaN
9,1,1,2,1.1418105460034,1.47813314200175,1,1,NaN
9,4,4,2,1.24315942899557,1.61080115199729,1,1,NaN
9,4,2,4,1.34524917999806,1.66862176599534,2,2,2
9,4,3,2,1.24698591799824,1.72716764699726,2,2,3
9,4,4,3,1.27433517199825,1.62581508300354,2,2,3
9,4,4,3,1.4495567749982,1.84921315200336,2,2,1
9,2,2,3,1.88761212700047,2.20264504800434,2,2,3
9,2,2,4,0.934447724001075,1.35060193500249,2,2,3
9,1,1,4,1.1042147939952,1.41841775400098,2,2,4
9,3,3,3,1.12764853200497,1.49529726400215,2,2,2
9,4,4,3,1.40423125999951,1.71872647100099,2,2,1
9,4,2,2,1.43086815699644,1.86291199999687,2,2,2
9,2,2,4,1.29250577600033,1.67661468799633,2,2,4
9,3,3,3,1.36925413800054,2.24904555499961,2,2,4
9,1,1,4,1.1513216950043,1.53542518299946,2,2,2
9,2,2,4,0.993984622000426,1.31849430600414,2,2,4
9,3,3,2,1.42184550399543,1.73542470800021,2,2,4
9,4,4,4,1.31993176000105,1.63535172800039,2,2,3
9,2,2,3,1.22227627100074,1.92635167000117,2,2,4
9,3,3,4,1.36939370499749,1.785727855,2,2,4
9,3,3,3,0.897497678997752,1.21876694099774,2,2,2
9,2,2,4,1.23299072500231,1.55182183800207,2,2,4
9,1,1,4,1.34600760200556,1.66846639299911,2,2,4
9,3,3,4,1.24747684800241,1.56859110700316,2,2,4
9,4,4,4,1.42482280900003,1.73538593099511,2,2,1
9,3,3,4,1.14719018100004,1.6113412199993,2,2,4
9,1,1,2,1.25907110499975,1.65951264400064,2,2,3
9,1,1,3,1.25722823399701,1.65737819499918,2,2,2
9,3,3,4,1.20716265800002,1.52739081400068,2,2,1
9,2,2,2,1.24270457699458,1.65787340099632,2,2,4
9,3,4,4,1.89651322399732,2.26439071800269,2,2,4
9,3,3,4,1.29358323400083,1.61324348500057,2,2,4
9,4,4,4,1.197456848,1.51851917500608,2,2,2
9,2,2,4,1.13596662399505,1.4515699629992,2,2,4
9,2,2,4,0.902205025995499,1.21826344599685,2,2,4
9,2,2,4,1.46225013700314,1.89454556000419,2,2,4
9,3,4,3,1.30675122299726,1.64273538099951,2,2,4
10,1,1,2,1.32665101599991,1.9828710999999,1,2,2
10,1,1,3,1.11976247600001,1.80794908500002,1,2,3
10,3,3,3,1.78376087599997,2.34374208199995,1,2,4
10,4,3,3,1.52962771499995,2.95300180599997,1,2,3
10,4,3,2,1.61790701899997,2.16188303499996,1,2,3
10,3,4,2,1.35464523299993,2.18710102099999,1,2,4
10,2,2,4,1.44319028799998,1.95495523900001,1,2,4
10,4,4,4,1.428380812,2.18040313899996,1,2,1
10,3,3,2,2.20535976100007,2.76501408600006,1,2,1
10,1,1,1,2.04572355799996,2.41380466999999,1,2,3
10,1,1,2,2.26875086500002,2.84433834899994,1,2,4
10,2,2,3,1.43387720099997,2.15343186199993,1,2,1
10,4,1,3,2.25793176100001,2.786597336,1,2,1
10,1,1,4,1.28182749899997,1.953263526,1,2,2
10,4,4,1,2.37123606800003,2.78731511399997,1,2,3
10,3,3,4,1.330587154,1.6662766610001,1,2,2
10,1,2,2,1.93501280299995,2.41473682699996,1,2,2
10,1,1,4,1.18159144799995,1.72592482699997,1,2,3
10,4,4,2,2.48859035700002,3.09649312900001,1,2,2
10,1,1,1,3.69210489099999,4.47571917899995,1,2,4
10,1,1,1,2.598314706,2.933800303,1,2,4
10,2,2,2,2.11194734999992,2.65574481099998,1,2,1
10,2,2,4,1.65249846300003,2.03675739200003,1,2,1
10,1,1,4,2.17855838900005,3.01006835800001,1,2,3
10,4,1,3,2.28105751400005,3.11275552400002,1,2,1
10,3,3,1,2.50706115500009,3.29103882100003,1,2,2
10,3,3,2,1.66960078,2.10141386700002,1,2,4
10,3,3,2,1.88945373499996,2.43344541500005,1,2,4
10,3,3,3,1.23101772099994,1.61576308099995,1,2,4
10,4,4,4,1.40759823099995,1.871456975,1,2,2
10,2,4,2,1.89203719099999,2.64468022100004,1,2,4
10,1,3,2,1.769868514,2.45725461799998,1,2,3
10,1,3,3,2.18270341599998,2.51874014999999,1,2,3
10,3,1,1,1.96908121899992,2.285800967,1,2,1
10,4,3,3,2.53259007400004,2.85318797399998,1,2,3
10,3,4,2,1.99028927000006,2.47038894700006,1,1,NaN
10,1,1,2,1.28254927800003,1.65076342400005,1,1,NaN
10,1,1,3,1.29596810999999,1.61813506699991,1,1,NaN
10,1,1,4,1.13576235100004,1.45150945099999,1,1,NaN
10,2,2,4,1.60536439099997,1.94145480200007,1,1,NaN
10,3,3,3,1.27231886899995,1.60786906999999,1,1,NaN
10,4,3,3,1.41643719000001,1.73558797600003,1,1,NaN
10,4,1,1,1.84251117600002,2.30610292100005,1,1,NaN
10,4,1,2,1.46143849999999,1.95745245799992,1,1,NaN
10,1,2,2,1.67104278199997,1.98581240500005,1,1,NaN
10,4,4,4,1.62263201999997,1.93543931600004,1,1,NaN
10,2,2,3,1.57713309400003,2.04081067799996,1,1,NaN
10,4,1,3,1.70317806100002,2.08735042600006,1,1,NaN
10,4,3,2,1.69938657700004,2.01892837499997,1,1,NaN
10,2,2,2,1.66605521600002,2.03434770399997,1,1,NaN
10,1,3,2,1.23216267399994,1.551849748,1,1,NaN
10,2,2,3,1.84223171299993,2.27406704199996,1,1,NaN
10,1,1,1,1.22249592700007,2.48662481700001,1,1,NaN
10,4,1,1,2.09827683200001,2.41952678400003,1,1,NaN
10,2,2,3,1.63212949399997,2.25642459599999,1,1,NaN
10,4,4,2,1.73359642200001,2.16589903399995,1,1,NaN
10,2,2,3,1.39148986299995,1.71121543499999,1,1,NaN
10,4,4,2,1.80275307300008,2.12328200299999,1,1,NaN
10,1,3,2,1.86166125299997,2.16892041599999,1,1,NaN
10,4,3,2,1.46997046899992,2.55810615500002,1,1,NaN
10,1,2,3,1.59115425200002,2.11900465799999,1,1,NaN
10,2,2,4,1.26593150500003,1.585302404,1,1,NaN
10,2,2,4,0.929959365000059,1.25140214800001,1,1,NaN
10,3,2,2,1.6805453579999,2.12873388399998,1,1,NaN
10,4,3,1,2.77905562000001,3.27551020600004,1,1,NaN
10,3,4,1,3.11048873000004,3.47810705300003,1,1,NaN
10,1,1,1,1.83331765500009,2.152510828,1,1,NaN
10,1,1,1,1.15450580899994,1.47455770399995,1,1,NaN
10,3,3,2,1.46455514600007,1.84849164700006,1,1,NaN
10,1,1,3,1.26220839200005,1.59820267600003,1,1,NaN
10,3,3,2,1.34938897500001,1.84601951599996,1,3,4
10,3,3,3,1.30840858200008,1.8205408,1,3,4
10,3,4,3,1.09084178700004,1.50750020800001,1,3,4
10,4,4,3,0.998861422000004,1.31928675100005,1,3,3
10,3,3,4,1.10594942099999,1.63371871200002,1,3,4
10,3,3,4,1.13613225400002,1.520368082,1,3,4
10,3,3,4,0.867645694000089,1.18465383800003,1,3,4
10,4,4,4,0.964404997999964,1.28467185099998,1,3,3
10,3,3,4,1.09014137700001,1.401497608,1,3,4
10,4,3,2,1.54609215700009,1.94596471700004,1,3,3
10,4,3,3,1.14824752699997,1.57990954299999,1,3,3
10,3,3,4,0.845115332999967,1.18116604699992,1,3,4
10,4,4,2,1.45474504499998,2.14329301999999,1,3,3
10,4,4,2,1.30510039599994,2.05690386699996,1,3,3
10,4,4,1,1.958915273,2.58240050699999,1,3,3
10,4,4,4,1.87103411399994,2.18587216399999,1,3,3
10,3,3,3,0.91789393900001,1.42988244800006,1,3,4
10,4,3,2,1.35814651599992,1.77372273399999,1,3,3
10,4,4,2,1.1109461640001,1.55882547800002,1,3,3
10,3,3,3,1.06454374700002,1.417334084,1,3,4
10,3,3,4,1.13625215500008,1.45179382599997,1,3,4
10,4,4,2,1.17393381799991,1.48484925899993,1,3,3
10,3,3,3,0.891056413999991,1.21128121099991,1,3,4
10,4,4,1,1.08317360399997,1.72311823399991,1,3,3
10,3,3,3,0.870680257000004,1.27092460300003,1,3,4
10,3,3,4,0.836037087000022,1.15133613,1,3,4
10,4,4,2,1.11038414999996,1.59009866399992,1,3,3
10,3,3,2,1.17507537699998,1.55937246299993,1,3,4
10,4,3,1,0.953305621999903,1.75263059099996,1,3,3
10,4,3,1,0.850223202999928,1.16801451599997,1,3,3
10,3,3,3,1.29971289599985,1.92393064999987,1,3,4
10,3,3,2,0.950700636999954,1.39894855299985,1,3,4
10,3,3,3,0.783805034000125,1.10124501900009,1,3,4
10,4,4,3,1.15551343900006,1.77975577999996,1,3,3
10,4,3,1,1.08466132400008,1.40162327999997,1,3,3
10,1,1,1,1.49953198400021,2.07569168700002,1,3,3
10,1,1,3,1.16020681500004,1.78417912700002,1,3,3
10,3,3,3,1.16878845800011,1.96860965000019,1,3,1
10,1,3,2,1.68164463200014,2.11341033200006,1,3,3
10,3,3,4,1.29291527100008,1.72448779499996,1,3,1
10,1,1,3,1.17545228400013,1.91165573500007,1,3,3
10,1,1,3,1.21138501500013,1.83569845000011,1,3,3
10,1,1,2,0.961466784000095,1.29801842799998,1,3,3
10,3,3,2,0.894194177999907,1.43822359599994,1,3,1
10,1,1,4,0.820932852999931,1.14092228899995,1,3,3
10,3,3,4,1.14422242500018,1.45142816300017,1,3,1
10,3,3,3,0.92660618900004,1.37438246400006,1,3,1
10,3,3,3,0.83998722299998,1.19205812199993,1,3,1
10,3,3,1,0.825353977000077,1.2249372010001,1,3,1
10,1,1,3,0.936749932000112,1.3368884030001,1,3,3
10,1,1,2,1.41178124299995,1.77974794199986,1,3,3
10,3,3,3,0.876317664999988,1.24441389199978,1,3,1
10,1,1,3,0.843210468999814,1.62735518399995,1,3,3
10,3,3,4,0.922861282999975,1.30656641899986,1,3,1
10,1,1,2,1.33508109500008,1.76701008100008,1,3,3
10,3,3,3,1.59905754700003,1.91883958800008,1,3,1
10,3,3,3,0.834492401000034,1.20159970999998,1,3,1
10,1,1,1,1.01026048900007,1.52252454900008,1,3,3
10,3,3,2,0.901485812000146,1.33299821900005,1,3,1
10,1,1,1,1.10465130800003,1.79240692600001,1,3,3
10,3,3,3,1.1931513720001,1.561025836,1,3,1
10,1,1,2,1.27450747800003,1.78697531900002,1,3,3
10,1,1,3,1.15528521800002,1.60290675200008,1,3,3
10,3,3,2,1.20333247600001,1.55546137600004,1,3,1
10,1,1,2,0.965456183000015,1.30074903600007,1,3,3
10,1,1,3,1.56969818099992,2.03343106099987,1,3,3
10,1,1,4,1.040392376,1.45613751799988,1,3,3
10,3,3,4,1.03048104499999,1.4621566379999,1,3,1
10,1,1,4,1.08438069399995,1.48398464599995,1,3,3
10,3,3,4,1.02512166199995,1.58494130000008,1,3,1
10,1,1,2,1.20838138099998,2.37604120700007,1,1,NaN
10,4,3,3,1.94490811600008,2.28037038399998,1,1,NaN
10,2,2,4,1.40543200999991,2.04496556199979,1,1,NaN
10,3,3,4,1.32318938699996,1.65945573599993,1,1,NaN
10,4,3,4,1.24077764500021,1.55178613400017,1,1,NaN
10,2,1,2,1.13015333499993,1.49838646400008,1,1,NaN
10,3,3,4,1.31151063200014,1.61852820900003,1,1,NaN
10,3,3,4,1.18314935300009,1.50168246600015,1,1,NaN
10,4,2,2,1.69886951900003,2.11483173600004,1,1,NaN
10,3,3,2,2.03030535900007,2.38229330400009,1,1,NaN
10,3,3,1,1.90274512499991,2.36616682099998,1,1,NaN
10,3,3,1,1.35932647200002,1.74341048199994,1,1,NaN
10,4,4,2,1.24165055000003,1.89789485000006,1,1,NaN
10,3,3,3,1.47047562500006,1.82233357000018,1,1,NaN
10,4,4,3,1.06133819999991,1.76513387299997,1,1,NaN
10,2,4,3,1.7271014710002,2.03560691200005,1,1,NaN
10,4,4,1,2.12400275800019,2.43597198200018,1,1,NaN
10,4,2,1,2.60195575099988,2.9199042969999,1,1,NaN
10,2,2,3,1.25154879399997,1.5717731279999,1,1,NaN
10,4,3,3,1.84522542199988,2.19659743399984,1,1,NaN
10,3,2,2,1.45257765899987,1.76868337299993,1,1,NaN
10,4,4,3,1.8136786890002,2.16597526400005,1,1,NaN
10,4,4,3,1.05553175700015,1.36818701900006,1,1,NaN
10,2,2,4,1.88054506900016,2.20240733000014,1,1,NaN
10,1,1,4,1.13634690999993,1.4517948969999,1,1,NaN
10,1,1,4,0.965503968000121,1.28476140400016,1,1,NaN
10,3,4,4,1.36315882400004,1.68522707400007,1,1,NaN
10,1,1,4,1.59933925900009,1.91876621599999,1,1,NaN
10,3,2,2,1.21783248299994,1.58629699099993,1,1,NaN
10,2,2,3,2.13111249100007,2.45291173500004,1,1,NaN
10,4,3,2,2.272169588,2.75210075099994,1,1,NaN
10,1,1,2,0.992078961000061,1.47247479099997,1,1,NaN
10,1,2,1,1.66986620300008,2.18152024100004,1,1,NaN
10,3,3,3,1.45480073599992,1.76859530599995,1,1,NaN
10,1,1,2,1.31975772500004,1.76703605600005,1,1,NaN
10,2,2,2,4.00727879300007,4.51929661500003,1,2,4
10,4,4,2,1.88801059100001,2.59210039499999,1,2,1
10,2,2,4,1.43150313299998,2.21551731800014,1,2,1
10,1,1,4,1.95048584400001,2.287026642,1,2,2
10,1,1,2,1.44265117999998,1.79392516299981,1,2,3
10,4,3,1,1.78731046300004,2.66729208499987,1,2,3
10,1,1,1,2.51131527100006,2.95921523399988,1,2,3
10,4,4,2,2.50334721400009,3.07952360600007,1,2,3
10,1,2,1,1.41849292500001,1.85086279999996,1,2,2
10,2,2,4,1.61682358499979,2.2086037439999,1,2,3
10,4,3,2,1.88015061400006,2.45539516200006,1,2,3
10,3,3,3,1.7805735039999,2.48490041299988,1,2,2
10,4,4,4,2.19272915500005,2.80008480600009,1,2,1
10,3,3,3,2.31915789200002,3.35927655199998,1,2,1
10,2,2,4,1.22381047299996,1.70361754600003,1,2,3
10,2,2,4,1.05907019999995,1.39548428400008,1,2,1
10,1,2,4,1.64385759800007,2.0120864380001,1,2,2
10,3,3,4,2.01119892499992,2.42806451499996,1,2,4
10,1,1,3,1.40191612600006,1.71873035499993,1,2,4
10,4,4,1,3.09240442100008,3.57279640300021,1,2,3
10,2,2,3,1.28361507900013,1.66801670600012,1,2,3
10,2,2,3,1.53672711900003,1.85215783800004,1,2,4
10,1,1,1,1.87866523499997,2.20252679600003,1,2,3
10,1,1,3,1.16583347200003,1.82213878100015,1,2,4
10,2,2,4,1.66934067699981,1.98902006999992,1,2,3
10,2,2,4,1.10863735499993,1.49344434099999,1,2,4
10,2,2,2,1.48161525199998,2.16935860099989,1,2,1
10,3,3,3,1.82645003499988,2.32244634799986,1,2,4
10,4,1,1,2.45262358000014,2.76981064200004,1,2,1
10,3,3,4,1.62041945300007,2.02082206299997,1,2,1
10,4,3,4,1.25173539899993,1.56849648699995,1,2,3
10,4,4,4,1.50869067500003,1.81877790499993,1,2,3
10,1,3,2,2.04333484500012,2.52376049500003,1,2,3
10,3,3,4,1.25383567000017,1.58973961300012,1,2,1
10,1,4,2,1.3185624780001,2.35821404700005,1,2,4
10,2,2,3,1.41343271699998,1.74983885799998,1,1,NaN
10,1,3,2,1.60038007499998,1.9189201019999,1,1,NaN
10,1,3,1,1.10675403200003,1.44314260800002,1,1,NaN
10,2,2,2,2.10604762399998,2.41939604100003,1,1,NaN
10,1,3,3,1.19183718699992,2.13602382499994,1,1,NaN
10,2,2,4,1.090072599,1.40160460699985,1,1,NaN
10,3,3,1,1.54614969700015,2.15398804300003,1,1,NaN
10,2,2,3,1.81188395699996,2.13589630499996,1,1,NaN
10,4,3,2,1.06966367199993,1.38973434299987,1,1,NaN
10,2,2,4,1.39868292999995,1.78262895299986,1,1,NaN
10,4,4,4,1.50334778499996,1.81882870999993,1,1,NaN
10,4,4,3,1.33436174799999,1.89427062100003,1,1,NaN
10,4,1,2,1.69068424199986,2.042113943,1,1,NaN
10,1,4,3,1.70490935999987,2.20040905299993,1,1,NaN
10,4,4,2,1.23191715299981,1.64819181500002,1,1,NaN
10,3,1,2,2.43026895399998,2.75319820799996,1,1,NaN
10,1,2,2,2.22246297600009,2.53608604999999,1,1,NaN
10,4,3,3,2.21670184799996,2.95279583499996,1,1,NaN
10,2,2,3,1.329131878,1.69730719299992,1,1,NaN
10,1,3,3,2.44582408300016,2.75297823400001,1,1,NaN
10,1,4,1,1.75813549899999,2.78171826699986,1,1,NaN
10,2,2,2,1.45396443900017,2.17401577400005,1,1,NaN
10,2,2,1,1.83017086199993,2.37485524199997,1,1,NaN
10,3,3,3,1.7034066839999,2.47122756399995,1,1,NaN
10,3,3,4,1.02724379799997,1.42699410799992,1,1,NaN
10,4,4,3,1.57852090699998,2.05857843099989,1,1,NaN
10,1,2,2,1.78363376900006,2.43957753199993,1,1,NaN
10,4,4,2,1.65363612299984,2.21406231799983,1,1,NaN
10,3,3,3,1.212874715,1.53524338400007,1,1,NaN
10,1,4,2,1.807494314,2.30338102499991,1,1,NaN
10,1,1,3,1.10645246699983,1.68259180099994,1,1,NaN
10,3,3,4,1.26360905499996,1.79209536100007,1,1,NaN
10,1,2,3,2.07259712299992,3.57620190400007,1,1,NaN
10,2,2,3,1.20735094099996,1.86299249800004,1,1,NaN
10,1,2,2,2.22111476999999,2.71709004700006,1,1,NaN
10,3,2,3,1.75050611500001,2.06998299999987,1,3,2
10,3,3,3,1.77878650899993,2.32239192499992,1,3,2
10,3,3,4,1.14096387900008,1.49336322399995,1,3,2
10,2,2,3,0.938527134000196,1.62622998500001,1,3,3
10,2,2,3,1.00128296899993,1.3182233949999,1,3,3
10,3,3,4,0.820475876000046,1.13480647599999,1,3,2
10,2,2,3,1.01463372600006,1.33485989500014,1,3,3
10,3,3,2,0.882057575999852,1.25028298400002,1,3,2
10,3,3,2,0.928253651999967,1.25153407999983,1,3,2
10,2,2,3,0.990540626999973,1.31040974299981,1,3,3
10,3,3,3,1.11509664300002,1.43504392499995,1,3,2
10,3,3,4,0.913796192000063,1.2346857340001,1,3,2
10,3,3,4,0.880643103000011,1.20144911199986,1,3,2
10,2,2,2,0.960739537000109,1.39279648299998,1,3,3
10,2,2,3,0.809192751999944,1.17740138199997,1,3,3
10,3,3,3,0.84252434799987,1.15131654099991,1,3,2
10,2,2,2,1.11691009499987,1.43528163499991,1,3,3
10,3,3,2,0.771567527999878,1.34747380899989,1,3,2
10,3,3,3,1.07065491100002,1.40690797799994,1,3,2
10,3,3,3,0.774414494999974,1.14310633500008,1,3,2
10,2,2,3,0.825601292000101,1.22526395400018,1,3,3
10,2,2,4,0.809045240999922,1.12877502899983,1,3,3
10,3,3,2,1.21275515000002,1.53513458199996,1,3,2
10,2,3,1,2.67082355699995,2.98678226899983,1,3,3
10,2,2,1,0.78978125399999,1.10116717299979,1,3,3
10,2,2,3,0.826791014000037,1.13441024400004,1,3,3
10,3,3,2,0.893734644000006,1.24571034699989,1,3,2
10,2,2,3,0.860251687000073,1.29260060000001,1,3,3
10,3,2,1,0.953205719999914,1.35361340500003,1,3,2
10,2,2,2,0.915866241999993,1.36376526699996,1,3,3
10,3,3,3,0.637930012999959,0.958065998999928,1,3,2
10,3,3,4,1.04893556399998,1.36826460099996,1,3,2
10,2,2,2,0.913606239000046,1.79398957900003,1,3,3
10,3,3,3,1.593975194,1.902159235,1,3,2
10,3,3,4,0.781869401999984,1.23022926599992,1,3,2
10,2,2,3,1.44469078700013,1.75182014400002,1,2,3
10,4,3,1,1.46998290399983,2.33410049199983,1,2,3
10,1,2,2,1.93611414700013,2.25265408400014,1,2,2
10,1,4,1,1.90889806099995,2.2190679549999,1,2,4
10,4,4,3,1.43553877399995,1.97985553699982,1,2,2
10,4,4,3,1.48402830100008,1.8021182550001,1,2,1
10,1,1,1,1.74748005200013,2.16355252400012,1,2,3
10,3,3,2,2.10901007199982,2.49362743500001,1,2,1
10,1,1,1,1.51301157499984,1.83565251300001,1,2,3
10,1,1,1,1.5027664270001,1.81864034399996,1,2,3
10,3,4,3,1.04649683100001,1.41412748699986,1,2,4
10,2,2,3,1.31061971899999,1.71051309299992,1,2,1
10,4,4,3,1.433638363,1.89824350699996,1,2,2
10,4,4,3,1.31029881799986,1.61852612300004,1,2,2
10,1,1,1,2.34950653500005,2.7657171310002,1,2,3
10,3,3,4,1.34193679400005,2.158274269,1,2,4
10,2,2,4,1.25516660800008,1.959710804,1,2,1
10,1,1,3,1.33686647900004,1.91261650599995,1,2,2
10,3,3,1,2.70032826600004,3.18071059399995,1,2,1
10,4,3,1,2.13961514700009,2.86034085000006,1,2,3
10,4,3,3,2.55297478599982,3.08024576699995,1,2,3
10,2,2,4,1.05170491299987,1.46850602899985,1,2,3
10,4,3,3,1.23338531700006,2.01786543900016,1,2,3
10,3,3,4,1.04052358800004,1.35154809200003,1,2,2
10,3,3,2,1.78613543799997,2.20261867699992,1,2,1
10,4,3,4,1.40929020299995,1.84189494399993,1,2,3
10,4,4,4,2.215861012,2.74391061899996,1,2,2
10,2,2,4,1.27332948100002,1.58511900000008,1,2,3
10,3,3,4,1.09676876499998,1.52862992799987,1,2,1
10,2,2,2,1.45267348699986,1.98038810799994,1,2,1
10,3,3,3,1.18158308499983,1.54928691199984,1,2,1
10,4,1,1,3.05636732399989,3.37605420399996,1,2,1
10,3,3,1,1.38327462999996,1.73541744299996,1,2,4
10,1,1,3,1.50532899300015,2.04997837300016,1,2,3
10,4,3,2,1.96700195200015,2.28591108200021,1,2,3
10,2,2,3,1.40937298100016,1.72952864100012,1,1,NaN
10,1,3,3,1.21304166000004,1.53514144400015,1,1,NaN
10,4,2,2,1.83900641900004,2.15187693400003,1,1,NaN
10,1,2,2,1.08090321199984,1.40161362899994,1,1,NaN
10,1,3,2,0.976730378999946,1.28475379799988,1,1,NaN
10,4,4,2,1.08549853999989,1.42136620399992,1,1,NaN
10,4,4,4,1.65292391799994,1.96893540700012,1,1,NaN
10,1,2,2,1.57373096400011,1.89388210000016,1,1,NaN
10,3,4,3,1.03373089800016,1.35153294700012,1,1,NaN
10,1,1,3,0.995822924999857,1.31795973699991,1,1,NaN
10,2,2,3,1.18388071799995,1.5518221509999,1,1,NaN
10,2,1,1,0.76951129400004,2.25735862200008,1,1,NaN
10,1,1,3,1.02971845700017,1.43023881099998,1,1,NaN
10,2,2,4,1.03803096500019,1.35152295600005,1,1,NaN
10,1,1,3,1.04771226900016,1.43197121499998,1,1,NaN
10,1,2,3,1.03969311700007,1.35144502700018,1,1,NaN
10,2,2,4,1.20942116499987,1.51866865700003,1,1,NaN
10,2,2,4,1.22830959499993,1.55181956499996,1,1,NaN
10,1,1,3,1.15046402899998,1.93450331999998,1,1,NaN
10,4,1,3,1.32914234500004,1.65193947000012,1,1,NaN
10,1,1,2,0.814497437999989,1.13464081999996,1,1,NaN
10,4,3,2,1.45779659599998,1.76836469799991,1,1,NaN
10,4,2,1,1.51489111399997,2.31497862900005,1,1,NaN
10,4,1,1,1.45437561100016,1.7686722320002,1,1,NaN
10,1,1,2,1.55920828900003,2.63113432,1,1,NaN
10,3,2,2,1.45339358000001,1.76879132599993,1,1,NaN
10,1,1,4,0.805454906000023,1.15742810999996,1,1,NaN
10,1,2,3,1.36807398899987,1.68533566899987,1,1,NaN
10,3,3,3,1.15505789500003,1.46845481399987,1,1,NaN
10,4,2,3,1.43292498300002,1.75293554700011,1,1,NaN
10,4,3,3,1.39486580900007,1.7186427260001,1,1,NaN
10,1,1,3,1.61381321700014,1.93549000500002,1,1,NaN
10,2,3,3,1.98421383499999,2.30266876799988,1,1,NaN
10,3,3,3,1.53906216699988,1.85193918599998,1,1,NaN
10,4,4,4,1.35223360600003,1.668475468,1,1,NaN
10,3,3,3,1.59578127200007,1.91876058599996,1,2,1
10,1,3,1,1.4071534740001,2.01477559,1,2,3
10,4,4,3,1.5343299619999,2.01441772599992,1,2,2
10,2,2,3,1.61348514700012,2.06116243800011,1,2,3
10,2,2,3,1.75529192699992,2.12326737099988,1,2,4
10,2,1,1,2.05414630100017,2.85364624400017,1,2,1
10,1,3,3,2.00203624400001,2.62592189800012,1,2,2
10,2,2,2,1.99282720200017,2.5045769190001,1,2,3
10,2,2,3,1.33169621999991,2.14759139500006,1,2,3
10,1,1,1,1.59724315299991,1.98142706599992,1,2,4
10,3,3,3,2.31780655500006,2.9584026980001,1,2,1
10,3,3,3,1.14276694499995,1.49450129699994,1,2,2
10,1,1,1,1.77158636900003,2.28350997899997,1,2,3
10,1,1,3,1.42362667099997,2.14341128299998,1,2,3
10,2,1,1,2.58548320799991,3.33777499099983,1,2,1
10,2,2,3,1.21809026400001,1.71466385899998,1,2,1
10,1,1,3,1.29433887100004,1.69371297500015,1,2,4
10,4,4,4,1.19488268600003,1.50159912799995,1,2,3
10,3,3,2,1.98235546900014,2.49451019200001,1,2,2
10,3,3,2,2.56973909700014,3.06561779999993,1,2,1
10,1,1,1,1.16588280299993,1.80564043300001,1,2,2
10,3,3,2,1.50896340999998,1.84515407400022,1,2,1
10,4,4,4,1.41989366400003,1.7351192000001,1,2,2
10,3,3,2,2.13425132900011,2.45391355499987,1,2,2
10,3,3,2,2.53142097099999,2.85334644300019,1,2,2
10,1,2,1,2.38325112599978,2.7354335330001,1,2,2
10,3,1,1,1.37683458400033,1.68514202200004,1,2,1
10,3,3,3,2.41366621299994,2.74960014399994,1,2,1
10,4,3,1,2.22253092300025,2.67044272600015,1,2,3
10,1,1,4,1.09105160100034,1.55490187600026,1,2,2
10,2,2,4,1.15613273500003,1.468167601,1,2,1
10,2,2,4,1.4182958450001,1.735390714,1,2,3
10,2,2,4,1.04400993499985,1.41185016300005,1,2,3
10,1,1,4,1.05236846300022,1.36817600599989,1,2,3
10,4,1,4,1.01440501399975,1.33503246700002,1,2,1
10,4,2,3,2.18409128500025,2.50282680000009,1,3,2
10,2,2,3,1.12258734999978,1.55484655700002,1,3,4
10,4,4,3,1.46036413100001,1.76856677399974,1,3,2
10,4,4,3,1.06975115600017,1.58102634200031,1,3,2
10,2,2,2,0.879023998999855,1.21429407799997,1,3,4
10,2,2,1,1.51888202700002,1.8872098869997,1,3,4
10,4,4,3,1.0117575270001,1.44348463999995,1,3,2
10,4,4,1,1.09810150000021,1.46566647200007,1,3,2
10,2,2,4,1.05609165500027,1.37598655500005,1,3,4
10,2,2,4,0.937697452000066,1.43376979300001,1,3,4
10,2,2,2,1.00847482499967,1.47261951499968,1,3,4
10,2,2,3,1.47779141699993,1.99009738199993,1,3,4
10,4,4,3,0.94983271700039,1.26810472800025,1,3,2
10,2,2,3,0.867632390999916,1.34696045800001,1,3,4
10,2,2,3,1.37390585899993,1.68507452299991,1,3,4
10,2,2,4,0.794634461999976,1.11803884600022,1,3,4
10,4,4,1,1.07069128199964,1.43852937199972,1,3,2
10,2,2,4,0.901383868999801,1.38103314299997,1,3,4
10,2,2,2,0.830674617000113,1.31044095600009,1,3,4
10,4,4,3,1.08300432499982,1.65858128299988,1,3,2
10,2,2,3,0.92116276500019,1.40071568100029,1,3,4
10,2,2,2,0.784515643000304,1.10465378800018,1,3,4
10,2,2,3,0.788877272999798,1.26894078099986,1,3,4
10,2,2,2,0.819357910000235,1.13447861900022,1,3,4
10,2,2,1,1.36632441799975,1.68631934199993,1,3,4
10,2,2,3,0.770888604999982,1.44268604199988,1,3,4
10,2,2,4,0.793147106999641,1.12929692599982,1,3,4
10,4,4,4,1.03729529799966,1.40488597699959,1,3,2
10,4,4,2,0.773080642999957,1.0845599700001,1,3,2
10,4,4,3,1.27439015699974,1.62574900999971,1,3,2
10,4,4,4,0.872974790999706,1.18490631299983,1,3,2
10,4,4,2,0.858410387999811,1.22678352100002,1,3,2
10,4,4,2,0.602088094999999,1.25769833599998,1,3,2
10,2,2,3,1.17646692499966,1.54432299199971,1,3,4
10,2,2,3,1.09805263800035,1.65799114300034,1,3,4
10,4,1,1,1.22208752100005,1.63883119800039,1,3,1
10,4,4,2,0.805071415999919,1.31736254299994,1,3,1
10,1,1,1,1.10487964999993,1.48874341700002,1,3,4
10,1,1,3,0.693719398999747,1.001135944,1,3,4
10,4,4,4,0.542064854999808,0.850868790999812,1,3,1
10,4,4,4,0.620668445999854,0.934233564999886,1,3,1
10,4,4,3,0.500865626000177,0.817613201000313,1,3,1
10,4,4,2,0.647684178999953,0.967740751999827,1,3,1
10,4,4,3,0.500799323999672,0.81772639799965,1,3,1
10,4,4,2,0.500660874000005,0.817678233999686,1,3,1
10,4,4,3,0.673670625999875,0.984352263999881,1,3,1
10,1,1,2,0.635013809999691,0.970804232999853,1,3,4
10,1,1,3,0.725508595000065,1.03448721299992,1,3,4
10,1,4,3,1.06826497900011,1.50081781900008,1,3,4
10,4,4,2,1.1680741160003,1.53636123500019,1,3,1
10,4,4,3,1.0755300740002,1.38493639100034,1,3,1
10,4,4,2,0.716324399999849,1.03475568900012,1,3,1
10,4,4,2,0.674989627000286,0.984491580000395,1,3,1
10,1,1,2,0.63611754600015,0.951149019000241,1,3,4
10,4,4,3,0.870893935000367,1.18454351500031,1,3,1
10,4,4,3,0.743792731000212,1.05134026699989,1,3,1
10,4,4,2,1.05426539200016,1.42219303000002,1,3,1
10,1,1,4,0.757651831000203,1.06785336100029,1,3,4
10,4,4,3,0.924102047999895,1.23466779699993,1,3,1
10,4,4,2,0.906651173000228,1.27422440300006,1,3,1
10,4,4,2,1.64058147200012,2.23235194000017,1,3,1
10,1,1,2,0.830574395999975,1.51837116399975,1,3,4
10,4,4,2,1.31426585000008,1.7778452030002,1,3,1
10,4,1,3,1.16353015699997,1.59488036200037,1,3,1
10,4,1,3,1.80401565600005,2.1189624460003,1,3,1
10,1,1,3,0.742312609000237,1.43038019100004,1,3,4
10,1,1,3,0.829748584000299,1.15145294400008,1,3,4
10,1,1,3,0.720447417000287,1.03461570200034,1,3,4
10,4,4,2,0.935039210000014,2.02347940200025,1,3,1
10,4,1,1,2.51779871600002,2.83661695799992,1,3,1
10,2,1,3,10.5699878250002,11.4182583790002,1,2,1
10,1,1,1,1.46275707399991,1.78753454400021,1,2,2
10,3,3,4,3.19851853599994,3.52274486199985,1,2,2
10,3,3,3,0.911089302999699,1.23577644599982,1,2,2
10,1,1,2,0.86192504399969,1.21369665499969,1,2,4
10,4,4,3,0.957376001999819,1.26791546899995,1,2,3
10,3,3,3,1.11428998400015,1.43511090499987,1,2,2
10,2,2,4,0.992402715000026,1.36072908799997,1,2,4
10,4,3,1,1.53108397300002,2.1226089920001,1,2,3
10,4,4,4,1.11000711800034,1.42977579100034,1,2,1
10,3,3,2,2.33295363700017,2.98901245800016,1,2,2
10,2,2,3,1.02800418800007,1.42827642600014,1,2,3
10,4,1,1,1.48333060300001,1.80231868500005,1,2,1
10,1,1,3,0.995413172000099,1.31810333500016,1,2,4
10,2,2,3,1.08696477199965,1.45500869199986,1,2,4
10,2,2,3,1.90913896199982,2.26075217700009,1,2,3
10,4,3,1,1.00163965899992,1.40230815899986,1,2,3
10,2,2,4,1.12188331100015,1.43482007500006,1,2,3
10,3,3,4,1.19286140000031,1.50199803300029,1,2,2
10,2,2,4,0.972512590999941,1.28488703099993,1,2,3
10,4,3,2,1.09716159700019,1.97659746299996,1,2,3
10,2,2,3,0.969678821000343,1.38607608600023,1,2,3
10,3,3,4,1.05834519500013,1.36809978300016,1,2,2
10,3,3,2,1.06844684799989,1.97985638099999,1,2,4
10,1,3,3,1.27708324100013,1.80505602500034,1,2,3
10,2,2,3,1.04443278899998,1.73266579199981,1,2,4
10,2,2,2,0.863969354999881,1.26335952199997,1,2,4
10,4,3,1,0.926144526999906,2.44587635199969,1,2,2
10,3,3,2,1.03599171800033,1.69172137800024,1,2,1
10,4,4,3,1.28846041400038,1.67219913600002,1,2,1
10,3,3,3,1.04547030200001,1.42891004000012,1,2,4
10,2,2,4,1.13297762399998,1.48491075899983,1,2,3
10,2,2,2,1.47314655399987,1.80955812999991,1,2,1
10,3,3,3,0.969261848999849,1.28481964100001,1,2,1
10,2,2,3,1.31801272099983,1.70196508499976,1,2,4
10,3,2,3,1.40006371500021,1.7184957530003,1,1,NaN
10,2,2,3,1.15532054999994,1.46863709699983,1,1,NaN
10,4,3,2,1.09689153599993,1.41832976399974,1,1,NaN
10,2,2,3,1.24810224399971,1.56851342399978,1,1,NaN
10,3,3,4,1.0243859000002,1.33479185500028,1,1,NaN
10,4,3,2,1.3077629860004,1.61842739600024,1,1,NaN
10,4,4,3,0.859315818999676,1.33866214599993,1,1,NaN
10,2,2,3,0.950214818999939,1.26802733800014,1,1,NaN
10,4,2,2,1.61951362599984,1.93577105599979,1,1,NaN
10,2,2,4,0.965550354999777,1.28497550299971,1,1,NaN
10,1,1,4,0.946851325999887,1.26814127099988,1,1,NaN
10,1,1,2,0.719865144999858,1.13592138400008,1,1,NaN
10,4,2,2,1.53955402700012,1.85237117199995,1,1,NaN
10,4,4,1,0.777021546000014,1.24097080699994,1,1,NaN
10,2,2,4,0.999420356999963,1.32019038399994,1,1,NaN
10,1,2,2,2.03525448600021,2.35281703800001,1,1,NaN
10,3,2,2,1.34858903299983,2.64435574199979,1,1,NaN
10,4,1,2,1.32222994800031,1.72224019700025,1,1,NaN
10,4,2,1,2.5325506690001,2.86879936900004,1,1,NaN
10,1,1,3,1.08872189699969,1.58515544600004,1,1,NaN
10,3,2,2,1.36107842000001,1.68167922399971,1,1,NaN
10,3,1,1,1.32682931799991,1.6351771059999,1,1,NaN
10,3,3,3,1.62928074199999,1.95241925799974,1,1,NaN
10,4,2,1,1.56629838799972,1.88545932199986,1,1,NaN
10,4,4,3,1.53896638600008,1.85220389699998,1,1,NaN
10,2,2,2,1.11276457599979,1.48029774299994,1,1,NaN
10,4,4,3,1.08589193999978,1.40171371899987,1,1,NaN
10,3,3,4,1.44540590800034,1.76888346600026,1,1,NaN
10,3,3,2,1.21492813399982,1.58247844300013,1,1,NaN
10,3,3,3,0.863642766000339,1.32767028400031,1,1,NaN
10,2,2,3,1.01950017900026,1.5638804780001,1,1,NaN
10,2,4,1,2.52603676399985,3.05353174699985,1,1,NaN
10,2,2,2,1.58630593899989,2.11396479699988,1,1,NaN
10,1,1,3,1.10094579399993,1.53297666699973,1,1,NaN
10,1,1,3,0.816639214000134,1.18448418800017,1,1,NaN
10,1,3,2,1.92367083699992,2.23588883000002,1,2,3
10,3,3,3,1.22578057400005,1.62650263600017,1,2,1
10,1,1,4,0.841190546000234,1.15124634800031,1,2,3
10,2,2,2,2.39588815200023,3.24336006000021,1,2,4
10,3,3,2,2.28018070000007,2.60318557800019,1,2,1
10,2,2,4,1.03930725000009,1.43920823000008,1,2,3
10,4,2,3,2.18222228100012,2.55018026200014,1,2,2
10,4,4,4,1.08728162599982,1.40735087699977,1,2,1
10,4,4,3,0.903195688000324,1.35150926300003,1,2,2
10,2,2,4,1.00937319600007,1.53774005800005,1,2,1
10,3,3,2,1.92471957999987,2.25993163800013,1,2,1
10,4,4,2,1.30591034000008,1.64111275300002,1,2,2
10,1,1,4,1.06367658799991,1.43177044499998,1,2,2
10,3,3,4,1.27975051199974,1.60184038599982,1,2,1
10,3,4,1,0.975587857999926,2.54309605600019,1,2,2
10,1,1,4,0.921026744000301,1.49715203000005,1,2,4
10,4,4,4,1.32603409400008,1.63521696899988,1,2,2
10,4,4,3,1.75592210199966,2.17239517400003,1,2,2
10,3,4,3,1.46035930300013,1.81253124100022,1,2,4
10,1,4,2,1.35623540100005,1.66896105900014,1,2,4
10,1,3,1,1.80115362600009,2.2812924320001,1,2,3
10,2,2,1,2.35005167400004,2.89417796899988,1,2,4
10,4,4,3,1.1292140229998,1.49706223199973,1,2,2
10,1,3,2,1.56558753799982,1.91811508299998,1,2,3
10,1,4,2,1.52100891800001,2.04859841999996,1,2,4
10,1,3,4,1.45521259499992,2.03106604899995,1,2,3
10,1,1,4,1.21346580699992,1.86987913600024,1,2,2
10,2,1,1,1.63412774499966,2.018366023,1,2,1
10,2,2,4,1.15295343300022,1.61686093100025,1,2,1
10,3,3,4,1.12014958200007,1.50487490899968,1,2,4
10,3,3,3,0.884614098999918,1.20136756900001,1,2,4
10,1,1,3,1.10923761399999,1.47693131599999,1,2,4
10,4,2,1,3.35454451699979,3.67101619999994,1,2,2
10,1,1,3,0.981438035999872,1.33342144700009,1,2,3
10,2,2,2,1.1841002770002,1.66387062000013,1,2,4
10,1,1,4,0.980752545000087,1.60402445699992,1,3,2
10,1,1,2,0.740595063000001,1.10836367900038,1,3,2
10,1,1,3,0.74509813800023,1.06803391499989,1,3,2
10,2,2,4,0.845792929999789,1.40620826999975,1,3,1
10,2,2,3,0.774508168000011,1.08473261999961,1,3,1
10,2,2,3,0.747554236000269,1.068068477,1,3,1
10,2,2,3,0.818100811000022,1.2496425459999,1,3,1
10,1,1,4,0.75209981099988,1.07212952300006,1,3,2
10,2,2,4,0.741447294999944,1.05132745499986,1,3,1
10,1,1,2,0.924105974999748,1.50001805900001,1,3,2
10,1,1,3,1.05621990699956,1.58397833799972,1,3,2
10,2,2,4,1.13695050600018,1.55268107700022,1,3,1
10,2,2,4,1.04278183299994,1.35153966200005,1,3,1
10,2,2,3,1.1011314729999,1.59734090700022,1,3,1
10,2,2,3,0.813516529000026,1.23001856200017,1,3,1
10,2,2,4,1.03711471300039,1.35176871000021,1,3,1
10,1,1,4,1.1435995439997,1.46848854399968,1,3,2
10,1,1,2,0.796840296000028,1.24475687200038,1,3,2
10,1,1,3,0.827336510999885,1.15152052999974,1,3,2
10,2,2,3,0.925553392999973,1.629360722,1,3,1
10,2,2,4,0.844990330000201,1.16818904499996,1,3,1
10,2,2,4,0.846199639999668,1.16804761899994,1,3,1
10,1,1,2,1.31201628400004,2.15966809500014,1,3,2
10,1,1,3,1.24118192000014,1.88127289500017,1,3,2
10,2,2,4,0.974676251999881,1.53422523300014,1,3,1
10,1,2,3,0.881111428999702,1.31247843799974,1,3,2
10,2,2,4,0.829162260999965,1.18097077699986,1,3,1
10,1,1,2,1.00648135700021,1.39071894400013,1,3,2
10,1,1,2,1.143623467,1.4517638440002,1,3,2
10,1,1,3,1.37412575600001,1.68511350300014,1,3,2
10,2,1,1,1.09759969300012,2.16966682200018,1,3,1
10,2,2,4,0.802008597000167,1.13781877700012,1,3,1
10,1,1,2,0.805564325999967,1.14133526399974,1,3,2
10,2,1,2,1.32052110299992,2.21580381000012,1,3,1
10,1,2,2,0.975055381999937,1.28477044500005,1,3,2
10,2,2,2,1.10743457299986,1.50652596600003,2,1,NaN
10,4,2,3,1.54302769500009,1.85217860600005,2,1,NaN
10,4,4,3,1.51700184499987,1.90069844299978,2,1,NaN
10,2,2,2,1.02445773499994,1.33489918700025,2,1,NaN
10,4,4,2,1.81902675999982,2.13607982199983,2,1,NaN
10,2,2,3,1.09261460699963,1.40132520399993,2,1,NaN
10,2,2,3,1.85353584200038,2.16904393599998,2,1,NaN
10,2,2,3,2.03729311200004,2.35247616700008,2,1,NaN
10,2,2,2,0.807104756000172,1.12728999000001,2,1,NaN
10,2,2,1,1.86665032500014,2.57055410400017,2,1,NaN
10,3,3,2,1.41083745300011,2.01899448400036,2,1,NaN
10,3,3,3,0.99327796300031,1.36153615700005,2,1,NaN
10,2,2,2,1.65975898200031,2.23557723000022,2,1,NaN
10,4,4,2,1.21759891900001,1.55360146699968,2,1,NaN
10,1,1,3,1.01111961200013,1.45958218800024,2,1,NaN
10,3,3,2,1.30585124299978,1.67394999099997,2,1,NaN
10,1,1,2,1.126798194,1.76631083200027,2,1,NaN
10,1,1,1,1.64805775099967,2.41648314399981,2,1,NaN
10,1,1,1,1.80781922799997,2.1190878489997,2,1,NaN
10,3,3,2,1.30651114600005,1.62633331899997,2,1,NaN
10,4,2,1,1.70574199300017,2.0189434670001,2,1,NaN
10,2,2,1,1.3679658179999,1.68518019900011,2,1,NaN
10,4,4,2,1.31665204299998,1.63536045899991,2,1,NaN
10,1,3,2,1.8109065120002,2.11901562999992,2,1,NaN
10,1,1,2,1.42061888399985,1.94933231899995,2,1,NaN
10,3,1,1,2.59099521300004,2.903249598,2,1,NaN
10,4,3,2,1.22554571899991,1.535284907,2,1,NaN
10,3,3,2,0.763766951999969,1.18063099799974,2,1,NaN
10,2,2,2,1.10201881700004,1.41813478799986,2,1,NaN
10,1,1,1,0.917721234000055,1.28507135700011,2,1,NaN
10,3,3,2,1.07403358900001,1.42654781700003,2,1,NaN
10,3,3,2,0.810091285999988,1.11792954700013,2,1,NaN
10,3,3,2,0.717701678999674,1.0345494799999,2,1,NaN
10,2,2,3,1.66906615300013,2.03676608600017,2,1,NaN
10,2,2,3,0.86644853100006,1.31522279599994,2,1,NaN
11,2,2,3,1.3853739340002,2.00935559499976,1,2,3
11,2,2,3,1.94521073099986,3.00143818800007,1,2,4
11,2,2,4,1.69563189600012,2.38335642799939,1,2,1
11,3,3,4,2.27179712299949,3.74392324399923,1,2,2
11,4,2,1,3.56012122100037,4.64820695000071,1,2,2
11,3,3,4,1.45100063299924,1.99513337799999,1,2,1
11,2,2,4,1.80281173200001,2.53944523800055,1,2,4
11,2,2,4,1.54089126500003,2.1168967880003,1,2,1
11,1,1,1,3.96770371599996,4.92704800200045,1,2,4
11,4,4,3,1.71904260899919,2.4711911229997,1,2,3
11,1,3,2,2.69158656099989,3.71490809700026,1,2,3
11,1,1,3,2.30081725200034,2.95639843700064,1,2,3
11,4,2,3,3.68567301700023,4.35707127400019,1,2,2
11,2,2,3,1.41188787100054,2.1797810220005,1,2,1
11,2,2,3,1.06855109200023,1.4849740589998,1,2,1
11,3,3,2,1.77730587899987,3.45689296399996,1,2,2
11,3,3,1,1.49346369799969,2.22865880100017,1,2,2
11,2,2,4,1.38778701299998,2.02805369099951,1,2,4
11,1,2,4,2.12251481899966,2.6982597819997,1,2,2
11,1,1,3,1.21375547000025,1.86968704499941,1,2,4
11,4,3,3,1.44259743800012,2.00266231499972,1,2,3
11,3,3,4,1.63448220999999,2.33820980600012,1,2,1
11,4,1,2,2.65959794400078,3.90806315000009,1,2,1
11,1,1,3,2.06963990900022,2.72530997800004,1,2,2
11,2,1,2,4.82322226699944,5.60699145800027,1,2,1
11,1,1,2,1.41062881200014,2.24298675099999,1,2,4
11,1,1,4,1.33548111999971,1.84729033399981,1,2,4
11,3,3,4,1.31049463599993,1.82216016999973,1,2,1
11,1,1,3,1.34899290999965,1.86145781800042,1,2,4
11,3,3,4,1.19428751300075,2.02612081500047,1,2,4
11,4,3,4,1.25716452599954,1.75296702000014,1,2,3
11,4,4,1,3.71483020199958,4.24329350399967,1,2,1
11,4,4,2,2.05489575199954,2.93538227800036,1,2,3
11,2,2,3,1.36036920199967,2.03210473299987,1,2,4
11,3,3,4,1.64687293000043,2.25519112500024,1,2,2
11,4,3,3,2.07499589300005,2.81103805399925,1,1,NaN
11,1,1,2,1.65700564399958,2.56925841399971,1,1,NaN
11,2,2,4,1.50505940800031,2.08141871600037,1,1,NaN
11,1,1,2,1.70985982299953,2.39820611300001,1,1,NaN
11,4,3,4,1.83837975300048,2.59034857900042,1,1,NaN
11,1,3,4,1.55740664600035,2.06930465799996,1,1,NaN
11,4,4,1,1.79432137000003,2.62599391500044,1,1,NaN
11,3,3,3,1.62383536200014,2.13609984400046,1,1,NaN
11,4,2,3,1.37806902899956,1.82583986600002,1,1,NaN
11,2,2,2,1.1772615079999,1.88147636700069,1,1,NaN
11,2,2,2,1.26175690899981,1.90218783399996,1,1,NaN
11,2,2,3,1.39317748299982,1.90511978499944,1,1,NaN
11,3,3,3,3.14159287799976,3.78120061400023,1,1,NaN
11,2,2,2,2.07627309099917,2.71613520199935,1,1,NaN
11,4,4,1,2.3823810190006,3.08652218800034,1,1,NaN
11,4,3,2,2.43310801100051,3.28123687800053,1,1,NaN
11,2,3,3,1.51707343599992,1.94911695500014,1,1,NaN
11,1,1,3,2.59137122399989,3.55162795099932,1,1,NaN
11,3,1,2,4.43106600200008,9.1024035219998,1,1,NaN
11,3,3,2,1.41891529299937,1.93104534799932,1,1,NaN
11,1,1,1,3.56643954100036,4.39824941300049,1,1,NaN
11,2,2,3,1.73992755600011,2.37922072500078,1,1,NaN
11,4,1,4,4.1081924580003,5.14822517399989,1,1,NaN
11,4,2,3,2.47497463699983,3.03483579900058,1,1,NaN
11,2,2,4,1.35985892099961,1.66836256500028,1,1,NaN
11,3,3,4,2.7646316979999,3.13256551300037,1,1,NaN
11,4,2,3,1.74180027900002,2.19004711899925,1,1,NaN
11,4,3,2,2.15067719600029,2.64632729300047,1,1,NaN
11,2,2,1,1.54796233399975,2.23566487100015,1,1,NaN
11,3,3,3,1.87349447100041,2.3371462920004,1,1,NaN
11,1,1,1,1.87482587399973,2.45125274399925,1,1,NaN
11,4,4,2,1.92036590899988,2.63978940600009,1,1,NaN
11,3,3,3,4.43796554000073,5.41347939200023,1,1,NaN
11,4,2,2,1.51309471100012,1.9771077409996,1,1,NaN
11,1,2,2,5.9465131349998,6.66590998599986,1,1,NaN
11,1,1,3,1.26551850799933,2.2090882629991,1,3,3
11,1,3,1,1.54450330600048,2.87262872800056,1,3,3
11,1,1,1,1.42856194199976,2.64432720399964,1,3,3
11,1,1,3,1.32152940100059,1.76977588500085,1,3,3
11,1,1,3,0.882170388999839,1.28300549100004,1,3,3
11,1,1,3,3.16751739899973,3.82338030699975,1,3,3
11,3,3,3,1.02860263300045,1.60428285600028,1,3,1
11,1,1,4,1.55658708999999,1.86872736400073,1,3,3
11,3,3,2,2.66475774299943,3.52851100099997,1,3,1
11,1,3,3,2.48999003800054,2.87386919399978,1,3,3
11,3,3,4,1.07785996099938,1.49355904599997,1,3,1
11,1,1,2,1.16180598499977,1.86573056700036,1,3,3
11,1,1,3,2.59163024699956,2.95951368100032,1,3,3
11,3,3,4,1.75187106999965,2.16818014699948,1,3,1
11,1,1,2,1.37662047499998,2.11239390399987,1,3,3
11,3,3,3,1.34049154400054,1.70816485900014,1,3,1
11,1,1,3,1.84749700799966,2.27944733899949,1,3,3
11,1,1,3,1.86821642099949,2.33266248699965,1,3,3
11,1,1,3,1.53489761299988,1.85215332600001,1,3,3
11,1,3,2,5.95604208799978,6.65988153799935,1,3,3
11,3,3,2,1.70061791099943,2.67670114299926,1,3,1
11,3,3,2,1.67254252899966,2.26515977399959,1,3,1
11,3,3,2,1.48593499100025,1.80629457500072,1,3,1
11,1,1,3,1.4461523330001,2.59789809300037,1,3,3
11,3,3,4,1.29290686100012,1.60176273900015,1,3,1
11,1,1,3,1.03731976200015,1.90102386000035,1,3,3
11,1,3,4,1.55206583899962,1.8686291999993,1,3,3
11,1,1,4,1.1897036929995,2.53373631199975,1,3,3
11,3,3,3,1.26252862599995,1.83860804999949,1,3,1
11,1,1,3,1.74912785300057,2.32534113300062,1,3,3
11,1,1,4,1.40018086600048,1.88020150800003,1,3,3
11,1,1,4,1.72439318899978,2.54105468699981,1,3,3
11,1,1,2,2.93426812799953,3.67009111300013,1,3,3
11,3,3,4,1.16897189800056,1.52130742000008,1,3,1
11,1,1,3,1.13974785699975,1.47599481399993,1,3,3
11,3,3,4,1.28778730100021,1.76720892100002,1,2,4
11,4,3,3,2.57702052399964,3.3283975409995,1,2,3
11,2,2,3,2.00934536900058,2.36129523900036,1,2,3
11,2,2,3,1.1468900509999,1.93016818000069,1,2,3
11,4,2,3,2.06169010000031,3.0849984030001,1,2,2
11,1,1,2,3.48839619699993,4.5602805439994,1,2,4
11,1,1,1,3.04656156599958,3.47867900999972,1,2,3
11,3,3,3,1.76994193199971,2.17033513800015,1,2,1
11,3,3,4,1.41042055799971,1.73534286300037,1,2,1
11,1,3,3,3.26055847999942,3.9965958369994,1,2,3
11,1,1,2,1.43471811099971,1.89895909900042,1,2,4
11,3,3,3,3.23093823599993,4.28713626199988,1,2,2
11,4,1,2,2.16074986700005,2.76898786800029,1,2,1
11,4,3,2,1.76045547000012,2.56100530900039,1,2,3
11,1,1,2,1.89727207899978,2.60141283299981,1,2,3
11,4,4,3,1.48882493699966,2.25619267899947,1,2,1
11,3,3,3,1.765627236,2.29403391600044,1,2,1
11,1,1,3,1.96181753300061,2.53731548500036,1,2,3
11,3,3,4,1.90726816999995,2.43520712200007,1,2,1
11,1,1,4,1.52082850799979,2.27267552000012,1,2,2
11,2,2,4,1.66921315000036,2.30867031700018,1,2,3
11,1,1,3,1.22397359499973,1.75189875199976,1,2,3
11,3,3,4,1.32976994599994,2.01815450699996,1,2,4
11,4,2,2,3.64816994500052,4.5601341370002,1,2,2
11,3,3,4,1.43073517399989,1.86333583999931,1,2,1
11,4,3,4,1.35727155899986,1.77312047800024,1,2,3
11,3,3,3,1.49418879400037,1.94162785299977,1,2,1
11,1,2,1,3.12810598200031,3.86370043600073,1,2,2
11,2,2,2,1.05111361400031,1.56309503400007,1,2,1
11,3,3,3,1.70913756799928,2.23787962599999,1,2,2
11,1,1,3,2.59511232000023,3.28345445000014,1,2,3
11,3,3,4,1.5026619679993,1.83838040199953,1,2,2
11,1,1,3,3.63713370000005,4.46923375900042,1,2,2
11,2,2,3,1.21619589200054,1.82382782100012,1,2,4
11,3,3,3,3.3666348910001,4.0070544780001,1,2,2
11,1,1,3,1.51500625999961,2.2350509099997,1,3,2
11,2,2,4,1.26417090799987,1.58468138900025,1,3,1
11,1,1,4,1.42511188499975,1.73542139199981,1,3,2
11,2,1,4,1.56315014200027,1.88549899999998,1,3,1
11,1,2,3,1.37542172200028,1.82396999200046,1,3,2
11,2,2,3,1.19066010200004,2.63040441300018,1,3,1
11,1,1,4,1.40514456100027,1.82132719200035,1,3,2
11,2,1,4,1.60410790599963,1.91874576800001,1,3,1
11,1,1,3,1.63885339399985,2.32693922199996,1,3,2
11,1,1,3,3.24107707199983,3.9612712119997,1,3,2
11,2,2,3,1.94483638999918,2.5525813689992,1,3,1
11,1,1,3,1.9217065519997,2.60905462000028,1,3,2
11,1,1,3,1.59191585500048,2.03971884900056,1,3,2
11,1,1,3,1.28620929099998,1.70271969699934,1,3,2
11,1,1,3,1.42617283700019,1.87394180800038,1,3,2
11,1,1,3,1.27134155300064,2.15106967300017,1,3,2
11,1,1,4,1.247866187,1.68003489900002,1,3,2
11,1,1,4,1.38970231800067,1.70192233800026,1,3,2
11,2,2,3,1.1768271789997,2.58524974899956,1,3,1
11,1,2,1,2.43163981399994,3.34411917800026,1,3,2
11,2,2,2,1.32091944000058,2.0249368370005,1,3,1
11,1,1,3,1.7360168590003,2.35958223600028,1,3,2
11,1,1,3,1.44896055200024,2.05701277699973,1,3,2
11,1,2,3,3.06273172900001,3.75065057699976,1,3,2
11,2,2,3,2.41482683199956,3.00678014000005,1,3,1
11,2,2,3,1.20501525799955,1.5412181619995,1,3,1
11,2,2,3,1.49529537400031,1.81887073899998,1,3,1
11,1,1,2,1.53483559100005,2.11067231699963,1,3,2
11,2,1,2,4.89029608300007,5.53032199599966,1,3,1
11,2,2,3,1.59314778200041,2.36077827999998,1,3,1
11,1,1,2,1.53015941900048,2.01036356700024,1,3,2
11,1,1,2,1.40100947300016,1.78559027500069,1,3,2
11,2,2,3,1.10614432800048,1.41811759200027,1,3,1
11,2,2,3,1.2731760050001,1.58497923599953,1,3,1
11,1,1,4,1.32185172200025,1.63500750999992,1,3,2
11,2,2,2,1.79126588199961,2.81532174899985,1,1,NaN
11,1,1,3,1.30976196399934,1.80584097399969,1,1,NaN
11,3,3,4,2.29332247699949,2.7576908709998,1,1,NaN
11,2,2,4,1.15815829199983,1.5582548149996,1,1,NaN
11,1,1,4,1.44791482299934,1.81598781299999,1,1,NaN
11,3,3,4,1.55125972099995,1.87151337399973,1,1,NaN
11,4,1,2,3.62079038999946,5.20416033299989,1,1,NaN
11,4,3,4,2.17656974000056,2.84849917300016,1,1,NaN
11,2,2,3,1.22933493899927,1.69297855599962,1,1,NaN
11,2,2,2,1.11396603600042,1.51363576400036,1,1,NaN
11,3,3,3,1.47037806899971,1.78542780299995,1,1,NaN
11,4,4,3,1.54233281400047,1.85214934400028,1,1,NaN
11,1,4,3,1.51620110099975,1.83529371199984,1,1,NaN
11,3,3,3,1.47438768900065,1.78520775500056,1,1,NaN
11,3,3,2,2.79435461200046,3.51433437000014,1,1,NaN
11,2,2,3,1.16480342799969,1.48516417999963,1,1,NaN
11,2,2,3,1.0559830559996,1.84001225100019,1,1,NaN
11,4,2,1,2.56670134699925,4.27910301699922,1,1,NaN
11,2,2,1,31.0965484339995,32.6965669889996,1,1,NaN
11,3,3,3,1.483864756,1.80318618500041,1,1,NaN
11,4,1,3,2.01885823900011,2.59465279899996,1,1,NaN
11,2,2,3,1.67435498899977,1.98563113599994,1,1,NaN
11,3,3,3,1.89814370600016,2.2194346339993,1,1,NaN
11,3,1,2,1.80935738300013,2.35251862099994,1,1,NaN
11,3,3,2,3.41050963500038,3.7459110180007,1,1,NaN
11,4,1,3,1.70655788599925,2.0189628829994,1,1,NaN
11,4,2,2,3.51268352900024,4.07263552699987,1,1,NaN
11,3,3,3,1.74692349299949,2.11500106899985,1,1,NaN
11,3,3,3,2.60614985000029,2.9198284740005,1,1,NaN
11,4,2,3,1.24011386199982,1.5518677150003,1,1,NaN
11,1,1,3,1.3538219889997,1.66871059300047,1,1,NaN
11,2,2,2,3.19061204700029,4.03904091799996,1,1,NaN
11,4,3,1,3.50696214700019,4.64339619400016,1,1,NaN
11,4,2,3,2.29397823399995,2.82215840299978,1,1,NaN
11,4,2,1,2.25969810900006,4.02046142699965,1,1,NaN
11,3,3,4,1.33020288199987,2.03446935400007,1,3,4
11,4,4,2,1.39234538900018,2.0645477019998,1,3,3
11,4,3,3,1.32626181500018,1.63514707099966,1,3,3
11,3,3,4,0.940822530000332,1.26067844800036,1,3,4
11,3,3,4,1.88293987499947,2.20249792100003,1,3,4
11,3,3,4,0.977491671999815,1.28461627100023,1,3,4
11,4,3,4,2.54290610000044,2.92705090700019,1,3,3
11,4,3,4,1.41672453899992,1.73529142200005,1,3,3
11,4,4,4,0.787345619000007,1.10138285099947,1,3,3
11,3,3,2,1.71905502699974,2.47170233699944,1,3,4
11,3,3,3,1.18793946400001,1.50167582599988,1,3,4
11,3,3,3,0.999961616999826,1.31816745200013,1,3,4
11,4,4,3,2.16287229800037,3.29897797900048,1,3,3
11,3,3,3,1.26188685200032,1.58521866800038,1,3,4
11,4,4,3,1.51825589300006,2.30194665399995,1,3,3
11,3,3,3,1.16951885100025,1.48531335799998,1,3,4
11,3,3,3,1.23764482699971,1.55166510300023,1,3,4
11,4,3,3,1.6554994979997,2.03919985999983,1,3,3
11,3,3,3,1.17403540600026,1.48527161499987,1,3,4
11,3,3,3,1.30667964199984,2.05880916199931,1,3,4
11,4,3,3,1.49626630000057,1.86388512600024,1,3,3
11,4,2,1,1.94932500400046,3.32591034600046,1,3,3
11,4,4,2,2.16662592400007,2.90278221199969,1,3,3
11,3,3,2,1.37730288700004,1.68548102600016,1,3,4
11,3,3,3,1.24588930500067,1.56859187100054,1,3,4
11,3,3,3,1.03893007399984,1.95099001699964,1,3,4
11,3,3,3,0.928112442999918,1.25160080800015,1,3,4
11,4,4,2,1.64674616600041,2.44668086599995,1,3,3
11,4,3,2,2.52467410400004,3.11660094099989,1,3,3
11,3,3,3,1.27877030499985,1.96701163599937,1,3,4
11,4,4,2,1.48792994499945,2.54386198999964,1,3,3
11,3,3,3,1.46518441399985,1.78544101999978,1,3,4
11,4,4,4,1.4253636630001,2.6731519899995,1,3,3
11,3,4,2,1.73325958899932,2.08555708099993,1,3,4
11,3,3,3,1.20169652500044,1.51841095800046,1,3,4
11,4,2,3,7.40303883700017,8.25130745600018,1,2,3
11,4,4,1,4.60274694000054,4.93895538700053,1,2,1
11,1,3,1,2.56119429799946,3.5054124419994,1,2,3
11,4,3,2,1.52336460300012,2.35518640600003,1,2,3
11,3,3,3,1.95641745900048,2.62821911000083,1,2,1
11,3,3,2,3.38637378699968,4.01068567200036,1,2,4
11,2,2,3,1.59173057899989,2.28013841700067,1,2,4
11,4,4,4,1.27607242899921,1.85193236799932,1,2,1
11,4,2,3,1.44194955000057,2.1143428610003,1,2,2
11,2,2,3,1.26169761799974,1.59758216800037,1,2,3
11,1,1,1,2.07772285200008,3.19794969199938,1,2,2
11,1,1,1,2.79659384599927,3.46836631499991,1,2,3
11,3,3,2,1.9679057000003,2.3199167620005,1,2,4
11,1,1,2,1.3941111030008,1.70199459600008,1,2,4
11,2,2,2,1.45395583800018,1.76867625700015,1,2,4
11,1,1,2,1.97523437400014,2.85498275800001,1,2,4
11,1,1,3,1.55576924699926,2.54799298999933,1,2,2
11,4,4,3,1.30872179899961,1.61860040699958,1,2,3
11,3,3,2,1.61258722599996,1.9964095309997,1,2,1
11,4,4,3,1.5480174230006,2.12431526700038,1,2,1
11,4,4,3,1.4954593679995,1.81884391999938,1,2,2
11,2,2,3,1.45436154800063,1.76868678000028,1,2,4
11,3,3,2,1.79804323600001,2.34267284299949,1,2,1
11,2,2,3,1.24053980200006,1.55158247999952,1,2,3
11,1,4,2,2.76106277399958,3.43335474899959,1,2,4
11,1,1,3,3.75880195399986,4.19064624800012,1,2,2
11,4,4,3,1.73230765900007,2.06858309000017,1,2,1
11,3,3,2,1.18501592900066,1.66469560800033,1,2,1
11,3,3,3,1.19852775099935,1.51848199899996,1,2,1
11,4,4,4,1.25051001500015,1.5684737849997,1,2,1
11,3,3,3,1.0912030190002,1.41175655000006,1,2,4
11,1,2,3,1.86792624099962,2.31587125199985,1,2,2
11,1,3,4,1.47053250099998,1.82301220599948,1,2,3
11,2,2,4,1.17357578699921,1.57327651099968,1,2,3
11,4,4,1,2.87070797700017,3.63928764299999,1,2,2
11,4,2,2,1.48223452699949,1.8658723869994,1,1,NaN
11,4,4,2,1.3912285790002,1.70191557500038,1,1,NaN
11,3,3,3,2.15528693499982,2.4695097849999,1,1,NaN
11,3,3,3,1.27184670299994,1.95995640000001,1,1,NaN
11,2,2,3,1.2095473950003,1.78571104500043,1,1,NaN
11,4,4,3,1.6655682290002,1.98563100400042,1,1,NaN
11,4,3,3,2.2732094160001,2.80126631599978,1,1,NaN
11,4,4,3,2.06447081999977,2.44860494499972,1,1,NaN
11,4,2,3,10.5736018370008,11.2454823510006,1,1,NaN
11,1,1,4,1.74531109700001,2.32071027700022,1,1,NaN
11,2,2,4,1.5387060209996,1.93842976399992,1,1,NaN
11,3,3,4,1.89225312899998,2.37226595999982,1,1,NaN
11,1,1,3,1.50848637400031,1.82890670400047,1,1,NaN
11,2,2,4,1.46793147300014,1.89977309500046,1,1,NaN
11,3,2,4,1.29619827100032,1.69643907200043,1,1,NaN
11,2,2,4,1.27611218599941,1.58520680699985,1,1,NaN
11,4,2,2,1.59727419299998,1.93244751200018,1,1,NaN
11,4,4,2,1.56797394900059,2.08012099300049,1,1,NaN
11,2,2,3,1.10101040800055,1.41821718700066,1,1,NaN
11,3,3,2,1.77953414500007,2.7239552380006,1,1,NaN
11,2,2,2,1.98971901199911,2.34208805799972,1,1,NaN
11,4,4,3,1.23947340799987,1.88009894200059,1,1,NaN
11,4,4,3,1.30912103500032,1.61856476000048,1,1,NaN
11,2,2,3,1.06760948800002,1.38488537299963,1,1,NaN
11,4,1,1,4.37221206499999,4.6882352449993,1,1,NaN
11,2,1,1,1.81366124800024,2.42202105599972,1,1,NaN
11,2,2,1,1.18846707499961,1.50196810800026,1,1,NaN
11,1,1,3,1.4156740819999,1.92759316200045,1,1,NaN
11,1,2,2,1.40343245199983,1.72295394199955,1,1,NaN
11,1,2,2,1.52647164500013,1.83526300500034,1,1,NaN
11,4,3,2,1.70884720100003,2.22082486699946,1,1,NaN
11,3,2,3,1.2350786879997,1.55182684400006,1,1,NaN
11,1,1,4,1.41298175300017,1.73555119699995,1,1,NaN
11,3,3,3,1.42285417299991,1.73540152399983,1,1,NaN
11,3,3,3,1.08183346300029,1.43323304000023,1,1,NaN
11,3,3,3,1.88400020299923,2.41180541199992,1,1,NaN
11,3,3,3,0.986725175999709,1.30155728499994,1,1,NaN
11,4,4,3,1.78248831000019,2.10228644300059,1,1,NaN
11,1,2,2,1.82664962699982,2.16197181499956,1,1,NaN
11,4,4,3,1.78798386000017,2.10243966799953,1,1,NaN
11,3,1,3,1.39945157999955,1.71875893199922,1,1,NaN
11,1,1,3,1.37777861799987,1.70200048900006,1,1,NaN
11,4,2,2,13.7260684890007,14.4937341980003,1,1,NaN
11,4,4,2,1.5642273959993,1.88649782999983,1,1,NaN
11,3,3,3,1.44007316700026,1.75307417699969,1,1,NaN
11,4,4,4,1.94545631500023,2.26886391399967,1,1,NaN
11,3,3,4,1.16651742700014,1.48501867599953,1,1,NaN
11,3,3,4,1.20364669599985,1.51824523199957,1,1,NaN
11,2,2,3,1.07842083600008,1.44669538899961,1,1,NaN
11,2,2,2,2.02968027299994,3.03756396599965,1,1,NaN
11,4,4,1,1.9384162410006,2.25269091600057,1,1,NaN
11,2,1,1,3.73552701900007,4.05444755799999,1,1,NaN
11,4,1,2,13.2667162150001,14.1307569619994,1,1,NaN
11,2,2,2,2.04781398999967,2.5752153429994,1,1,NaN
11,2,2,3,1.49538760900032,1.92732660500042,1,1,NaN
11,3,3,3,1.68907144199966,2.00242226999944,1,1,NaN
11,2,2,3,1.72026372399978,2.72856169199986,1,1,NaN
11,4,4,1,1.62602557900027,2.29772914000023,1,1,NaN
11,4,3,3,1.71006913499969,2.0189781629997,1,1,NaN
11,2,2,2,1.94862135800031,2.36443435399997,1,1,NaN
11,1,1,1,1.40545091599961,1.71875069899943,1,1,NaN
11,2,2,3,5.38479286499933,6.55287597200004,1,1,NaN
11,3,3,3,1.93338400500033,2.66930223200052,1,1,NaN
11,4,2,3,1.28156709499945,1.60180792999927,1,1,NaN
11,1,2,1,1.61808726900017,2.72178878100021,1,1,NaN
11,2,2,4,3.15524964999986,3.89163016099974,1,1,NaN
11,4,4,4,1.6697105180001,2.51759784700062,1,1,NaN
11,3,3,4,1.68027961600001,2.00234091400034,1,1,NaN
11,2,2,3,1.31140147400038,1.63535215800039,1,1,NaN
11,2,2,3,0.926185596000323,1.23460819799948,1,1,NaN
11,3,3,3,1.26752360899991,1.58515530399927,1,2,4
11,2,2,4,1.30030866200013,1.61839887899987,1,2,4
11,1,3,4,1.29923558200062,1.61844057000053,1,2,3
11,2,2,4,1.18682703700051,1.50176686600025,1,2,1
11,1,4,3,1.8303687079997,2.24622772400016,1,2,4
11,2,2,2,1.24402778500007,1.70836702199995,1,2,4
11,3,3,4,1.06397856500007,1.38505668900052,1,2,4
11,3,3,4,1.36045916199964,1.66840585599948,1,2,2
11,1,3,3,1.94968535499993,2.62186851299975,1,2,3
11,4,4,2,1.70031418000053,2.56422992700027,1,2,3
11,2,2,2,1.30895282599977,1.64511723600026,1,2,4
11,1,1,2,1.51521841500016,1.96373665900046,1,2,3
11,3,3,3,1.34157670399964,1.99699013499958,1,2,4
11,3,3,4,1.32537508400037,1.72489490800035,1,2,1
11,2,3,3,1.32044166699961,2.12035922599989,1,2,3
11,1,1,3,1.7470581890002,2.06908718400064,1,2,3
11,3,3,4,1.18336024400014,1.56775148900033,1,2,1
11,1,3,1,2.20913479399951,2.54529870499937,1,2,3
11,2,2,2,1.32284832999994,1.63543029300035,1,2,1
11,2,2,2,1.83300036899982,2.20106617399961,1,2,4
11,3,3,3,1.32840205299999,1.65202690600017,1,2,4
11,1,1,2,1.35838624099961,1.99820705499951,1,2,4
11,1,1,2,1.29381000600006,1.63011802799974,1,2,4
11,3,3,3,1.22974647699994,1.55207740500009,1,2,1
11,4,4,2,1.50247460300034,2.8626974810004,1,2,1
11,2,2,3,1.37133306299984,1.68518013399989,1,2,1
11,2,2,3,3.55923055899984,4.66365952300021,1,2,1
11,1,1,2,1.21032207000007,1.59408608899957,1,2,4
11,2,2,3,1.48303547399973,1.89857403499991,1,2,1
11,3,3,3,1.56717210599982,1.99930560499979,1,2,1
11,1,1,3,1.3912780039991,1.70195848999992,1,2,3
11,3,3,3,1.6909421929995,2.00226124299934,1,2,1
11,4,4,3,1.45082596300017,1.8019478289998,1,2,1
11,3,3,2,1.90624284600017,2.51361258599991,1,2,1
11,2,2,3,1.45307918500021,1.8207680659998,1,2,3
11,3,2,2,1.33816339399982,2.45891562999986,1,3,2
11,3,2,1,1.3357237299997,2.21566723599972,1,3,2
11,3,3,2,1.31115315199986,1.61849694099965,1,3,2
11,3,3,3,1.24563694400058,1.56838782700015,1,3,2
11,2,2,4,1.19875781100018,1.79129248800018,1,3,3
11,3,3,4,1.30362176600011,1.61848164700041,1,3,2
11,3,3,4,0.950988024999788,1.26804780200018,1,3,2
11,2,3,4,1.3804746729993,1.70196626799952,1,3,3
11,3,3,4,1.23170942600063,1.55172297399986,1,3,2
11,3,3,4,0.834204793999561,1.1513890719998,1,3,2
11,2,2,3,1.14030904799984,1.45194042999992,1,3,3
11,3,4,2,2.52278326499982,2.95477561499956,1,3,2
11,2,3,2,1.95541922400025,2.26932697000029,1,3,3
11,2,2,3,1.39903354800026,1.71863179100001,1,3,3
11,3,3,3,2.0827789799996,2.40291435899962,1,3,2
11,2,2,3,1.42578170199977,1.73544282900002,1,3,3
11,3,3,2,1.54813968500002,1.86909815299987,1,3,2
11,3,2,2,1.60129486400001,1.91879568599961,1,3,2
11,2,2,2,1.25173851699947,1.56840061099956,1,3,3
11,3,3,3,1.22129395699994,1.53528024099978,1,3,2
11,2,2,3,1.3513262890001,1.66852501599988,1,3,3
11,3,3,4,1.34843995599931,1.66853328499928,1,3,2
11,3,2,2,1.42548132299999,1.735261842,1,3,2
11,3,3,3,1.46861455199996,1.85278089300027,1,3,2
11,2,2,4,1.2340001550001,1.55171756100026,1,3,3
11,2,2,2,2.38825674999953,3.10754808299953,1,3,3
11,3,2,3,1.30229579099978,1.75027162300012,1,3,2
11,3,3,3,1.50397638800041,1.81881212700046,1,3,2
11,3,2,3,2.71117408600003,3.44709036299992,1,3,2
11,2,2,4,1.24385376099963,1.55172629800018,1,3,3
11,3,3,4,1.45368144900021,1.76864218399987,1,3,2
11,3,3,4,1.6709096680006,2.00608657300018,1,3,2
11,2,4,4,1.34996427799979,1.66873141300039,1,3,3
11,2,2,3,1.15479197500008,1.46850280099989,1,3,3
11,2,2,2,1.17646022699955,1.54427716399914,1,3,3
11,4,3,2,2.78203871599999,3.10351727299985,1,1,NaN
11,3,3,3,1.18437219299994,1.50153071600016,1,1,NaN
11,2,2,3,1.12421518100018,1.43488091600011,1,1,NaN
11,3,3,4,1.75518852599998,2.17131208000046,1,1,NaN
11,3,3,4,1.28377039899988,1.60190892399987,1,1,NaN
11,2,2,2,1.09136647899959,1.4015894260001,1,1,NaN
11,3,3,3,1.22767996000039,1.53509532200042,1,1,NaN
11,1,1,2,1.98242078400017,2.38179385100011,1,1,NaN
11,3,3,4,1.80673882300016,2.25505513400003,1,1,NaN
11,1,1,3,1.84362858999975,2.18005554699994,1,1,NaN
11,4,1,2,6.25236255299933,6.68447377899975,1,1,NaN
11,1,1,2,1.72404159500002,2.03579181199984,1,1,NaN
11,3,3,3,1.83368496100047,2.15276288400037,1,1,NaN
11,1,1,3,2.03469292099999,2.35273565199986,1,1,NaN
11,3,3,3,1.52365074299996,1.83531917599976,1,1,NaN
11,2,2,3,1.21045901399975,1.51832385699981,1,1,NaN
11,3,2,2,1.0048880180002,1.93347205400005,1,1,NaN
11,1,1,1,1.15143759800048,1.79170479100048,1,1,NaN
11,2,2,3,1.38373186599983,1.70203242699972,1,1,NaN
11,1,1,3,1.33144615399942,1.89186534599958,1,1,NaN
11,4,2,3,0.663778572999945,1.06411264799954,1,1,NaN
11,2,3,2,2.60672488599994,2.91997521800022,1,1,NaN
11,4,4,1,1.20828005600015,1.65603634499985,1,1,NaN
11,3,3,4,1.3983518770001,1.71877419400062,1,1,NaN
11,4,2,3,1.5373332170002,1.88904488300068,1,1,NaN
11,1,3,2,0.997157570999661,1.31823246800013,1,1,NaN
11,2,1,1,0.500883140000042,1.28115851000075,1,1,NaN
11,1,2,2,0.500920562000829,0.846671043000242,1,1,NaN
11,3,2,3,2.7504227469999,3.10171163599989,1,1,NaN
11,3,2,3,0.848674469999423,1.16816804799964,1,1,NaN
11,1,2,2,0.484175027999299,0.801037301000179,1,1,NaN
11,3,3,3,2.65803941600007,3.02635369100062,1,1,NaN
11,2,2,2,1.11190577399975,1.43507009800032,1,1,NaN
11,1,1,2,1.82243584000025,2.14214776900008,1,1,NaN
11,3,3,3,0.936540953000076,1.3205492320003,1,1,NaN
11,1,1,3,1.88267544300015,2.55473858100049,1,3,4
11,1,2,3,1.36364271599996,1.69995090999964,1,3,4
11,1,1,3,1.11972909399992,1.47131764599999,1,3,4
11,4,4,3,1.01270149199991,1.49262159799946,1,3,1
11,4,1,2,1.00125242499962,1.41763188200002,1,3,1
11,1,1,3,1.29640172499967,1.79298974300036,1,3,4
11,4,4,4,1.40012212999954,1.71836102199995,1,3,1
11,1,1,1,1.55563413799973,1.86891703899983,1,3,4
11,4,4,3,1.11215468499995,1.43481487899953,1,3,1
11,1,1,2,1.35945980899942,1.66844569499972,1,3,4
11,4,4,3,1.18020784500004,1.50169340699995,1,3,1
11,4,1,2,1.48814872999992,2.20819437000046,1,3,1
11,4,4,3,1.15993535000052,1.46840336300011,1,3,1
11,4,4,3,1.35695332799969,1.67724335799994,1,3,1
11,4,4,3,1.01858937599991,1.33508776300005,1,3,1
11,1,1,2,2.0212097980002,2.33621112800029,1,3,4
11,4,1,2,1.38258821700038,1.70157057300003,1,3,1
11,4,4,2,1.18681915500019,1.50651324999944,1,3,1
11,4,1,3,1.36693846900016,1.68522972099981,1,3,1
11,1,1,3,1.33115691799958,1.68292911499975,1,3,4
11,4,1,2,2.49555540599977,2.94342988399967,1,3,1
11,4,4,3,0.968291201999818,1.28475465100018,1,3,1
11,1,1,2,1.1891200910004,1.50188320400048,1,3,4
11,4,1,3,1.51320277700052,1.83547682500011,1,3,1
11,4,4,3,1.18368857600035,1.50160008900002,1,3,1
11,1,2,2,1.21942028000012,1.53504823900039,1,3,4
11,1,1,2,1.07796136500019,1.43028650799988,1,3,4
11,1,3,1,1.29423136199966,2.12581159799993,1,3,4
11,1,2,1,0.82402794600057,1.13480726099988,1,3,4
11,1,2,1,0.715776877999815,1.33957337399988,1,3,4
11,1,2,1,0.885974638999869,1.2015498439996,1,3,4
11,1,1,1,1.65457662500012,1.968943889,1,3,4
11,1,1,2,1.31928930999948,1.63540273999934,1,3,4
11,1,1,3,3.52597056899958,4.40573838399996,1,3,4
11,4,4,3,1.21842966999975,1.61866621100035,1,3,1
11,1,1,2,1.24122310099938,1.55190428500009,1,2,2
11,4,1,2,1.51471912699981,1.83559082299962,1,2,1
11,4,4,3,1.13700256500033,1.45169066200015,1,2,1
11,2,2,3,1.22274164300052,1.53522118500041,1,2,1
11,1,3,1,1.03256803800014,2.1688815589996,1,2,2
11,4,1,1,1.26605719700001,1.58526535500005,1,2,1
11,3,3,3,1.50590338899929,1.81879415299954,1,2,4
11,4,1,3,1.32162280700049,1.63536372300041,1,2,1
11,1,1,3,1.39978964399961,2.10356250399946,1,2,3
11,3,3,4,1.97104929199941,2.37111626299975,1,2,4
11,1,1,3,1.84375922500021,2.59576224700049,1,2,2
11,4,2,4,1.81927457799975,2.20315436599958,1,2,2
11,2,1,3,1.45772932900036,1.84231426600036,1,2,1
11,2,2,2,1.32075110700043,1.72046340399993,1,2,3
11,3,3,3,1.65130167499956,2.05154010200022,1,2,2
11,2,2,4,1.1207926320003,1.47255589699944,1,2,4
11,4,4,4,1.81388607700046,2.16597396599991,1,2,2
11,1,2,3,2.54392345899942,3.40752173599958,1,2,2
11,2,2,3,1.25346397900012,1.568562896,1,2,3
11,1,1,3,1.27106496499982,1.59071403200051,1,2,2
11,2,2,3,1.28729527900032,1.60189042799993,1,2,4
11,3,3,1,1.60685529300008,2.27920666299997,1,2,1
11,1,1,1,1.37131718000001,1.68541435400039,1,2,2
11,3,4,3,1.32048717399994,1.63508113200078,1,2,4
11,3,3,2,2.23078597499989,2.99915272300041,1,2,4
11,4,1,2,1.42131177899955,1.75749369999994,1,2,1
11,2,2,3,2.29551743399952,2.63129338599992,1,2,4
11,1,4,4,1.32568356699994,1.98154444200009,1,2,4
11,3,3,2,2.6547939889997,3.32670217099985,1,2,4
11,4,2,3,1.95967813600055,2.28014713199991,1,2,2
11,3,3,3,1.72411975499926,2.09190587099965,1,2,4
11,1,1,4,1.62443855499987,2.66392370299945,1,2,4
11,3,3,3,1.54867207400002,1.99721152800066,1,2,2
11,4,2,3,1.27667650900003,1.66090785100005,1,2,2
11,2,2,4,1.51531032700041,1.88289619100033,1,2,4
11,4,2,3,1.23864462300025,1.55170249899948,1,3,2
11,4,2,3,1.44828324099944,1.76879617799932,1,3,2
11,2,2,4,1.05724978200033,1.36821264599985,1,3,4
11,4,4,3,1.6423893049996,1.95216718400025,1,3,2
11,4,2,2,0.859940150000511,1.16802058699977,1,3,2
11,2,2,1,1.29376347899961,2.54205361499953,1,3,4
11,2,2,3,1.25576076600009,1.56871832700017,1,3,4
11,4,4,4,1.32089925299988,1.63526117699985,1,3,2
11,2,2,1,2.15165162700032,2.64726994900047,1,3,4
11,2,2,4,1.30910821599991,1.64510779400007,1,3,4
11,4,4,4,1.25957147200006,1.56855914500011,1,3,2
11,4,4,3,1.99688731599963,2.33247944199957,1,3,2
11,2,2,2,1.29490600000008,1.64741297700039,1,3,4
11,2,2,4,1.24568587499925,1.56855455499954,1,3,4
11,4,2,4,1.29493226500017,1.61867272200016,1,3,2
11,4,4,3,1.18233861899989,1.56609246300013,1,3,2
11,2,2,2,0.992294954000499,1.30145740700027,1,3,4
11,2,2,3,1.16436380199957,1.48534945799929,1,3,4
11,2,2,4,1.02439915299965,1.42468547999943,1,3,4
11,2,2,4,1.09668477899959,1.4184394619997,1,3,4
11,2,2,4,1.19998120400032,1.51861508599995,1,3,4
11,2,2,2,1.09132753299946,1.40149622999979,1,3,4
11,2,2,3,0.811322432999987,1.13477709500057,1,3,4
11,2,2,3,0.878352069999892,1.20153963600023,1,3,4
11,2,2,3,0.734639705000518,1.05443132200071,1,3,4
11,4,2,3,0.613030390999484,0.934748390000095,1,3,2
11,4,4,3,1.32791269100017,1.85650892400008,1,3,2
11,4,4,3,0.934381091999967,1.25128470599975,1,3,2
11,2,2,4,0.820099421999657,1.15599411099993,1,3,4
11,4,4,1,1.73492170999998,2.27854767600002,1,3,2
11,2,2,3,0.954912752999917,1.26819987599993,1,3,4
11,2,2,2,1.20830621700043,1.72092754100049,1,3,4
11,4,2,2,0.883803613999589,1.20134352900004,1,3,2
11,4,2,3,0.964032535000115,1.39575952399991,1,3,2
11,4,4,2,1.37334351400023,2.20506875199953,1,3,2
11,4,1,2,2.10663992900027,2.44291284700012,1,1,NaN
11,2,3,3,1.33675078200031,1.6520561920006,1,1,NaN
11,3,3,4,0.933952469999895,1.27044037399992,1,1,NaN
11,2,2,2,1.36411289900025,1.81177257699983,1,1,NaN
11,3,2,3,1.21175849300016,1.53517427700081,1,1,NaN
11,1,1,3,1.61359408199951,1.93516615699991,1,1,NaN
11,1,1,3,1.67999638899983,2.00225103299999,1,1,NaN
11,2,2,2,1.59995414700006,2.12794610199944,1,1,NaN
11,2,2,1,1.19492317999993,1.51851089800039,1,1,NaN
11,3,3,2,1.13381519299946,1.45161842299967,1,1,NaN
11,2,2,3,1.38019234300009,2.08337703600046,1,1,NaN
11,2,2,3,1.28080851499999,1.60183455900005,1,1,NaN
11,4,3,4,1.23275895200004,1.55269933900036,1,1,NaN
11,2,2,3,1.18685802500022,1.50658915399981,1,1,NaN
11,2,2,2,1.38273804600067,2.10213220400055,1,1,NaN
11,2,2,4,1.20136345999981,1.55383732700011,1,1,NaN
11,2,2,4,1.02791861999958,2.65981661499973,1,1,NaN
11,3,3,2,1.75296072900073,2.06905879700025,1,1,NaN
11,3,2,2,1.4293223020004,1.75234122700022,1,1,NaN
11,3,2,3,1.231005224,1.56717098999979,1,1,NaN
11,4,1,4,1.63263450400063,2.2884953290004,1,1,NaN
11,4,4,3,1.38041285399959,1.87644311499935,1,1,NaN
11,3,3,2,1.43322194900065,1.8489424670006,1,1,NaN
11,3,3,3,1.18281949099946,1.51941500399971,1,1,NaN
11,1,3,2,1.13824427100008,1.57034308099992,1,1,NaN
11,2,2,2,0.99612650600011,1.36420897399967,1,1,NaN
11,3,3,3,2.70157929800007,3.02004452900019,1,1,NaN
11,4,4,3,1.44408707300045,1.76870492200032,1,1,NaN
11,1,1,2,2.22075275799943,2.58873970700006,1,1,NaN
11,3,1,1,3.49216850500034,4.19599200500033,1,1,NaN
11,1,2,1,1.33777253399967,1.68942330899972,1,1,NaN
11,3,3,2,2.47060485699967,3.11047733899977,1,1,NaN
11,1,1,3,2.28074921900043,2.82470617699983,1,1,NaN
11,3,2,2,1.71844105899982,2.05405772699942,1,1,NaN
11,3,3,3,2.21151745099996,3.47559405599986,1,1,NaN
11,2,2,2,1.42188866099968,2.09403662499972,1,2,1
11,2,2,3,1.49782936599968,1.88195881999945,1,2,4
11,2,2,4,1.64709987500009,2.09500313400076,1,2,3
11,1,1,4,2.47488033200079,2.89089262200014,1,2,4
11,2,2,4,1.49346874300045,1.81351717899997,1,2,3
11,2,1,2,1.99712352299957,2.63764067599914,1,2,1
11,2,2,3,1.23534119899978,1.87518783399992,1,2,1
11,1,3,4,1.70364379099919,2.01909925199925,1,2,3
11,1,4,1,1.97427001300002,2.34292178600026,1,2,4
11,1,1,1,1.96047932999954,2.26922547899994,1,2,4
11,2,2,3,1.37297237500024,1.68524658099977,1,2,1
11,1,1,1,1.20887423800013,1.51823756999966,1,2,4
11,1,1,3,1.5806550010002,2.44469537999976,1,2,3
11,3,3,3,2.34668456399959,2.68201581499943,1,2,4
11,3,3,4,1.15070045599987,1.55060415199932,1,2,1
11,3,3,4,0.816684473999885,1.13469304799946,1,2,2
11,4,1,1,3.36335829000018,3.68748157000027,1,2,1
11,4,4,2,1.56528459400033,1.9179202739997,1,2,1
11,1,1,3,1.34440637899934,1.66872565299946,1,2,2
11,1,1,3,1.22989798299932,1.55169110099996,1,2,2
11,1,1,4,1.21579851699971,1.53519897399929,1,2,4
11,3,3,4,1.33016180899995,1.68231851300061,1,2,2
11,4,4,3,1.35981885900037,1.77555014800055,1,2,3
11,1,1,2,1.33676653899965,1.65192735799974,1,2,4
11,2,2,3,1.27049391399942,1.62232276800023,1,2,1
11,3,3,3,1.47759068899995,1.8131182649995,1,2,4
11,4,4,2,1.98121603199979,2.63702224200006,1,2,2
11,4,4,1,1.71417338699939,2.11496236499988,1,2,1
11,3,3,1,1.98202410900012,2.5422084970005,1,2,2
11,1,3,1,2.74349538499973,3.23895244599953,1,2,4
11,2,2,3,1.3643810170006,1.68547363200014,1,2,4
11,4,4,4,1.72833959699983,2.08037363999938,1,2,2
11,3,2,3,1.45318050900005,1.80525748799937,1,2,2
11,1,2,1,3.5089674259998,4.05330351399971,1,2,4
11,1,2,1,1.15216707899981,2.46454567500041,1,2,4
12,4,4,3,1.65777456199976,1.96867104299963,1,3,3
12,4,3,2,1.67470691600101,1.98533589500039,1,3,3
12,4,4,2,2.34706476799875,2.87505889299973,1,3,3
12,4,4,1,1.89502740799981,4.83855513900016,1,3,3
12,3,3,3,1.44190756600074,2.17820563600071,1,3,4
12,4,3,3,2.25040962899948,2.92217040099968,1,3,3
12,4,3,1,2.35538836399974,2.88293594000061,1,3,3
12,3,3,4,1.39092804099892,1.701721034,1,3,4
12,4,3,2,1.93040007299896,2.33002292199853,1,3,3
12,3,3,3,1.24519318000057,1.74089223299961,1,3,4
12,4,3,3,1.65461495999989,2.51844684699972,1,3,3
12,3,3,4,1.37772632199994,1.90575912299937,1,3,4
12,4,4,1,1.66893603700009,1.98550645400064,1,3,3
12,4,4,1,1.36516365599891,1.685373712,1,3,3
12,3,3,3,1.34581096399961,1.74587696599883,1,3,4
12,4,3,2,1.6277625950006,2.52432353400036,1,3,3
12,3,3,3,2.3262113339988,3.09387873199921,1,3,4
12,3,3,3,1.09710731400082,1.48152483300146,1,3,4
12,4,3,1,1.71069303399963,2.07853771499867,1,3,3
12,4,3,2,1.9314063769998,2.42754044399953,1,3,3
12,3,3,4,1.28872411799966,1.65667731200119,1,3,4
12,3,3,4,0.806247411001095,1.19071532400085,1,3,4
12,3,3,4,0.79161718299838,1.20795200099928,1,3,4
12,3,3,4,0.872014766000575,1.22390234600061,1,3,4
12,4,3,2,2.00764197699937,2.55153555099969,1,3,3
12,3,3,4,1.02454767200106,1.5843526890003,1,3,4
12,4,4,2,1.74553323200053,2.6252673859999,1,3,3
12,4,3,1,1.55950165200011,1.8686449020006,1,3,3
12,4,3,1,3.06733530299971,3.40288166800019,1,3,3
12,3,3,4,1.29731339800128,1.77736121000089,1,3,4
12,4,3,4,1.49815597400084,1.83393801400052,1,3,3
12,3,3,3,1.20110823300092,1.5688980290015,1,3,4
12,4,3,3,0.89683395999964,1.87324638499922,1,3,3
12,3,3,3,1.23815618300068,1.55168061100085,1,3,4
12,4,3,2,1.81618469299974,2.1357659130008,1,3,3
12,3,3,3,1.44854579800085,1.8649865970001,1,1,NaN
12,3,3,4,0.974605981999048,1.4705614680006,1,1,NaN
12,4,4,2,1.52344260800055,2.19616288100042,1,1,NaN
12,2,2,2,2.01191633600138,2.44404896900051,1,1,NaN
12,2,2,2,1.57779222700083,2.53742873200099,1,1,NaN
12,2,2,2,1.58667508200051,2.11495071999889,1,1,NaN
12,1,1,1,1.74190016200009,2.31851967900002,1,1,NaN
12,1,2,1,3.44093556000007,3.75411495700064,1,1,NaN
12,4,3,2,1.43183291999958,1.91203129699898,1,1,NaN
12,3,3,4,1.22747376599909,2.01146877700012,1,1,NaN
12,4,4,1,2.61920035399999,3.01895658899957,1,1,NaN
12,3,3,3,1.31254579599954,2.09665764000056,1,1,NaN
12,2,2,3,1.59717046199876,1.9190073310001,1,1,NaN
12,2,2,3,1.18358192899905,1.80740967899874,1,1,NaN
12,1,1,1,3.11135874399952,3.44715211699986,1,1,NaN
12,1,3,1,1.51558163799928,1.94845734299997,1,1,NaN
12,1,1,3,1.66266003899909,2.14213725699847,1,1,NaN
12,2,2,1,1.3684078339993,1.89625440499913,1,1,NaN
12,4,2,2,1.51627885600101,2.20483506000164,1,1,NaN
12,4,4,2,1.61921525700018,2.09998714199901,1,1,NaN
12,4,4,2,1.71001729700038,2.09403411700077,1,1,NaN
12,1,1,1,1.46572242199909,1.85000007300005,1,1,NaN
12,1,3,2,1.34429691700097,1.84016677900036,1,1,NaN
12,4,3,2,1.54201128899876,2.24615931199878,1,1,NaN
12,1,1,1,1.53228800999932,1.99606502700044,1,1,NaN
12,3,3,2,1.42055863799942,1.83610738399875,1,1,NaN
12,4,2,2,1.61811432699869,2.08239216999937,1,1,NaN
12,1,1,2,2.03143941500093,2.59141953200015,1,1,NaN
12,3,3,3,1.31850695199864,1.63456755199877,1,1,NaN
12,2,2,3,1.42949442000099,1.75198331399952,1,1,NaN
12,2,2,3,1.24698210600036,1.56850531000055,1,1,NaN
12,3,3,4,1.16819414100064,1.48495564500081,1,1,NaN
12,4,3,1,1.70111234200158,2.148880783001,1,1,NaN
12,4,3,1,1.39124325600096,1.77453756199975,1,1,NaN
12,1,3,2,1.5116134939999,1.83541098499882,1,1,NaN
12,4,4,2,2.46898711799986,4.26046094699996,1,2,1
12,3,3,4,1.7197155319991,2.39206255499994,1,2,2
12,3,3,4,1.71935137100081,2.03579012500086,1,2,4
12,1,3,2,2.40527606999967,3.20539090099919,1,2,3
12,3,2,2,2.30813675399986,2.62822605600013,1,2,2
12,1,4,1,3.81851770399953,5.13025227700018,1,2,4
12,3,3,3,2.40915160199984,2.87251871199987,1,2,1
12,1,3,3,1.25321560800148,2.90093543600051,1,2,4
12,3,3,4,2.3026581360009,2.70241821899981,1,2,1
12,1,2,1,2.01721293800074,2.44970828199985,1,2,2
12,4,3,1,2.03094927299935,2.41481810799996,1,2,3
12,1,2,2,2.75022541199905,3.29388945299979,1,2,2
12,3,3,3,2.32870762300081,2.8567398410014,1,2,2
12,4,4,2,2.1651091420008,2.8853478889996,1,2,3
12,4,4,2,2.65669610399891,3.80880725599854,1,2,2
12,1,3,4,2.00587286100017,2.94966428299995,1,2,3
12,4,3,1,2.87944305400015,3.20374202399944,1,2,3
12,1,2,3,2.70063294399915,3.58115666399863,1,2,2
12,3,3,4,1.72445146500104,2.30032211400066,1,2,1
12,1,1,1,2.76701141900048,3.19934454299982,1,2,2
12,3,3,2,1.83821473699936,2.68653785999959,1,2,1
12,3,3,3,1.69706712700099,6.20913402000042,1,2,1
12,1,1,1,2.65990780200082,3.18806204400062,1,2,4
12,4,4,2,2.56299581100029,3.23508234700057,1,2,1
12,4,4,2,1.93497089599987,2.25503490100164,1,2,1
12,3,3,3,1.84454576999997,2.96422314300071,1,2,2
12,3,3,4,2.44314382199991,2.76969705500051,1,2,1
12,3,3,3,2.17120514899943,2.69944503799888,1,2,4
12,4,4,1,2.03091372800009,2.78314927700012,1,2,1
12,2,2,3,1.79023792199951,2.47823727800096,1,2,4
12,1,2,1,3.51458123299926,3.83770265500061,1,2,2
12,4,4,3,2.83053586300048,3.85504760300137,1,2,3
12,1,4,3,1.77756325799965,2.65787858600015,1,2,4
12,3,3,4,1.95814595200136,2.56643902700125,1,2,4
12,4,4,3,1.88689399899886,2.687071250999,1,2,2
12,4,3,2,2.21927846799917,3.27553403599995,1,2,3
12,3,3,4,1.86244956400151,2.58220730000176,1,2,2
12,2,2,4,1.66227383799924,2.47899172199868,1,2,3
12,3,3,4,1.54654915600076,1.89905813400037,1,2,4
12,4,4,2,2.60755426200012,3.10348233900004,1,2,1
12,2,2,3,1.72957184099869,2.16091584700007,1,2,4
12,4,4,1,2.39436029900025,2.79416267399938,1,2,1
12,4,4,2,2.60169275800035,3.20885148100024,1,2,2
12,4,4,1,3.5600155989996,5.36845423799969,1,2,3
12,1,4,1,2.63815426399924,2.95352699099931,1,2,4
12,3,3,2,2.95019345199944,3.38241580199974,1,2,2
12,2,3,2,1.19761239400032,1.51856139600022,1,2,3
12,3,3,2,2.84852955399947,3.17024683599993,1,2,1
12,3,2,2,2.30458190100035,2.62449322300017,1,2,2
12,3,3,3,1.573953359999,1.8939342270005,1,2,2
12,2,2,2,1.64289924599871,2.17069383999842,1,2,1
12,3,3,3,1.47513364699989,1.7852285429999,1,2,1
12,2,2,3,2.2192150030005,2.63575779300118,1,2,1
12,2,2,1,2.72015239600114,3.03678665900043,1,2,3
12,2,2,4,2.00473595299991,2.31919266399927,1,2,1
12,4,4,2,2.48663235999993,2.8071032429998,1,2,2
12,3,3,3,2.2130538270012,2.58061784300116,1,2,1
12,1,1,3,1.91731600800085,2.62194682700101,1,2,4
12,4,3,2,2.30801388100008,2.99595247800062,1,2,3
12,2,2,4,1.72297297100158,2.12326023200148,1,2,1
12,1,1,4,1.74951865299954,2.06905472799917,1,2,2
12,2,2,4,2.14658359400164,2.46953245600162,1,2,4
12,4,4,1,2.91001700800007,3.31002211099985,1,2,3
12,2,2,3,1.86365652600034,2.18545371000073,1,2,1
12,2,2,3,1.58408111500103,1.90215277500101,1,2,1
12,2,2,3,1.86009201900015,2.27613190800002,1,2,1
12,1,3,1,3.17655294799988,3.48732794600073,1,2,3
12,4,2,1,4.18659693500013,5.62716967000051,1,2,2
12,2,2,3,1.54190016999928,2.02148000700072,1,2,1
12,2,2,3,1.71645830700072,2.19646268399993,1,2,4
12,2,2,4,1.58742463800081,2.00348036500145,1,3,4
12,4,2,4,1.23430356400058,2.11462349999965,1,3,2
12,2,2,4,1.10206518700033,1.69364739900084,1,3,4
12,2,2,2,1.6583531239994,2.010412833999,1,3,4
12,2,2,3,0.904923697999038,1.21749749799892,1,3,4
12,2,2,4,0.98574675800046,1.30153759400127,1,3,4
12,4,4,1,1.57350155300082,2.18187813900113,1,3,2
12,2,2,3,1.21420219600077,1.74213969000084,1,3,4
12,4,4,3,1.65693845500027,2.68033024000033,1,3,2
12,2,2,4,1.05311299999994,1.46857275599905,1,3,4
12,2,2,4,0.850234049999926,1.16809949500021,1,3,4
12,4,4,1,3.02775103800013,3.35376752299999,1,3,2
12,4,2,1,1.58002834400031,2.53978675600047,1,3,2
12,2,2,3,0.901045436001368,1.39694605499972,1,3,4
12,4,4,4,1.7263026640012,2.4459903700008,1,3,2
12,4,4,1,2.2199012229994,2.71604820500033,1,3,2
12,4,4,2,1.50226822600052,1.93460145300014,1,3,2
12,4,4,2,1.40819629299949,2.09663082599945,1,3,2
12,2,2,3,0.988915867999822,1.30847744399944,1,3,4
12,4,4,1,1.27278388800005,1.59264053100014,1,3,2
12,2,2,3,1.3058802100004,2.16924415300127,1,3,4
12,2,2,3,0.88186828400103,1.201536554001,1,3,4
12,4,4,3,0.929606047000561,1.42592608500127,1,3,2
12,2,2,3,0.776634300000296,1.14404090000062,1,3,4
12,2,2,3,0.93983338200087,1.5799979020012,1,3,4
12,2,2,3,0.717404979001003,1.03462577600112,1,3,4
12,4,4,3,1.15630211299867,2.11612428599983,1,3,2
12,2,2,3,0.928278203999071,1.45606439699986,1,3,4
12,2,2,3,0.757967413999722,1.31760799499898,1,3,4
12,4,4,2,1.50556827000037,1.98590209500071,1,3,2
12,4,4,3,1.10532585500005,1.88922448000085,1,3,2
12,2,2,3,0.790163071000279,1.7180028799994,1,3,4
12,4,4,2,1.28019380600017,1.64754014699975,1,3,2
12,4,4,1,1.7114087359987,2.78367601799982,1,3,2
12,4,4,1,1.18309970500013,1.58335113500107,1,3,2
12,3,4,2,1.47893227399982,2.64629020900065,1,1,NaN
12,2,2,3,1.70872052199957,2.36466606899921,1,1,NaN
12,2,2,2,1.45356720299969,1.90154438999889,1,1,NaN
12,4,3,3,1.21678773699932,1.53648967899971,1,1,NaN
12,2,2,2,1.41116206399965,1.79528376599956,1,1,NaN
12,1,1,3,1.42033211300077,1.86801121999997,1,1,NaN
12,3,2,1,3.61686531400119,4.09663900499982,1,1,NaN
12,1,3,3,2.36254581699905,3.09886980999909,1,1,NaN
12,1,3,2,1.70957143399937,2.07759100599833,1,1,NaN
12,2,2,3,1.3700355889996,1.81731746199875,1,1,NaN
12,1,1,3,1.26503870399938,1.76128960700044,1,1,NaN
12,4,3,2,1.17935794500045,1.77096947700011,1,1,NaN
12,2,2,1,1.87541591899935,2.35484180599997,1,1,NaN
12,1,1,1,2.50067859299998,2.81976969099924,1,1,NaN
12,2,2,3,1.24975009799891,1.73040570800003,1,1,NaN
12,4,4,2,1.64565717699952,2.38144629699855,1,1,NaN
12,1,1,1,1.22992281500046,1.67733262699949,1,1,NaN
12,4,4,3,1.56327949499973,2.02708354499919,1,1,NaN
12,1,3,1,4.74485208899932,6.13731815400024,1,1,NaN
12,3,3,3,1.21563625999988,1.53611559399906,1,1,NaN
12,4,4,3,1.49044762999984,1.89053758199952,1,1,NaN
12,3,3,3,1.35102233799989,1.66873298500104,1,1,NaN
12,1,1,4,1.25207185200088,1.87545832900105,1,1,NaN
12,2,2,4,1.67260441500002,1.98536075400079,1,1,NaN
12,4,4,1,1.67289837600038,1.99248477000037,1,1,NaN
12,4,3,2,1.22557015300117,1.84881186000166,1,1,NaN
12,1,3,2,1.7590833510003,2.31920947100116,1,1,NaN
12,1,1,3,1.50553954200041,2.54628950900042,1,1,NaN
12,1,2,1,2.05983382399972,2.38611927699822,1,1,NaN
12,3,3,3,1.29129982999984,1.85114686099951,1,1,NaN
12,4,4,1,2.20875104900006,2.51950172000033,1,1,NaN
12,4,3,1,3.22681087899946,3.88283779700032,1,1,NaN
12,2,2,2,1.42125956500058,1.73532377400079,1,1,NaN
12,2,2,2,1.56002946900117,1.91199853600119,1,1,NaN
12,2,2,2,1.38771882200126,1.70208486900083,1,1,NaN
12,1,1,2,2.55202002400074,3.49587938399964,1,2,3
12,4,3,3,2.13861732100122,2.77853612800027,1,2,3
12,3,3,4,1.81817400700129,2.57037345200115,1,2,2
12,4,2,3,2.33906907199889,3.15498604599998,1,2,2
12,3,3,1,3.18731937699886,3.84307369299859,1,2,2
12,4,4,3,2.88723645800019,3.84716187900085,1,2,1
12,4,4,3,1.85089713699927,2.31551346299966,1,2,1
12,3,3,4,1.75884749200122,2.06907786300144,1,2,1
12,4,4,4,2.12273247400117,2.74705024600007,1,2,1
12,2,2,2,8.54043907300002,8.92404884000098,1,2,1
12,2,2,4,1.71149511300064,2.03683006200117,1,2,4
12,4,4,1,2.30064411900094,2.70108523999988,1,2,2
12,4,4,3,1.90284017600061,2.75121521000074,1,2,3
12,2,2,3,2.47973572199953,2.99201185499987,1,2,1
12,3,3,4,1.73417899500055,2.05236093699932,1,2,1
12,1,1,4,1.70034753999971,2.05195631900096,1,2,4
12,4,1,1,2.68936664499961,3.12131343699912,1,2,1
12,3,3,3,1.69905593300064,2.08260238300136,1,2,2
12,1,1,3,1.96787155600032,3.16712972300047,1,2,4
12,3,3,3,1.95166083199911,2.57598861199949,1,2,1
12,2,2,4,1.51187292600116,1.8355258190004,1,2,4
12,4,4,2,2.44645924299948,3.32627095200041,1,2,1
12,1,1,3,1.65562847599904,2.13570597099897,1,2,2
12,2,2,3,1.69754063400069,2.01891218000128,1,2,1
12,3,3,1,2.99254123599894,3.61672663900026,1,2,4
12,4,4,1,2.33374985900082,2.70194069600075,1,2,1
12,4,4,1,2.86381507199985,4.99194005400022,1,2,3
12,2,2,2,1.4287414950013,2.42057875700084,1,2,3
12,2,2,4,1.29884468399905,1.68319994800004,1,2,4
12,3,3,4,1.68001009799991,2.00223807299881,1,2,1
12,4,4,2,1.90274179600056,2.31899362500008,1,2,1
12,3,3,4,1.85786121199999,2.16909252500045,1,2,1
12,1,1,2,2.12138784799936,3.1449860699995,1,2,3
12,1,1,2,1.8664788799997,2.26614164899911,1,2,3
12,2,2,2,1.50388669600034,2.33531803400001,1,2,1
12,3,1,1,7.76687915299954,8.2466193550008,1,1,NaN
12,1,2,2,1.78136912400078,2.19800865100115,1,1,NaN
12,3,3,2,1.67815169599999,2.01393973599988,1,1,NaN
12,2,2,3,1.62963055,1.95224889999918,1,1,NaN
12,2,2,3,1.32587996099937,1.65201012799844,1,1,NaN
12,3,3,3,1.51548487299988,1.83521493999979,1,1,NaN
12,2,2,4,1.47455153199917,1.85787215299933,1,1,NaN
12,2,2,4,1.2877092939998,1.6233951610011,1,1,NaN
12,1,1,4,1.15898365500107,1.49458453199986,1,1,NaN
12,3,3,4,1.37171891100115,1.68568558799961,1,1,NaN
12,3,3,4,1.24034658499841,1.55162901999938,1,1,NaN
12,2,2,4,1.19416262199957,1.56179001000055,1,1,NaN
12,3,3,4,1.46817676300088,1.78536965400053,1,1,NaN
12,1,2,2,1.42856603399923,1.84435649000079,1,1,NaN
12,3,3,3,1.29084200899888,1.61029596399931,1,1,NaN
12,4,2,1,2.12243743399995,2.52221841800019,1,1,NaN
12,4,2,2,1.79670463600087,2.11878620000061,1,1,NaN
12,1,2,2,1.91892498999914,2.25531119799962,1,1,NaN
12,1,3,3,1.34885946000031,1.68458353200003,1,1,NaN
12,3,3,3,1.52069649799887,1.85732125699906,1,1,NaN
12,2,2,3,1.430833497001,1.76629267899989,1,1,NaN
12,2,3,2,1.32889006599908,1.65202819799924,1,1,NaN
12,2,2,3,1.67806355799985,2.0027591270009,1,1,NaN
12,4,4,2,1.56546703499953,1.88546943799884,1,1,NaN
12,2,2,3,1.23417358000006,1.55172605500047,1,1,NaN
12,4,2,2,1.20353368299948,1.58820745899902,1,1,NaN
12,3,3,3,1.10876122300033,1.43507604000115,1,1,NaN
12,2,2,1,1.75520768600109,2.17183192700031,1,1,NaN
12,4,4,1,1.76363435799976,2.08582015499996,1,1,NaN
12,4,4,1,2.28793817400037,2.60302494799907,1,1,NaN
12,2,2,2,1.25478918500085,1.56851260599979,1,1,NaN
12,1,1,1,1.71944292699845,2.03574471999855,1,1,NaN
12,4,3,1,1.42948985600015,1.97273448499982,1,1,NaN
12,4,4,1,1.33446137499959,1.65198326400059,1,1,NaN
12,2,2,1,2.89989602199967,3.74804840700017,1,1,NaN
12,4,1,1,15.6343351849991,17.3631105629993,1,3,1
12,1,4,1,2.25214962700011,2.57255187400006,1,3,4
12,1,4,1,2.11530118299925,3.18733313499979,1,3,4
12,1,4,1,1.63435736700012,1.95218029900025,1,3,4
12,1,4,2,1.44370787600019,2.803759679,1,3,4
12,4,4,2,1.41061683599946,1.71860511799969,1,3,1
12,1,1,4,1.8535689349992,2.44546186699881,1,3,4
12,1,1,4,1.25924799899985,1.56855267699939,1,3,4
12,4,1,1,1.58034295899961,2.28476906399919,1,3,1
12,4,1,1,2.46463229499932,2.78649436900014,1,3,1
12,1,1,4,0.991348490000746,2.20780322800056,1,3,4
12,4,4,3,2.1348675549998,2.50313685399851,1,3,1
12,1,1,4,1.24986423300106,1.64925998400031,1,3,4
12,1,4,1,3.85602615800053,4.51254481499927,1,3,4
12,1,1,1,1.59270159399966,2.10453683999913,1,3,4
12,1,1,1,1.34855361200061,1.6685789710009,1,3,4
12,1,1,4,0.881422803999158,1.92159465799887,1,3,4
12,1,1,3,0.96394336099911,1.30018381799891,1,3,4
12,1,2,2,2.49613514099838,3.00873815699924,1,3,4
12,4,4,1,3.03060740399997,3.43090681799913,1,3,1
12,4,4,3,2.23610173499947,2.62003537599958,1,3,1
12,1,1,3,1.05823745899943,1.4580715280008,1,3,4
12,4,1,2,1.3839373539995,1.70370128899958,1,3,1
12,1,1,2,1.33212936699965,1.65175795899995,1,3,4
12,1,1,3,1.96927991000121,2.36984943500102,1,3,4
12,4,1,1,1.55379591900055,2.1616823380009,1,3,1
12,4,1,1,1.51519078700039,1.8994051690006,1,3,1
12,1,1,1,1.1516541609999,1.46817953400023,1,3,4
12,4,4,3,2.10079212399978,2.99709086199982,1,3,1
12,1,1,3,1.0197996270017,1.74010409500079,1,3,4
12,4,4,3,1.83040105800137,2.29456573100106,1,3,1
12,4,1,2,1.35452216299927,2.76204233700082,1,3,1
12,1,1,4,1.12914837800054,1.62564080399898,1,3,4
12,4,4,3,1.81718947300033,2.37673747299959,1,3,1
12,4,4,3,0.95319381400077,1.38546475899966,1,3,1
12,1,1,3,1.13863244200002,1.82625565699891,1,3,2
12,2,2,3,1.6575472659988,2.02551093699913,1,3,1
12,1,1,2,2.6323332360007,3.06391059900125,1,3,2
12,1,1,4,1.29282441199939,1.61245406099988,1,3,2
12,2,2,3,1.18028627800049,1.50157499700072,1,3,1
12,2,2,3,1.26429050300067,1.60051994900095,1,3,1
12,2,2,4,1.05641282900069,1.42441426900041,1,3,1
12,2,2,4,0.775236213001335,1.08508072100085,1,3,1
12,1,1,2,1.05290360599975,1.70839590200012,1,3,2
12,1,1,2,1.00064499399923,1.33651110199935,1,3,2
12,1,1,3,0.643500906999179,1.13950822100014,1,3,2
12,1,1,3,0.710479438999755,1.36684807900019,1,3,2
12,2,2,2,1.44017953600087,1.82366583600015,1,3,1
12,1,1,3,0.807294745000036,1.27115642599892,1,3,2
12,1,1,3,0.6924392180008,1.04433085100027,1,3,2
12,2,2,3,1.38753056399946,1.90015923899955,1,3,1
12,2,2,1,1.02304640200055,2.27131019899934,1,3,1
12,2,2,3,0.867627931998868,1.18472287099939,1,3,1
12,2,2,3,0.740501934998974,1.05172705399855,1,3,1
12,1,1,1,1.06739233199914,1.81952169400029,1,3,2
12,2,2,3,0.85053786699973,1.49046269799874,1,3,1
12,2,2,4,1.0622220059995,1.38444563099983,1,3,1
12,1,2,4,0.927263118001065,1.25197363100051,1,3,2
12,1,1,2,1.07012989699979,1.48602833400037,1,3,2
12,1,1,2,0.85094213299999,2.0187943410001,1,3,2
12,1,1,2,0.833098626999345,1.1513293249991,1,3,2
12,1,1,1,0.723414594000133,1.0759246409998,1,3,2
12,1,1,3,1.1457709389997,1.46848816199963,1,3,2
12,1,1,4,0.815281687000606,1.13474662999943,1,3,2
12,2,2,4,0.850060804999885,1.37853804400038,1,3,1
12,2,2,1,1.21200903899989,2.10730836699986,1,3,1
12,2,2,4,0.807128030000968,1.11800662899986,1,3,1
12,1,1,4,0.77902319200075,1.22683447700001,1,3,2
12,2,2,4,0.778580095000507,1.101399571,1,3,1
12,2,2,2,0.862640807999924,1.67913045800015,1,3,1
12,1,1,3,2.01871454100001,2.78686371000003,1,2,4
12,2,2,3,1.50576123199971,1.8186725430005,1,2,4
12,1,1,4,1.12883891899946,1.45162029200037,1,2,4
12,2,2,4,1.47078533300009,1.78579577100027,1,2,4
12,4,1,1,2.11948259700148,4.19887982600085,1,2,2
12,2,2,3,1.42082422699968,1.75663189899933,1,2,1
12,2,2,4,0.902361586000552,1.21822346599947,1,2,1
12,4,4,4,2.08619815400016,3.03076575900013,1,2,1
12,2,2,4,1.70820611699855,2.01912830399851,1,2,1
12,3,3,4,1.89878088800106,2.21931172800032,1,2,1
12,3,3,4,1.50537697900108,1.81851192200156,1,2,1
12,2,2,3,2.10462598500089,2.71231498500129,1,2,1
12,2,2,4,1.56283435600017,2.23530601800121,1,2,1
12,3,4,2,2.49653485700037,3.53639446099987,1,2,4
12,3,3,1,3.74566129799859,4.07131740699879,1,2,1
12,4,1,4,1.53184550199876,1.91592687299999,1,2,1
12,2,2,4,1.47184225899946,1.78548312800012,1,2,3
12,3,3,4,2.29548009099926,2.61953135600015,1,2,4
12,3,3,4,2.41388454200023,2.73637230299937,1,2,1
12,4,4,1,2.9913137780004,4.19080371100063,1,2,1
12,2,2,3,2.1489108450005,2.46942633800063,1,2,1
12,3,3,3,1.56878631399923,1.88547206099975,1,2,1
12,4,4,4,1.60528924000027,2.08527339000102,1,2,2
12,4,2,1,1.76169406400004,2.28913019300126,1,2,2
12,4,4,3,1.8453349650008,2.42118830500112,1,2,2
12,3,3,4,1.76369387799969,2.08568495100008,1,2,4
12,2,2,1,2.04790625100031,2.36942560200077,1,2,1
12,1,1,4,1.21546810399923,1.53514076600004,1,2,4
12,4,4,4,1.6342515489996,1.98602176200075,1,2,1
12,4,4,3,1.74614715200005,2.13066507199983,1,2,1
12,1,1,4,1.30934403700121,1.63534024900036,1,2,4
12,1,1,4,0.85992833400087,1.18480290499974,1,2,2
12,2,2,1,2.68450256600045,3.00335268500021,1,2,1
12,3,3,1,3.17123823600014,3.57099360699976,1,2,4
12,4,4,1,1.8584492129994,2.67436903699854,1,2,1
12,1,2,3,1.80043547599962,2.42450045800069,1,1,NaN
12,1,1,2,1.30286635899938,1.84773364200009,1,1,NaN
12,1,1,1,1.43782217999978,1.86951465399943,1,1,NaN
12,2,2,3,0.898876272000052,1.53871094399983,1,1,NaN
12,4,2,3,0.805138075998912,1.11776576899865,1,1,NaN
12,3,3,4,1.48086671599958,1.80202619500051,1,1,NaN
12,4,4,1,1.55293632599933,1.95236067599944,1,1,NaN
12,1,3,3,1.3621772660008,1.80998592000105,1,1,NaN
12,4,4,4,1.22622811400106,1.56198101500013,1,1,NaN
12,2,2,4,1.06727323999985,1.38503388599929,1,1,NaN
12,3,3,1,1.60455772500063,1.92439935400034,1,1,NaN
12,4,4,4,1.20723179199922,1.51833615299984,1,1,NaN
12,2,2,4,1.0509199700009,1.38641701100096,1,1,NaN
12,4,4,3,1.26721814899975,1.58518168999944,1,1,NaN
12,2,2,3,1.02843066499918,1.37976990299831,1,1,NaN
12,2,2,3,1.11759989700113,1.43504178900002,1,1,NaN
12,4,4,2,1.42870217900054,2.100419254999,1,1,NaN
12,1,1,1,3.64750613899923,4.99125073899995,1,1,NaN
12,3,3,2,1.36469790299998,1.70056018200012,1,1,NaN
12,2,4,1,2.35206053900038,2.66954520800027,1,1,NaN
12,3,3,3,1.21992370299995,1.71643794899865,1,1,NaN
12,1,3,2,1.71058020899909,2.03567053900042,1,1,NaN
12,1,1,1,1.29306091199942,1.69273121199876,1,1,NaN
12,4,4,1,1.36923088500043,1.68550684000002,1,1,NaN
12,2,2,3,1.47725186499883,1.83009838699945,1,1,NaN
12,4,4,4,1.26034144199912,1.58528631599984,1,1,NaN
12,3,3,3,1.26102685899968,1.64532453299944,1,1,NaN
12,4,4,1,1.48369965999882,2.06009395299952,1,1,NaN
12,4,2,1,1.70455921400026,2.04037590500047,1,1,NaN
12,2,2,3,0.934498591999727,1.25084962800065,1,1,NaN
12,2,4,1,1.58975601299971,2.96557298100015,1,1,NaN
12,1,3,1,1.22969600600118,1.55196519600031,1,1,NaN
12,3,3,3,0.719816142998752,1.03459425999972,1,1,NaN
12,3,3,3,0.647311566999633,3.65490251099982,1,1,NaN
12,2,2,3,1.47438036099993,1.84222903799855,1,1,NaN
12,2,2,3,1.74616813900138,2.06904207400112,1,1,NaN
12,2,2,3,0.847130648999155,1.16803844700007,1,1,NaN
12,4,4,1,1.20042144500076,1.51844080800038,1,1,NaN
12,4,3,3,1.65166424199924,2.00432357299906,1,1,NaN
12,1,3,3,1.71523781399992,3.09165836399916,1,1,NaN
12,2,2,3,1.57425003299977,1.9427089109995,1,1,NaN
12,3,3,3,1.08095148200118,1.44913208199978,1,1,NaN
12,3,3,3,1.27988203400128,1.60192324700074,1,1,NaN
12,4,4,3,1.27964453400091,1.63132741400113,1,1,NaN
12,2,2,3,1.53423117300008,1.98231723099889,1,1,NaN
12,3,3,2,1.31180241199945,1.69553370899848,1,1,NaN
12,1,4,1,1.72357123599977,2.2835291070005,1,1,NaN
12,3,3,3,1.26363629499974,1.6151837439993,1,1,NaN
12,2,2,3,1.42338853399997,1.73538745199949,1,1,NaN
12,3,3,3,1.30537859699871,1.61846212099954,1,1,NaN
12,3,3,3,1.1124815760013,1.43489663000037,1,1,NaN
12,4,4,1,2.86326779099909,3.2147149400007,1,1,NaN
12,2,2,2,1.70900304400129,2.06158596299974,1,1,NaN
12,3,3,3,1.11472124600004,1.45112928299932,1,1,NaN
12,2,3,2,1.53699313199832,1.85240675899877,1,1,NaN
12,3,3,4,1.04566159299975,1.4131483050005,1,1,NaN
12,3,3,4,0.702255484999114,1.01798888899975,1,1,NaN
12,1,4,1,4.90169396200145,5.22249190600087,1,1,NaN
12,3,3,3,1.16913838399887,1.56884866899964,1,1,NaN
12,1,3,3,1.12224286899982,1.43482409300123,1,1,NaN
12,4,4,1,1.20893470599913,1.53507812499993,1,1,NaN
12,4,4,2,1.37113492499884,1.68507804000001,1,1,NaN
12,3,3,3,1.09477488700031,1.41823305600155,1,1,NaN
12,2,2,3,1.24677399500069,1.79067850899992,1,1,NaN
12,4,3,2,1.25521905000096,1.62312275300064,1,1,NaN
12,1,4,2,1.38267615599943,1.70216304899986,1,1,NaN
12,4,4,1,1.34596964999946,2.54583638599979,1,1,NaN
12,1,4,1,1.69177744900117,2.01879056100006,1,1,NaN
12,2,3,1,1.946160735999,2.36232428000039,1,1,NaN
12,1,3,3,1.27561345699905,1.9157353039991,1,1,NaN
12,3,3,4,1.87726213600035,2.20264370400037,1,2,2
12,3,3,4,1.72456085799968,2.03557716500109,1,2,1
12,1,4,1,2.84302677699998,3.15355669099881,1,2,4
12,3,3,3,1.70742044399958,2.01886106100028,1,2,1
12,3,3,3,2.29737726100029,3.28909697800009,1,2,2
12,4,3,2,2.06780651000008,2.85150275399974,1,2,3
12,2,2,2,2.62421512800029,3.45605798900033,1,2,4
12,1,3,3,2.38834469899848,2.73985262199858,1,2,3
12,3,2,2,1.71762717099955,2.06943925399901,1,2,2
12,4,3,3,1.71384936899994,2.03625961800026,1,2,3
12,4,3,4,1.47215957499975,1.80879805099903,1,2,3
12,4,4,4,1.56039205900015,2.00827742300135,1,2,2
12,3,4,1,2.3432944920005,3.19170255000063,1,2,4
12,3,3,4,1.78233727999941,2.32649046900042,1,2,1
12,1,2,3,2.1208105959995,2.4567069929999,1,2,2
12,2,2,2,1.76558381399991,2.18212268500065,1,2,3
12,1,3,3,1.85438141300074,2.1748325690005,1,2,3
12,2,2,3,1.68733883800087,2.03932462100056,1,2,1
12,1,3,3,1.58904519899988,1.90218449199892,1,2,3
12,1,4,1,1.7686565619988,2.16871293599979,1,2,4
12,3,3,4,1.68170214100064,2.00243904100171,1,2,4
12,1,3,1,2.6245434299999,2.93646516199988,1,2,3
12,2,3,2,1.81714329499846,3.27330078999876,1,2,1
12,4,4,3,1.85971526600042,2.96347271400009,1,2,1
12,4,4,3,1.61320814999999,1.93556075299966,1,2,3
12,1,1,4,1.71061998999903,2.03573915800007,1,2,4
12,3,3,4,1.48527155000011,1.94907058699937,1,2,4
12,4,4,4,1.40712413700021,1.98326687100052,1,2,3
12,1,4,1,2.23889160100043,2.60763869000039,1,2,4
12,4,4,4,1.27013318600075,1.58996354300143,1,2,3
12,1,2,3,1.8310006089996,2.15259833799973,1,2,2
12,4,4,2,1.77629276200059,2.2561764710008,1,2,3
12,2,2,3,1.42889416399885,1.75210715499998,1,2,3
12,3,3,4,1.24697077000019,1.85520898600043,1,2,2
12,3,3,4,1.58896417200049,1.90277935599988,1,2,1
12,3,3,3,1.58170604400038,1.90223766300005,1,3,1
12,1,3,4,1.3933908630006,2.48124932899918,1,3,3
12,3,3,4,1.22981599500054,1.55185098400034,1,3,1
12,3,1,2,1.26339915000062,1.74305623500004,1,3,1
12,1,1,3,0.921935293999923,1.23473012299837,1,3,3
12,3,3,2,1.35219695399974,1.76832787999956,1,3,1
12,1,1,3,0.913342947000274,1.23494968700106,1,3,3
12,1,1,3,0.832966388999921,1.18454104000011,1,3,3
12,3,3,1,0.929438319999463,1.77805546399941,1,3,1
12,1,1,3,0.970624915000371,1.2848042709993,1,3,3
12,1,1,3,0.822485298998799,1.13451342999906,1,3,3
12,1,1,3,0.842233333998593,1.15120777700031,1,3,3
12,1,1,3,0.796085291000054,1.13239504600097,1,3,3
12,3,3,3,1.24822820199915,1.60020582799916,1,3,1
12,1,1,2,0.848169765000421,1.24800796900126,1,3,3
12,1,1,3,0.750647853001283,1.06797319799989,1,3,3
12,3,3,3,0.868896658999802,1.22089981099998,1,3,1
12,1,1,3,0.900808067999606,1.22065403699889,1,3,3
12,1,3,4,1.49238624200007,1.95611839400044,1,3,3
12,1,3,4,0.822001522999926,1.13470851599959,1,3,3
12,3,3,4,0.760836159000974,1.08459711199976,1,3,1
12,1,1,1,0.861882962999516,1.19771693499933,1,3,3
12,1,1,3,0.831314476999978,1.15136443000119,1,3,3
12,3,3,4,0.800997603000724,1.11752184500074,1,3,1
12,3,1,4,0.693030059999728,1.0010793649999,1,3,1
12,3,1,4,0.589450367999234,0.900847399998383,1,3,1
12,1,1,3,1.40219271299975,1.93039188399962,1,3,3
12,1,1,3,0.732816314000956,3.64495607200115,1,3,3
12,1,1,3,0.793503917000635,3.32134916500036,1,3,3
12,3,3,1,1.05920962900018,1.3682993679995,1,3,1
12,1,3,2,1.59618848699938,2.26785125199967,1,3,3
12,3,3,3,0.753061893999984,1.15312821599946,1,3,1
12,3,3,3,0.610712959000011,1.47475353300069,1,3,1
12,3,3,3,0.712870931998623,1.03469682600007,1,3,1
12,1,3,3,0.703754658999969,1.01766934699845,1,3,3
12,1,1,3,1.32747527100037,1.82366419699974,1,1,NaN
12,4,1,2,1.1265865080004,1.45184106099987,1,1,NaN
12,3,3,2,0.972607198000333,1.28471231300136,1,1,NaN
12,4,2,4,0.969072638999933,1.64151668200066,1,1,NaN
12,1,1,3,0.98448224599997,1.3015990469994,1,1,NaN
12,3,3,4,1.01188755300063,1.33488229999966,1,1,NaN
12,2,3,3,1.21506931300064,1.53517080399979,1,1,NaN
12,3,2,3,1.00954071200067,1.33488583299913,1,1,NaN
12,2,3,3,0.876308811000854,1.2763355320003,1,1,NaN
12,3,3,3,0.698648917001265,1.62624381000023,1,1,NaN
12,3,3,3,0.649294740998812,0.985502690999056,1,1,NaN
12,2,2,3,1.2665398750014,1.58516480900107,1,1,NaN
12,4,3,4,1.39534299200022,1.71869760600021,1,1,NaN
12,1,3,2,1.27818797300097,2.14235526600169,1,1,NaN
12,1,4,1,1.56031573099972,1.88553635599965,1,1,NaN
12,3,3,3,1.03633958299906,1.35158248399966,1,1,NaN
12,1,1,3,1.07892680499936,1.40161649799848,1,1,NaN
12,3,3,4,0.958274189999429,1.26789237400044,1,1,NaN
12,1,2,2,1.21199823999996,1.58028528899922,1,1,NaN
12,3,3,4,1.02185779899992,1.33495209099965,1,1,NaN
12,2,2,3,1.06376868500047,1.38490519200059,1,1,NaN
12,4,4,2,1.45687251500021,1.76859011799934,1,1,NaN
12,4,4,2,1.38468910399934,1.70187927100051,1,1,NaN
12,4,4,2,1.33242133800013,1.65188650799973,1,1,NaN
12,1,2,2,1.98644074000003,2.30254909900032,1,1,NaN
12,3,3,4,1.25378014600028,1.56841083600011,1,1,NaN
12,2,2,3,1.27079844199943,1.58502324300025,1,1,NaN
12,2,2,3,0.999689293001211,1.31810047500039,1,1,NaN
12,2,2,3,0.643396843001028,1.36262856600115,1,1,NaN
12,4,4,3,1.14963155999976,1.46847802800039,1,1,NaN
12,2,2,3,1.21873095199953,1.53499340899907,1,1,NaN
12,1,3,2,1.22121508499913,1.60528709400023,1,1,NaN
12,3,3,4,1.07716694899864,1.40186347999952,1,1,NaN
12,4,4,3,1.42120929199882,1.82150008399913,1,1,NaN
12,2,2,3,1.09234288299922,1.40156031100014,1,1,NaN
12,2,2,3,0.849231325999426,1.16785828199863,1,3,3
12,3,3,3,0.70738155700019,1.01777899199988,1,3,2
12,3,3,4,1.25936531400112,1.62725523800145,1,3,2
12,3,3,4,0.858253782000247,1.19449201300085,1,3,2
12,3,3,4,0.651511828000366,0.967892190999919,1,3,2
12,2,2,3,0.597029870999904,0.918095773000459,1,3,3
12,3,3,3,0.785300904999531,1.10144617799961,1,3,2
12,2,2,3,0.694121038000958,1.02932983800019,1,3,3
12,3,3,1,0.989623040000879,1.48614196100061,1,3,2
12,2,3,2,0.898832676999518,1.60287432299992,1,3,3
12,2,2,3,0.641943395999988,1.01072336300058,1,3,3
12,2,2,3,0.795025023000562,1.11812184799965,1,3,3
12,2,2,3,0.500702319000993,0.817830852000043,1,3,3
12,2,2,3,0.638455141001032,0.951015721000658,1,3,3
12,3,3,3,0.841413763000673,1.15123524400042,1,3,2
12,3,3,2,1.08382648000043,1.5794188710006,1,3,2
12,2,2,2,0.876983370000744,1.29328627300129,1,3,3
12,3,3,3,0.713916591999805,1.22632523399989,1,3,2
12,3,3,2,0.777477417001137,1.22545029899993,1,3,2
12,3,3,1,1.32149013900016,1.92906064499948,1,3,2
12,2,2,3,0.875882831000126,1.24449243299932,1,3,3
12,3,3,4,0.939013520999652,1.30709190199923,1,3,2
12,3,3,4,0.951455513999463,1.26810845199907,1,3,2
12,2,2,1,1.78058482099914,2.10251129800054,1,3,3
12,3,3,3,0.880109230000016,1.20137504100057,1,3,2
12,2,2,3,0.672298196999691,0.992207969999072,1,3,3
12,2,2,3,0.905374566000319,1.21813841100084,1,3,3
12,3,2,3,0.585352509999211,1.20920807699986,1,3,2
12,2,2,3,0.617816620999292,0.934482532999027,1,3,3
12,2,2,3,0.725077394001346,1.05113762200017,1,3,3
12,3,3,1,0.859288356999969,1.25953497800037,1,3,2
12,2,3,1,0.985682758999246,1.40221422699869,1,3,3
12,2,2,1,0.88160719500047,1.26591618299972,1,3,3
12,3,3,3,1.0082068319989,2.19198112599952,1,3,2
12,3,3,3,0.808496541001659,1.2245191180009,1,3,2
12,2,2,3,1.54918672700114,1.94872818099975,1,2,4
12,3,3,3,1.51936455699979,1.85522708200006,1,2,1
12,1,1,4,1.09250385400082,1.44535663399984,1,2,4
12,3,3,2,2.57190766500025,2.95552104099988,1,2,2
12,4,2,1,1.6840032429991,2.00418155300031,1,2,2
12,2,2,3,0.883606223000243,1.20123682899975,1,2,4
12,3,3,4,1.50796345900017,1.8186789070005,1,2,1
12,3,2,2,1.59436038700005,2.02699761100121,1,2,2
12,1,2,2,2.58555709699976,3.14553672700094,1,2,2
12,1,1,1,1.05071778000092,1.36841723700127,1,2,4
12,4,4,3,1.63570439599971,2.05162817400014,1,2,3
12,2,2,3,1.42581267700007,1.73532304399851,1,2,3
12,4,3,3,1.75581650599997,2.14009901699865,1,2,3
12,4,3,3,1.33387456199853,1.65192444099921,1,2,2
12,1,1,3,1.09198709500015,1.50731921499937,1,2,3
12,3,3,3,1.75167928399969,2.06901044799997,1,2,4
12,2,2,2,1.66840968499855,2.00462505699943,1,2,3
12,2,2,2,1.26813965400106,1.60332472700065,1,2,3
12,1,3,2,1.34794974800025,1.66862776700145,1,2,2
12,1,4,1,1.5203707769997,1.8723817859991,1,2,4
12,1,1,3,1.9416060550011,2.25251067099998,1,2,4
12,4,4,1,1.94696314300018,3.01844129299934,1,2,1
12,2,2,2,1.63210564200017,1.95178787300028,1,2,3
12,2,2,3,0.961494902998311,1.28481121599907,1,2,4
12,2,2,3,0.70285451899872,1.01795083199977,1,2,4
12,4,4,4,1.38249012000051,1.81452617499963,1,2,2
12,3,3,4,1.58269691299938,1.90226063799855,1,2,2
12,4,3,4,0.849798499999451,1.36172169999918,1,2,1
12,2,2,3,1.42034359299942,1.77237155699913,1,2,3
12,3,3,3,1.44556323100005,1.76892742100063,1,2,4
12,3,3,3,0.670211921000373,0.984309552000923,1,2,4
12,3,3,3,0.647797302999606,0.967729289999625,1,2,1
12,2,2,3,1.82577681700059,2.13554681300047,1,2,4
12,3,3,2,1.91549052200025,2.23576095499993,1,2,2
12,4,4,4,1.44126856900039,1.80967727800089,1,2,2
13,3,3,4,1.56762877700021,2.5274778790008,1,2,4
13,3,3,4,1.03418420399976,1.35173668400239,1,2,4
13,1,2,1,2.57965707800031,3.87521883200316,1,2,2
13,1,1,1,2.51838682800008,3.10986557700016,1,2,3
13,4,1,1,2.47284024300097,2.82473851400209,1,2,1
13,1,2,1,2.07072762200187,2.47010207700077,1,2,2
13,4,2,4,1.10601657900042,1.4414460859989,1,2,2
13,4,4,1,1.84890134500165,2.16917056100283,1,2,2
13,2,2,4,1.04063009899983,1.36079549700298,1,2,1
13,3,3,2,1.17858363900086,1.75469395700202,1,2,4
13,2,2,4,1.02841913900193,1.78010476500276,1,2,4
13,2,3,2,1.53352508300304,2.66997040900242,1,2,3
13,1,1,2,1.82514463400003,2.46462021499974,1,2,4
13,1,3,1,2.70178185699842,3.27783223999722,1,2,3
13,3,3,3,1.09196350099955,2.7557334560006,1,2,4
13,4,4,4,1.30590456299979,1.70594714699837,1,2,2
13,1,4,2,1.7176420049982,2.32515072399838,1,2,4
13,1,1,4,1.04822864200105,1.39986737399886,1,2,2
13,1,1,4,1.11976487900029,1.435004646999,1,2,4
13,2,2,4,1.11039227999936,1.47785819799901,1,2,3
13,3,3,4,1.02004532099818,1.33490673199776,1,2,4
13,3,3,4,0.982090055000299,1.30144316199949,1,2,1
13,3,3,4,0.850514783000108,1.16767063100269,1,2,2
13,4,1,1,2.54791859000034,2.96478561099866,1,2,1
13,2,2,4,0.989074013003119,2.09289424200324,1,2,1
13,4,4,1,1.94497024999873,2.26480064399948,1,2,2
13,2,2,4,1.02194771099676,1.33493992499643,1,2,3
13,2,2,4,0.93680308599869,1.25140585899862,1,2,4
13,1,1,3,1.33481157400092,1.92618102000051,1,2,4
13,2,2,3,1.16069602800053,1.72072272900186,1,2,3
13,2,2,1,2.05120101600187,2.65979187099947,1,2,1
13,1,4,3,1.40079608000087,2.16861238199999,1,2,4
13,3,3,4,1.12100853700031,1.43493614399995,1,2,1
13,4,4,1,2.18384024199986,2.76020759899984,1,2,1
13,2,2,4,1.01628492600139,1.51239882300069,1,2,4
13,3,3,4,1.18605982900044,1.88944058699781,1,1,NaN
13,3,3,4,0.758432667000307,1.55834256100206,1,1,NaN
13,4,4,4,1.44788094600153,1.76860911300173,1,1,NaN
13,3,3,3,1.04110577299798,1.45686580399706,1,1,NaN
13,2,2,3,1.04677020900272,1.51091432900284,1,1,NaN
13,1,1,2,1.19524997799817,1.61131229199964,1,1,NaN
13,3,3,3,1.25889856999856,1.83467824599938,1,1,NaN
13,4,2,2,1.05742016599834,1.50557000399931,1,1,NaN
13,2,2,2,1.01262847399994,1.46069323600022,1,1,NaN
13,4,2,3,1.41881454899703,1.89918213999772,1,1,NaN
13,1,3,1,2.12726195100186,2.43646934900244,1,1,NaN
13,4,3,4,0.844932785999845,1.16803583699948,1,1,NaN
13,4,3,2,1.75784431699867,2.43041059299867,1,1,NaN
13,2,2,2,1.54903179499888,2.06078685499961,1,1,NaN
13,3,3,3,0.873684002999653,1.54561028299941,1,1,NaN
13,1,1,4,0.988377629997558,1.3015236579995,1,1,NaN
13,1,3,4,0.839793931001623,1.15123319200211,1,1,NaN
13,2,2,4,1.03456257400103,1.35140370500085,1,1,NaN
13,2,2,4,1.06070913200165,1.36811069500254,1,1,NaN
13,2,3,4,1.1979527049989,1.51850427699901,1,1,NaN
13,2,2,4,0.848349332001817,1.42456394400142,1,1,NaN
13,1,1,2,1.44783045899749,2.1843003110007,1,1,NaN
13,2,3,2,1.47236426400195,1.78517529099918,1,1,NaN
13,1,1,2,1.04859102400223,1.36821449299896,1,1,NaN
13,4,4,2,1.58607615800065,1.92173862000345,1,1,NaN
13,1,1,3,1.02926689100059,1.35160668600292,1,1,NaN
13,1,3,3,1.05438336700172,1.43846121300157,1,1,NaN
13,3,3,3,0.933362300998851,1.25152836399866,1,1,NaN
13,4,4,4,1.3633369909985,1.68543816199963,1,1,NaN
13,1,2,2,1.59975914099778,2.22415672599891,1,1,NaN
13,2,2,4,0.982583736000379,1.30157142099779,1,1,NaN
13,2,2,4,0.930080898000597,1.25131104299726,1,1,NaN
13,4,4,2,1.34496881100131,1.76120574699962,1,1,NaN
13,3,4,1,1.46699360399725,3.24301687899788,1,1,NaN
13,1,1,3,1.54343719400276,2.05529796500196,1,1,NaN
13,4,4,1,1.85126523299914,2.36356042300031,1,3,3
13,3,3,4,0.956621276000078,1.29216406400155,1,3,4
13,4,4,2,1.43335942799968,2.26545702099975,1,3,3
13,3,4,4,0.782768355998996,1.10134819599989,1,3,4
13,4,3,1,2.11485043200082,2.59521505700104,1,3,3
13,4,3,3,1.13075491499694,1.65855533099966,1,3,3
13,4,3,3,1.11270154799786,1.5126223599982,1,3,3
13,3,3,4,0.780517429997417,1.21221877800053,1,3,4
13,4,4,3,1.30811630200333,1.8683196330021,1,3,3
13,4,3,3,1.05685423699833,1.47261659899959,1,3,3
13,4,4,2,1.34899667900027,2.19752100999904,1,3,3
13,3,3,2,1.16559363499982,1.70917588199882,1,3,4
13,3,3,3,0.984724308000295,1.40119099499861,1,3,4
13,4,4,4,1.26583419500093,1.88939128300262,1,3,3
13,3,3,4,0.805220070997166,1.1178263039983,1,3,4
13,3,4,1,1.25738251000075,1.88109134200204,1,3,4
13,3,3,4,1.03808692899838,1.35147234100077,1,3,4
13,3,3,4,0.792663362000894,1.1281309320002,1,3,4
13,4,4,4,1.34049243499976,1.65185765999922,1,3,3
13,4,4,3,1.21031135799785,1.59445370299727,1,3,3
13,4,4,4,1.05121585699817,1.43477498499851,1,3,3
13,3,3,4,1.05784580199906,1.37708166599987,1,3,4
13,3,3,4,0.970919386996684,1.2849133109994,1,3,4
13,4,4,2,1.91207725099957,2.53596733800077,1,3,3
13,3,3,4,1.05702751599893,1.36805673599883,1,3,4
13,4,4,4,0.986299069998495,1.30140807099815,1,3,3
13,3,3,4,1.06270670100275,1.38524802000029,1,3,4
13,3,3,4,0.782772006001323,1.10123954899973,1,3,4
13,4,3,4,0.834769934997894,1.15117210599783,1,3,3
13,3,3,4,0.821353835999616,1.13452562499879,1,3,4
13,4,4,1,1.38358471000174,1.99148274500112,1,3,3
13,3,3,4,0.91996998200193,1.23454423400108,1,3,4
13,4,4,3,1.11022126999887,1.7820846379982,1,3,3
13,3,3,4,0.831055614999059,1.15132105899829,1,3,4
13,3,3,4,0.785897898997064,1.12164761999884,1,3,4
13,1,1,4,1.25285961900227,1.60460224100098,1,3,2
13,1,1,4,0.788696687999618,1.10134690199993,1,3,2
13,2,2,4,0.696048383000743,1.01773957600017,1,3,1
13,1,1,4,0.799890532001882,1.11797390100037,1,3,2
13,2,2,4,0.706919358999585,1.01774934599962,1,3,1
13,1,2,2,1.30743444700056,1.9952621880002,1,3,2
13,2,2,4,0.77950431699719,1.10150367599999,1,3,1
13,1,1,2,1.13597882700196,1.72735108599954,1,3,2
13,1,1,3,1.06651943000179,1.59500415700313,1,3,2
13,1,2,4,0.971710936999443,1.28475360999801,1,3,2
13,1,1,3,1.12796903599883,1.83127504599906,1,3,2
13,2,2,4,0.782935189999989,1.10142773199914,1,3,1
13,2,2,4,0.706267088000459,1.01768333699874,1,3,1
13,2,2,4,0.698241602000053,1.01779763800005,1,3,1
13,1,1,4,1.09044843100128,1.66627830699872,1,3,2
13,2,2,4,0.735254729999724,1.05132359900017,1,3,1
13,2,2,4,0.581119063997903,0.900916818998667,1,3,1
13,2,2,4,0.753823276998446,1.06782223700066,1,3,1
13,1,1,3,1.14308613100002,1.54276412500258,1,3,2
13,1,1,2,1.25722016600048,1.5777515430018,1,3,2
13,2,2,4,1.17917400999795,1.50180908899711,1,3,1
13,2,2,4,0.750522783000633,1.06778847700116,1,3,1
13,1,2,4,1.04487771500135,1.36828714199874,1,3,2
13,2,2,4,0.734215587999643,1.05140641400067,1,3,1
13,2,2,4,0.724989572998311,1.03459393899902,1,3,1
13,1,1,3,1.03558640499978,1.43580021299931,1,3,2
13,2,2,4,0.738317774001189,1.05108265099989,1,3,1
13,1,1,3,0.824528350996843,1.13450220399682,1,3,2
13,2,2,4,0.875260352997429,1.18474984799832,1,3,1
13,1,1,3,0.82824902900029,1.15126875699934,1,3,2
13,1,1,3,0.798474857001565,1.11792369300019,1,3,2
13,1,1,4,0.882285315001354,1.20244638900112,1,3,2
13,1,2,1,1.34684041500077,2.2424013710006,1,3,2
13,2,2,3,0.776453801998287,1.08448850499917,1,3,1
13,2,2,4,0.604831574000855,0.989231970001129,1,3,1
13,2,2,4,2.09346587300024,2.5894360630009,2,2,3
13,1,1,4,1.98792911200144,2.45210207000127,2,2,3
13,2,2,3,1.10593261500253,1.56961032099935,2,2,1
13,4,4,4,1.21812481300003,1.53460813000129,2,2,3
13,1,1,3,1.41295058000105,1.73538169899984,2,2,4
13,2,3,3,1.72754242399969,2.17517183200107,2,2,3
13,2,2,4,0.887402029999066,1.20150254399778,2,2,4
13,2,2,4,0.919739482000296,1.23454366000078,2,2,1
13,4,4,4,1.14247116300248,1.45148419300313,2,2,3
13,2,2,4,0.860112914997444,1.21194241899866,2,2,4
13,4,4,4,0.972942025000521,1.28493694000281,2,2,1
13,4,4,4,0.857315481000114,1.16794677500002,2,2,2
13,2,2,4,0.970227255998907,1.28470270400067,2,2,4
13,2,2,3,1.31965252000009,2.10348866799904,2,2,3
13,3,3,4,1.10692353799823,1.41821453299781,2,2,4
13,4,4,4,0.874605404002068,1.21027011300248,2,2,2
13,1,1,4,1.06666149900047,1.41908680699999,2,2,4
13,1,3,1,0.978003995001927,4.00235799100119,2,2,2
13,3,3,3,1.1822171849999,2.68688980699881,2,2,4
13,1,3,3,1.05765089200213,2.19398328199895,2,2,2
13,2,2,4,2.01005685200289,2.56980965700131,2,2,4
13,2,2,4,1.24965712000267,1.56838069900186,2,2,1
13,4,4,1,1.98654873299893,2.93036521899921,2,2,1
13,1,4,1,1.32461721199797,1.63529264499812,2,2,4
13,2,2,3,1.78716860799977,2.29950382099923,2,2,3
13,1,2,3,1.27887936399929,1.77441238699976,2,2,2
13,2,2,4,0.872230193002906,1.35203589400044,2,2,1
13,1,4,1,1.95388817200001,2.41784112199821,2,2,4
13,1,4,1,1.44045734600149,2.2083276960002,2,2,4
13,2,2,4,1.01581815799727,1.3836305650002,2,2,4
13,2,1,1,1.74467525399814,2.19189791600002,2,2,1
13,1,1,4,1.09601562900207,1.41842528900088,2,2,2
13,3,3,4,1.15082160500242,1.46824950900191,2,2,4
13,1,1,1,2.53195039999991,2.96414017499774,2,2,4
13,2,1,1,1.56509049300075,1.96461436900063,2,2,1
13,3,3,4,4.05303307199938,4.40534822499831,1,1,NaN
13,3,3,4,0.769217798999307,1.08418107300167,1,1,NaN
13,2,2,4,1.62255847599954,1.97455054999955,1,1,NaN
13,2,4,4,1.17541734899714,1.48487659999955,1,1,NaN
13,4,4,2,1.27460701699965,1.58511067400104,1,1,NaN
13,2,2,3,1.27593051499935,1.80358401299964,1,1,NaN
13,3,3,4,0.898380794002151,1.21793527400223,1,1,NaN
13,1,3,1,1.29856189099883,2.21021271399877,1,1,NaN
13,4,4,3,1.00142736099951,1.44926850800039,1,1,NaN
13,1,3,3,1.45597759299926,1.83984395500011,1,1,NaN
13,1,1,4,0.91795465800169,1.27002200800052,1,1,NaN
13,3,3,4,1.28390757099987,1.60189961099968,1,1,NaN
13,2,2,1,1.57093705999796,1.89096729700032,1,1,NaN
13,1,1,3,1.14259319999837,1.49525909099975,1,1,NaN
13,3,3,4,1.03609674000108,1.35170597600154,1,1,NaN
13,3,3,4,0.694115254998906,1.0010154369993,1,1,NaN
13,3,3,3,1.1823945219985,1.50161966499945,1,1,NaN
13,1,4,2,1.71403843799999,2.53023280300113,1,1,NaN
13,4,2,1,1.53208805699978,1.91628735000268,1,1,NaN
13,2,2,3,1.35951863800074,1.6684044729991,1,1,NaN
13,2,4,3,3.14819968000302,3.69204553000236,1,1,NaN
13,2,2,3,1.094333164001,1.4780076140014,1,1,NaN
13,4,4,4,1.24333151700193,1.56313763700018,1,1,NaN
13,1,2,3,1.13346458500018,1.46916785099893,1,1,NaN
13,4,4,3,1.29837611000039,1.76197068700276,1,1,NaN
13,1,2,4,1.11609992399826,1.61214046299938,1,1,NaN
13,3,3,4,1.14770114900239,1.50017582500004,1,1,NaN
13,2,2,4,0.879484981996939,1.27990309300003,1,1,NaN
13,3,3,4,0.941322498998488,1.25137339799767,1,1,NaN
13,4,4,4,1.13151158999972,1.45155507099844,1,1,NaN
13,2,2,4,0.864765831000113,1.18465415899846,1,1,NaN
13,1,4,1,1.39406589899954,1.72953000100097,1,1,NaN
13,2,2,4,0.988754425001389,1.30929430999822,1,1,NaN
13,3,3,4,0.809535819000303,1.11782589300128,1,1,NaN
13,1,1,3,1.51587977199961,1.88419623400114,1,1,NaN
13,1,1,1,1.23526847299945,1.65099025800009,1,1,NaN
13,2,2,1,1.04108482299853,1.35127099699821,1,1,NaN
13,1,4,1,1.75501498000085,2.0690791119996,1,1,NaN
13,1,1,4,0.839483723997546,1.15127327499795,1,1,NaN
13,4,4,4,0.985654033000174,1.30142063400126,1,1,NaN
13,2,2,4,1.07755152000027,1.40157388499938,1,1,NaN
13,3,3,4,0.861522246999812,1.18487251400074,1,1,NaN
13,4,4,4,0.990268044999539,1.30147279599987,1,1,NaN
13,1,2,1,1.28979822900146,2.15368977099934,1,1,NaN
13,1,4,3,1.77884484700189,2.38694895000299,1,1,NaN
13,2,2,4,0.8661902620006,1.4267189509992,1,1,NaN
13,2,4,2,1.25827706700147,1.65773065300164,1,1,NaN
13,3,2,1,1.44795660499949,2.1841992640002,1,1,NaN
13,2,2,4,1.12010630200166,1.5674594230004,1,1,NaN
13,4,4,4,1.00920865999797,1.3291820059967,1,1,NaN
13,3,3,4,1.10050208200119,1.41827887000181,1,1,NaN
13,1,3,1,1.05970176899791,1.39586463699743,1,1,NaN
13,3,4,1,2.54115499600084,2.85323911600062,1,1,NaN
13,4,4,4,2.05648800400013,2.36918028199943,1,1,NaN
13,1,1,4,1.27337041800274,1.58509192800193,1,1,NaN
13,4,4,4,1.06509936099974,1.38486610899781,1,1,NaN
13,2,2,2,1.44207015100255,1.77744524800073,1,1,NaN
13,4,1,1,0.986847538999427,1.62692181699822,1,1,NaN
13,1,4,2,1.14568309800234,1.65804297000068,1,1,NaN
13,3,3,3,2.08787929399841,2.71179119299995,1,1,NaN
13,1,1,3,1.62661967299937,2.04301825899893,1,1,NaN
13,2,2,4,1.06457571400097,1.38507907199892,1,1,NaN
13,2,2,3,1.07312592000017,1.42496329500136,1,1,NaN
13,2,4,4,1.1930585859991,1.67268374199921,1,1,NaN
13,3,3,2,1.41397283900005,1.90970982499857,1,1,NaN
13,2,2,3,1.30579708100049,1.73761794299935,1,1,NaN
13,1,1,4,0.915300689001015,1.23442527700172,1,1,NaN
13,4,4,4,2.03434592199847,2.3525769730004,1,1,NaN
13,2,2,4,1.18710853800076,1.60292258700065,1,1,NaN
13,3,3,2,1.61827804600034,1.95479903399973,1,1,NaN
13,4,4,4,1.16321483800129,1.7395919849987,1,3,2
13,4,2,2,1.46180155500042,1.81420424599855,1,3,2
13,2,2,4,0.942021841998212,1.25149465700088,1,3,4
13,2,2,4,0.811887808002211,1.13460823200148,1,3,4
13,2,4,1,1.11878976300068,1.53527156999917,1,3,4
13,4,4,4,1.20185364899953,1.52167575299973,1,3,2
13,4,4,4,0.709102665998216,1.04509148799843,1,3,2
13,4,2,1,1.24416511199888,1.55186145300104,1,3,2
13,2,2,2,1.08605526700194,1.50172116199974,1,3,4
13,4,4,4,0.89787463200264,1.2342635390014,1,3,2
13,4,2,1,1.61675263200232,1.93554343399956,1,3,2
13,2,2,4,1.37942287899932,1.73136175899708,1,3,4
13,2,2,4,0.942630794001161,1.25149866299762,1,3,4
13,4,4,4,1.1325667309975,1.45164506299989,1,3,2
13,4,4,4,1.17053472100088,1.60264344399911,1,3,2
13,2,2,4,1.05823738099934,1.36773846899814,1,3,4
13,2,2,4,1.16414883200196,1.48503327100116,1,3,4
13,4,4,4,0.976665759997559,1.28473451299942,1,3,2
13,2,2,4,0.79632219099949,1.1179402250018,1,3,4
13,4,4,3,1.13643359600246,1.6968484550016,1,3,2
13,2,2,4,1.1015005579975,1.41843302800044,1,3,4
13,2,2,4,0.660164952998457,0.967676188000041,1,3,4
13,4,4,4,0.893860560001485,1.21338540899887,1,3,2
13,2,2,4,0.941911410001921,1.25150225900143,1,3,4
13,2,4,1,1.22758683699794,1.53484942599971,1,3,4
13,2,2,4,0.894133075002173,1.21801500400034,1,3,4
13,4,4,3,1.05272504900131,1.37340755400146,1,3,2
13,2,2,3,0.967133441998158,1.41518348300087,1,3,4
13,2,4,2,1.66324704900035,2.559142514001,1,3,4
13,4,4,3,1.1754310949982,1.57561643199733,1,3,2
13,2,2,4,0.888819576000969,1.32132270199872,1,3,4
13,4,2,1,1.04425202299899,2.06862989799993,1,3,2
13,2,2,3,1.04080370500014,1.40869203799957,1,3,4
13,2,2,2,1.70496603399806,2.31360580600085,1,3,4
13,4,4,4,1.13206969300154,1.58072083099978,1,3,2
13,2,2,4,1.476010467999,1.79594828699919,1,2,3
13,4,4,4,1.21249527699911,1.53521149199878,1,2,1
13,2,2,4,0.911750681996637,1.23477956799979,1,2,4
13,1,1,4,1.02234093099833,1.33481254299841,1,2,3
13,2,2,4,0.85744192600032,1.16806927500147,1,2,1
13,3,4,1,1.61085247099982,2.07483921699895,1,2,4
13,3,4,2,2.55192610900122,3.04755985800148,1,2,4
13,2,2,4,0.908227902000363,1.21803351600101,1,2,4
13,2,2,1,2.02762502000041,2.36341248100143,1,2,1
13,3,3,4,1.02046473099836,1.40436152099937,1,2,4
13,1,1,1,1.30094667899903,2.46893979000015,1,2,2
13,4,4,4,1.2808256649987,1.63277473099879,1,2,3
13,4,4,4,1.16832020599759,1.4850529059986,1,2,3
13,2,3,1,1.81307297699823,2.21257409499958,1,2,3
13,4,4,4,0.892451390998758,1.20133538899972,1,2,2
13,1,4,2,1.54832488300235,1.9647120610025,1,2,4
13,1,1,3,1.67818114699912,2.19000660200254,1,2,2
13,2,2,1,1.95758537700021,2.45418865600004,1,2,3
13,4,4,4,0.930853138001112,1.25152173800234,1,2,1
13,3,3,4,1.29666822000218,1.74523214900182,1,2,2
13,3,3,4,1.13183925499834,1.45162010599961,1,2,4
13,1,1,3,1.29736059599963,2.00136074900001,1,2,3
13,1,1,2,1.21718898600011,1.61671648899937,1,2,2
13,4,4,3,1.31197109200002,1.72820631000286,1,2,1
13,4,3,2,1.25982275600109,1.62781094000093,1,2,2
13,4,4,3,1.46680437800023,2.20231336900179,1,2,1
13,3,3,4,1.3297025139982,1.92157644999679,1,2,1
13,4,4,3,1.18893807600034,1.62060001300051,1,2,3
13,3,3,4,1.41075816100056,2.61112479599979,1,2,1
13,2,2,4,1.17825340999843,1.59437013199931,1,2,3
13,1,4,1,1.80266398400272,2.23447257299995,1,2,4
13,4,1,1,2.46436192799956,2.78668958599883,1,2,1
13,4,4,1,1.4392269609998,1.87173375199927,1,2,1
13,2,3,4,1.25265221700101,1.57268381100221,1,2,3
13,3,4,2,1.26996547899762,1.92579723900053,1,2,2
13,2,2,4,1.05686989400056,1.66460396500042,1,1,NaN
13,3,4,4,1.13479358599943,1.45171083199966,1,1,NaN
13,4,2,4,1.28423515900067,1.60435530100222,1,1,NaN
13,1,4,4,1.15671486499923,1.46831302699866,1,1,NaN
13,4,2,4,1.12876054300068,1.45168824899883,1,1,NaN
13,1,1,2,1.05542981699909,1.36815878400012,1,1,NaN
13,1,1,3,1.01570567899762,1.36794904699855,1,1,NaN
13,2,2,3,0.993253254000592,1.30153670100117,1,1,NaN
13,3,2,2,0.861191758001951,1.29302218299927,1,1,NaN
13,4,4,4,2.07425369499833,2.38609572099813,1,1,NaN
13,2,3,4,0.953209730003437,1.54458146400066,1,1,NaN
13,4,4,4,0.971582699999999,1.30749446799746,1,1,NaN
13,2,2,4,0.887922702997457,1.22418083999946,1,1,NaN
13,1,4,2,1.12746029499976,1.47976458500125,1,1,NaN
13,2,2,3,1.18045883200102,1.66058709500066,1,1,NaN
13,4,4,3,1.16257337299976,1.7064143030002,1,1,NaN
13,4,4,4,1.41457014799744,1.79823446999944,1,1,NaN
13,3,2,4,2.06297256800099,2.4306749110001,1,1,NaN
13,2,2,3,1.22949907500151,1.55183416900036,1,1,NaN
13,2,2,3,1.0705868240002,1.3904357370011,1,1,NaN
13,3,4,1,1.11201542999697,1.60772255799748,1,1,NaN
13,1,1,3,1.40014703199995,2.10393800100064,1,1,NaN
13,2,2,3,1.39485875099854,1.74738621399956,1,1,NaN
13,4,4,4,1.11787804000051,1.43503852399954,1,1,NaN
13,3,2,3,1.02819835199989,1.35168732799866,1,1,NaN
13,1,4,4,1.05459458900077,1.36811007399956,1,1,NaN
13,4,4,4,0.726868521000142,1.05121593000149,1,1,NaN
13,2,3,2,1.50173008199999,1.88517422699806,1,1,NaN
13,1,1,3,1.20202851900103,1.84197286999915,1,1,NaN
13,2,2,3,1.3046373770012,1.7524620860022,1,1,NaN
13,2,2,4,1.04206220999913,1.35140682400015,1,1,NaN
13,4,4,4,1.08432354199977,1.40158210799927,1,1,NaN
13,4,4,4,0.851001964001625,1.21936664500026,1,1,NaN
13,2,2,4,0.947040668001137,1.26814644000115,1,1,NaN
13,1,1,3,1.08874306700091,1.42513043399958,1,1,NaN
13,4,4,4,1.10281881499759,1.66297320800004,1,2,1
13,3,3,1,1.99667236300229,2.31934921799984,1,2,1
13,3,3,4,0.878853010002786,1.20150115000069,1,2,1
13,3,3,1,1.61517340799764,2.03117278599893,1,2,4
13,4,4,4,0.84570978299962,1.16824707799969,1,2,1
13,1,1,2,1.77562300499994,2.36756855299973,1,2,2
13,1,1,4,0.97570388999884,1.29584333300227,1,2,2
13,3,3,3,0.924649201002467,1.23460780000096,1,2,1
13,4,4,4,1.01961326499804,1.33491761500045,1,2,1
13,2,2,3,1.55870945700008,1.97425630799989,1,2,3
13,3,3,2,1.36685939000017,2.08740539100108,1,2,1
13,2,2,4,1.10717785700035,1.52364861299793,1,2,3
13,4,4,4,1.31866779999837,1.76705091199983,1,2,1
13,1,1,1,2.54384180000125,2.85326243600139,1,2,4
13,3,3,1,2.36313692100157,2.6862404780004,1,2,4
13,3,3,1,1.71090789200025,3.02247059400179,1,2,2
13,1,1,3,1.7166716899992,2.35624518899931,1,2,4
13,3,3,4,1.09386914700008,1.70141507199878,1,2,4
13,2,2,4,1.4415314809994,1.8894759750001,1,2,3
13,3,3,3,1.60589514299863,2.1980182169973,1,2,2
13,4,4,4,0.973429803001636,1.28478583600008,1,2,1
13,4,4,4,1.00228225599858,1.31815464600004,1,2,3
13,1,4,4,1.47674350600209,1.8294064790025,1,2,4
13,3,3,4,1.00443869399896,1.31826388400077,1,2,2
13,1,1,1,2.0545811919983,2.36914745199829,1,2,3
13,4,4,2,1.87917748800101,2.40725653199843,1,2,3
13,1,3,3,1.35021954900003,1.73369189400182,1,2,3
13,3,3,3,1.13590233499781,1.60059886699673,1,2,1
13,4,4,4,1.16814687400256,1.4850682230026,1,2,2
13,4,4,2,1.84498248499949,2.40479404099824,1,2,2
13,1,1,1,2.32386583800326,2.64410106000287,1,2,4
13,3,3,4,1.03334139900107,1.6092249430003,1,2,4
13,4,4,4,1.1289339449977,1.51333048100059,1,2,1
13,1,1,1,1.7406896829998,2.06070668699977,1,2,2
13,3,3,3,1.00276651800232,1.46668410500206,1,2,2
13,4,4,4,1.57438006200027,2.23062653799934,1,3,1
13,4,4,4,1.08537016499758,1.48504467800012,1,3,1
13,1,1,3,1.36185931699947,1.79413573800048,1,3,4
13,4,4,4,0.777896864998183,1.11447859599866,1,3,1
13,1,1,3,1.51821636499881,1.9028667929997,1,3,4
13,4,4,3,1.34634403699965,1.73005944599936,1,3,1
13,1,1,4,1.08498059400154,1.51740121200055,1,3,4
13,1,1,4,1.02494351399946,1.33481944400046,1,3,4
13,1,1,3,1.38665459300319,1.70165712400194,1,3,4
13,1,3,1,1.78176732700013,3.25392110100074,1,3,4
13,1,4,4,1.1540764229976,3.26597199900061,1,3,4
13,4,4,4,0.878018775001692,1.20156656400286,1,3,1
13,1,4,4,1.93390812299913,2.46186339600172,1,3,4
13,4,4,4,0.938638783998613,1.30696691499907,1,3,1
13,1,4,4,0.774600693999673,1.11097249799786,1,3,4
13,1,4,2,0.874850855001569,1.57890761100134,1,3,4
13,4,4,2,0.908445910998125,1.34009034900009,1,3,1
13,4,4,2,1.15958717100148,1.57550453100339,1,3,1
13,1,1,2,1.03289619100178,1.52894738399846,1,3,4
13,1,4,1,1.13186344199858,1.48411780999959,1,3,4
13,1,4,1,0.976374773999851,1.36110336899947,1,3,4
13,1,1,2,1.24269615199955,1.78693321700121,1,3,4
13,1,1,3,1.25082298100097,1.56847718500285,1,3,4
13,1,1,3,1.02839767800106,1.42788126600135,1,3,4
13,1,4,2,1.16368567599784,1.74028790999728,1,3,4
13,4,4,4,1.22194977400068,1.53514540499964,1,3,1
13,4,4,4,0.777113022999401,1.0845400069993,1,3,1
13,4,4,4,0.733891862997552,1.05134954299865,1,3,1
13,4,4,2,1.63573584199912,2.11557535699831,1,3,1
13,1,4,4,0.895323803000792,1.21828719699988,1,3,4
13,4,4,4,0.591110944998945,1.00663431899738,1,3,1
13,4,4,4,0.695563978999417,1.01792353900237,1,3,1
13,1,1,1,1.48756770199907,2.04721899099968,1,3,4
13,1,1,1,0.685457737999968,1.06944807599939,1,3,4
13,4,4,4,0.851552611999068,1.16807471599896,1,3,1
13,4,4,3,1.1183676690016,1.51778752000246,1,2,3
13,3,4,3,1.39321211800052,1.80965446299888,1,2,4
13,2,2,4,1.49751769100112,2.00962893600081,1,2,3
13,2,2,1,1.72075444099755,2.0725091739987,1,2,1
13,3,3,4,1.02990926499842,1.35168603100101,1,2,1
13,4,3,1,2.11104454999804,2.41922950200023,1,2,3
13,4,4,3,0.89400569099962,1.21813275699969,1,2,1
13,1,1,4,1.03745408299801,1.3513643160004,1,2,3
13,3,3,4,1.04672488800134,1.43147466500159,1,2,1
13,1,1,1,2.15838639999856,2.46944482699837,1,2,2
13,4,4,3,1.17890876800084,1.70626617000016,1,2,1
13,4,4,1,1.68638548500167,2.00637663299858,1,2,1
13,2,2,4,1.07797013099844,1.63831754299827,1,2,3
13,2,2,4,1.09256546300094,1.40144159999909,1,2,1
13,4,4,4,0.860967866999999,1.19683135200103,1,2,2
13,4,4,4,1.59769930599941,2.02997396899809,1,2,1
13,3,3,4,1.08401785800015,1.40421428799891,1,2,2
13,3,3,4,1.76489553500141,2.08581640199918,1,2,1
13,4,4,4,1.34364531499887,1.6639977570012,1,2,1
13,2,2,4,1.13388455799941,1.48564795600032,1,2,3
13,2,2,4,0.818575042998418,1.13473942500059,1,2,4
13,3,3,4,0.821290992997092,1.34931061099996,1,2,1
13,2,2,4,1.10405294999873,1.41837250599929,1,2,4
13,1,2,1,1.89494569899762,2.53510711099807,1,2,2
13,1,3,3,1.28033118000167,1.95257715900152,1,2,3
13,2,2,3,1.13817180399928,1.52209974300058,1,2,4
13,2,2,3,0.885243748998619,1.42980803099999,1,2,1
13,1,4,4,1.90095639199717,2.33301034399847,1,2,4
13,2,2,1,1.96704040500117,2.35118140000122,1,2,3
13,2,2,2,1.53668926499813,1.93622166699788,1,2,4
13,3,3,3,1.21856714800015,1.57063727200148,1,2,1
13,3,3,3,0.772236421998969,1.108175106001,1,2,2
13,2,2,3,1.06441947400162,1.38505834700118,1,2,3
13,1,1,1,2.20855491299881,2.54503281800135,1,2,4
13,4,4,2,1.45060486800139,1.91425638000146,1,2,2
13,2,3,1,2.18061730299814,2.85271845899842,1,3,3
13,3,3,4,0.961575194000034,1.32899326900224,1,3,2
13,2,3,4,1.18054474199744,1.5644586319977,1,3,3
13,2,2,1,1.69453088299997,2.49508219500058,1,3,3
13,3,3,3,0.954855322001094,1.26796828000079,1,3,2
13,2,2,4,0.966874026002188,1.28676394800277,1,3,3
13,3,3,4,0.916379849000805,1.23465474100158,1,3,2
13,2,2,4,0.835183769999276,1.15118484100094,1,3,3
13,3,3,4,0.757407113000227,1.09342503800144,1,3,2
13,3,3,4,0.730895321998105,1.0665667079993,1,3,2
13,2,2,1,1.6958566760004,2.16007670700128,1,3,3
13,3,3,4,0.729073782000341,1.05123165600162,1,3,2
13,3,3,4,0.719651580999198,1.03436357999817,1,3,2
13,3,3,4,0.727075148999575,1.05141051700048,1,3,2
13,3,3,4,0.701167666000401,1.01775796700167,1,3,2
13,2,2,4,0.740967494002689,1.0512510059998,1,3,3
13,3,3,4,0.747271870000986,1.06806543600032,1,3,2
13,2,2,2,1.04136540099717,1.40918111599967,1,3,3
13,2,2,2,1.35385722299907,1.66865581800084,1,3,3
13,2,2,3,1.38282374900155,1.7018736300015,1,3,3
13,3,3,4,1.1541338470015,1.46828028199889,1,3,2
13,3,3,4,0.775891861001583,1.08431757600192,1,3,2
13,3,3,4,0.877255702998809,1.18457656600003,1,3,2
13,3,3,3,0.781649035998271,1.1180692199996,1,3,2
13,3,3,3,0.785799463003059,1.10139236100076,1,3,2
13,3,3,4,0.710095881997404,1.0345570089994,1,3,2
13,2,2,3,0.73301211099897,1.80492925699946,1,3,3
13,3,3,4,0.724866124997789,1.14145794999786,1,3,2
13,2,2,4,0.967789710997749,1.28822170099738,1,3,3
13,2,2,4,1.2374364319985,1.55184384299719,1,3,3
13,3,3,4,1.03061092500138,1.35155886700159,1,3,2
13,3,3,1,1.66428761600037,1.98560670499865,1,3,2
13,3,3,4,1.02426874499724,1.72894329099654,1,3,2
13,2,2,2,1.22809472000154,1.74014820400043,1,3,3
13,3,3,4,1.09395800199854,1.54220393899959,1,3,2
13,4,4,3,1.2955689090013,1.61852937400181,1,1,NaN
13,2,2,4,1.18286968999746,1.5025924319998,1,1,NaN
13,4,4,3,1.04260824800076,1.36306063899974,1,1,NaN
13,4,4,3,0.973279950001597,1.28481259900218,1,1,NaN
13,4,3,1,0.857469803002459,1.78512812999907,1,1,NaN
13,1,2,3,1.32949054500205,1.84179885900085,1,1,NaN
13,1,4,2,1.1438767719992,1.479336684999,1,1,NaN
13,4,4,1,1.50144027100032,1.81880473499768,1,1,NaN
13,3,3,3,1.33165189599822,1.65179032299784,1,1,NaN
13,3,3,4,1.12086774300042,1.43492884500301,1,1,NaN
13,2,2,4,0.823609352999483,1.13457974300036,1,1,NaN
13,3,4,2,1.4663472200009,1.91419742899961,1,1,NaN
13,3,4,2,1.31033293799919,1.78979651700138,1,1,NaN
13,4,4,2,1.06244950900145,1.51014147100068,1,1,NaN
13,2,2,4,1.03408775299977,1.46676999299962,1,1,NaN
13,3,3,4,0.944036502001836,1.25134803500259,1,1,NaN
13,1,4,4,1.24594742800036,1.56847508200008,1,1,NaN
13,1,1,2,1.39142468700084,1.79108293900208,1,1,NaN
13,1,2,1,2.85545066099803,3.30376022500059,1,1,NaN
13,1,4,2,0.977621219000866,1.3016895130022,1,1,NaN
13,4,4,3,1.37360876700041,1.68532408800093,1,1,NaN
13,2,4,2,1.51422676499715,1.914272299,1,1,NaN
13,3,3,3,0.973461657998996,1.28467628499857,1,1,NaN
13,3,4,3,0.922849038001004,1.27445078500023,1,1,NaN
13,2,2,4,1.25632618999953,1.56852853399687,1,1,NaN
13,3,3,1,1.46564177099935,1.80127485699995,1,1,NaN
13,3,4,4,1.08947788299702,1.40970611800003,1,1,NaN
13,3,3,2,1.41781292900123,1.73534969899993,1,1,NaN
13,4,4,3,1.21872069099845,1.53902795899921,1,1,NaN
13,3,3,3,1.31799076099924,1.71815035300096,1,1,NaN
13,2,2,3,1.26470229400002,1.60056506600085,1,1,NaN
13,4,4,3,1.24921429100141,1.56838278600117,1,1,NaN
13,2,2,3,1.25020285800201,1.5704556180026,1,1,NaN
13,2,3,1,1.50699949000045,1.82719308300148,1,1,NaN
13,3,3,3,1.45054123999944,1.81819674199869,1,1,NaN
13,1,1,4,1.02198475899786,1.43872111000019,2,3,3
13,3,3,4,0.997461195998767,1.33269749799729,2,3,1
13,3,3,4,0.736801497001579,1.05125132600006,2,3,1
13,3,3,4,0.759368731996801,1.06802375999905,2,3,1
13,3,3,4,0.699793244999455,1.01778236599785,2,3,1
13,3,3,4,0.708229413001391,1.01766240199868,2,3,1
13,3,3,4,1.7713040330018,2.08549178899921,2,3,1
13,3,3,4,0.743048194999574,1.14323602800141,2,3,1
13,1,1,4,0.730459193997376,1.05133579500034,2,3,3
13,3,3,4,0.704958973998146,1.0179036949994,2,3,1
13,1,1,4,0.679886104000616,1.00115602799997,2,3,3
13,3,3,4,0.736518550998881,1.05105432299752,2,3,1
13,3,3,2,1.30270171899974,1.87938322199989,2,3,1
13,3,3,4,0.795739343000605,1.11810693499865,2,3,1
13,3,3,4,0.894519289999153,1.21806633600136,2,3,1
13,3,3,2,0.750387778000004,1.16661396400013,2,3,1
13,1,1,2,1.32840423099697,2.03227918099947,2,3,3
13,1,1,3,1.32694355100102,1.7108637679994,2,3,3
13,1,1,2,1.22672048100139,1.80329587800225,2,3,3
13,3,3,4,0.834653526999318,1.1513567309994,2,3,1
13,3,3,3,0.675824357000238,1.39635981199899,2,3,1
13,3,3,4,0.700919704999251,1.01781380499961,2,3,1
13,1,1,4,0.88481253899954,1.20132373699744,2,3,3
13,3,3,2,0.853314130999934,1.25305553699945,2,3,1
13,1,1,3,0.867163612001605,1.18467633200271,2,3,3
13,3,3,3,0.78906681800072,1.10111400900132,2,3,1
13,3,3,4,0.713534305999929,1.03463999100131,2,3,1
13,1,1,3,1.05589092700029,1.36815983499764,2,3,3
13,3,3,4,0.728982570999506,1.05129427800057,2,3,1
13,3,3,2,1.18358193200038,1.50165206400197,2,3,1
13,3,3,4,1.01062538299811,1.33438570499857,2,3,1
13,3,3,4,0.686429624998709,1.00095274099658,2,3,1
13,3,3,4,0.758624912999949,1.0679718279971,2,3,1
13,1,1,2,1.43684803499855,1.7519596739985,2,3,3
13,3,3,4,0.854683930996543,1.16832419399725,2,3,1
13,3,3,3,1.29455653300101,1.63081559800048,1,1,NaN
13,2,2,2,1.29393991300094,1.60178169200299,1,1,NaN
13,1,3,2,0.989786396999989,1.30134359799922,1,1,NaN
13,1,3,1,0.810109370999271,1.40260948299692,1,1,NaN
13,1,3,1,0.834062949998042,1.15128108599674,1,1,NaN
13,2,3,1,1.4611088849997,1.78560442899834,1,1,NaN
13,3,3,4,0.876940067002579,1.2293882840022,1,1,NaN
13,2,2,4,1.08436313600032,1.40185009899869,1,1,NaN
13,4,4,1,1.47702401599963,1.81333289100075,1,1,NaN
13,4,4,2,1.26081051499932,1.5851983950015,1,1,NaN
13,4,4,3,1.0849839750008,1.48550263300058,1,1,NaN
13,3,3,4,0.897638341997663,1.21809794000001,1,1,NaN
13,1,2,1,0.8324016330007,1.72848942200289,1,1,NaN
13,1,4,2,1.27589667100256,2.13976599100351,1,1,NaN
13,1,4,3,1.31781965499977,1.6533782890001,1,1,NaN
13,1,1,2,1.47553387299922,1.78535115399791,1,1,NaN
13,3,3,3,0.972034407997853,1.28464844900009,1,1,NaN
13,2,2,3,1.25720545999866,1.56850190399928,1,1,NaN
13,2,2,3,1.30581204999908,1.69029365599999,1,1,NaN
13,2,2,4,0.807019500000024,1.71897383600299,1,1,NaN
13,3,3,4,0.865540160997625,1.18482385300013,1,1,NaN
13,3,3,4,0.882280623001861,1.20132457700311,1,1,NaN
13,1,1,4,1.20311212999877,1.5183680989976,1,1,NaN
13,3,1,3,1.71856681099962,2.05474536699694,1,1,NaN
13,4,4,4,1.01089019999927,1.33491814999797,1,1,NaN
13,2,2,4,0.925566122001328,1.23449163400073,1,1,NaN
13,3,3,3,1.00518955400184,1.35724114199911,1,1,NaN
13,2,1,1,1.44734573599999,1.7833293190015,1,1,NaN
13,2,2,4,1.0715970650017,1.38494827700197,1,1,NaN
13,4,4,3,1.19201484099904,1.50161629799913,1,1,NaN
13,4,2,1,1.54798477999793,1.86879304700051,1,1,NaN
13,1,4,1,2.1771148480002,3.34544932499921,1,1,NaN
13,4,2,3,1.72139961499852,2.12141266699837,1,1,NaN
13,3,3,4,1.15610296200248,1.46833495900137,1,1,NaN
13,4,4,2,1.46558550600093,2.0579823879998,1,1,NaN
13,4,4,4,1.1020577700001,1.41821611100022,1,2,1
13,2,2,4,1.28557681500024,1.6017715650014,1,2,3
13,2,2,4,0.900875136998366,1.21814608699788,1,2,1
13,3,3,4,0.932447545001196,1.25146242999836,1,2,2
13,4,4,4,0.771050061001006,1.08444248900196,1,2,2
13,1,3,4,0.951983595998172,1.26799124399986,1,2,3
13,4,4,3,0.901346014001319,1.28538616000151,1,2,3
13,2,3,1,0.834609940000519,1.80981622199761,1,2,1
13,4,4,4,1.14563437300239,1.53005998899971,1,2,2
13,1,4,4,1.62953212499997,1.99728342399976,1,2,4
13,4,4,4,0.797259151000617,1.11812504400223,1,2,2
13,2,2,4,1.28136350999921,1.601821698001,1,2,1
13,1,1,1,1.93716080099693,2.38467403100003,1,2,4
13,1,1,1,1.56823031100066,2.03301148899845,1,2,2
13,3,3,4,0.879499777001911,1.23098826700152,1,2,2
13,2,2,4,1.02312085399899,1.33488922499964,1,2,4
13,1,3,4,1.64228168000045,2.05824470199877,1,2,3
13,2,2,2,2.15160131299854,2.48686424100015,1,2,1
13,3,3,3,1.13868272200125,1.7625068870002,1,2,4
13,3,3,4,1.11584230399967,1.48396148499887,1,2,1
13,3,4,1,2.28869195900188,2.60844921500029,1,2,4
13,2,2,4,1.06385472400143,1.38509864600201,1,2,4
13,2,2,1,1.47217142099908,1.78554518099918,1,2,1
13,4,4,3,1.19226496899864,1.68864979999853,1,2,2
13,3,3,4,0.981332822997501,1.30153007599802,1,2,1
13,2,2,1,2.08130732499922,2.40282663700054,1,2,1
13,4,4,4,0.879104302999622,1.20150361599735,1,2,3
13,3,3,2,1.91988512700118,3.23208333500224,1,2,4
13,3,4,2,1.1497269820029,1.51708136600064,1,2,4
13,2,2,3,1.15235462200144,1.63268646600045,1,2,3
13,2,2,4,1.79144930199982,2.30405609399895,1,2,1
13,3,3,4,1.04328724999868,1.37855895599932,1,2,1
13,3,3,4,0.876917041001434,1.20162717100175,1,2,2
13,1,1,1,1.90093376400182,2.22111234800104,1,2,3
13,2,2,4,1.04305610400115,1.35150701699968,1,2,1
14,2,2,3,1.75402360799853,2.45733678199758,1,2,3
14,4,4,1,1.70276115300294,2.56652746300097,1,2,1
14,1,1,3,1.75922525800343,2.47924662300284,1,2,2
14,2,2,4,1.21192826300103,1.93150573299863,1,2,3
14,4,4,1,1.58280342299986,2.20673263400022,1,2,2
14,2,3,3,1.54246233600134,2.56638888000089,1,2,3
14,2,2,3,1.05518158500126,1.82301210399964,1,2,3
14,1,1,4,1.28581224599839,1.74996087600084,1,2,2
14,3,3,1,2.17629348699847,3.00826475299982,1,2,4
14,1,1,4,2.26228787799846,3.0621961020006,1,2,2
14,4,4,1,2.1379886279974,2.50628031499946,1,2,2
14,1,1,3,1.70149889899767,2.27748032599993,1,2,3
14,1,1,3,1.40206361100354,2.07380136400025,1,2,2
14,1,1,4,1.49509627500083,2.43826697899931,1,2,2
14,2,2,4,1.36476034899897,2.16422336599862,1,2,3
14,3,3,4,1.26221436199921,2.30198695799845,1,2,2
14,3,3,4,1.39317303500138,2.08122206100234,1,2,4
14,1,4,2,1.61411189299906,2.74984898700131,1,2,4
14,1,1,2,1.4391542609992,2.14315737099969,1,2,4
14,4,4,1,1.68897837400073,2.42475741400267,1,2,1
14,3,4,4,1.81539252699804,2.37492342000041,1,2,4
14,4,2,3,1.78350941100143,2.43984120800087,1,2,2
14,2,2,3,1.12516266099919,1.90897236900128,1,2,1
14,4,4,2,1.68885331899946,2.55294153399882,1,2,1
14,3,3,3,1.5693539970016,2.92978100700202,1,2,1
14,3,3,2,1.4516222170023,2.28276001700215,1,2,2
14,4,4,1,2.04820564599868,2.54378786699817,1,2,1
14,2,2,3,2.05673268000101,2.63301912699899,1,2,4
14,2,2,4,1.21546780000062,1.8392373980023,1,2,4
14,2,2,4,1.26983969199864,1.73371566100104,1,2,1
14,3,3,4,1.39197859300111,1.90401990700047,1,2,1
14,3,3,4,1.09155395600101,1.68365622700003,1,2,2
14,1,1,1,2.57643476099838,2.88656243199875,1,2,3
14,2,2,4,1.13112732399895,1.61169738700119,1,2,4
14,4,4,4,1.93092483700093,2.31553338099911,1,2,2
14,1,1,3,1.6197484300028,2.43565993300217,1,3,3
14,3,1,2,1.47327962000054,2.09709981500055,1,3,1
14,1,3,1,1.21347361500011,1.99778683000113,1,3,3
14,1,1,3,1.51745523999853,2.18983468899751,1,3,3
14,3,3,4,1.58983702999831,2.0531713019991,1,3,1
14,1,1,1,1.53866592199847,1.92298713999844,1,3,3
14,3,3,3,1.20572325000103,1.71759011100221,1,3,1
14,3,3,3,1.36128209800154,1.87323522299994,1,3,1
14,3,3,3,1.36608310599695,1.92550552399916,1,3,1
14,3,3,2,2.16824999500022,2.84068651499911,1,3,1
14,3,3,4,1.59013109399893,2.0060326999992,1,3,1
14,3,3,4,1.02973591299815,1.46125171399763,1,3,1
14,3,3,2,1.13134728099976,1.96308696800043,1,3,1
14,1,1,3,1.26104228500117,2.2369038120014,1,3,3
14,3,3,2,1.12279594899883,1.97059331099808,1,3,1
14,3,1,2,1.34750920100123,2.29130849899957,1,3,1
14,1,1,3,1.1274654580011,1.91091588500058,1,3,3
14,1,1,3,1.30684462799763,2.07527065499744,1,3,3
14,3,1,1,1.73562835499979,2.40756120700098,1,3,1
14,1,1,3,1.46232997699917,2.16690929999822,1,3,3
14,3,3,1,1.1983381880018,1.74260096100261,1,3,1
14,3,3,3,1.22496220000176,1.91306719700151,1,3,1
14,3,3,2,1.00425754900061,1.61275054400176,1,3,1
14,3,3,3,1.05219705499985,1.70867251399977,1,3,1
14,1,1,2,1.19227821299864,1.73664805999942,1,3,3
14,3,3,3,1.15424381000048,1.74708393099718,1,3,1
14,1,3,2,1.18138531699879,1.78930015600054,1,3,3
14,1,3,1,0.965126512997813,2.61306290200082,1,3,3
14,3,3,4,1.00465651400009,1.54830949999814,1,3,1
14,1,1,3,1.21501802499915,1.85465479900085,1,3,3
14,3,3,3,1.71695080200152,2.59614224100005,1,3,1
14,3,3,2,1.06779383400135,1.75594388000172,1,3,1
14,3,1,1,2.0535875889982,2.80510762099948,1,3,1
14,1,1,2,0.867929064002965,1.45983369600071,1,3,3
14,3,3,2,2.44235393299823,3.09872410000025,1,3,1
14,4,3,2,2.93187370599844,3.68366634699851,1,1,NaN
14,3,3,2,1.29537350399914,1.87101091300065,1,1,NaN
14,2,3,3,1.58787511799892,2.22815124699991,1,1,NaN
14,2,3,2,1.67433489700124,2.29876167300245,1,1,NaN
14,1,1,3,1.48650083599932,2.04576670800088,1,1,NaN
14,1,1,2,0.988319886000681,1.83681531600087,1,1,NaN
14,4,3,3,2.5307666339977,3.04205594199811,1,1,NaN
14,3,2,3,1.17512962600085,1.83199641299871,1,1,NaN
14,3,3,1,1.55078560599941,1.93414454099911,1,1,NaN
14,2,2,2,1.47262414099896,2.08058892699773,1,1,NaN
14,4,1,2,1.6290067810005,2.36584528199819,1,1,NaN
14,4,1,2,1.47039807499823,1.88625907199821,1,1,NaN
14,1,3,3,1.76261035299831,2.59444475599958,1,1,NaN
14,1,2,1,1.89862142800121,2.87385912100217,1,1,NaN
14,3,3,3,1.17388411600041,1.84590707700045,1,1,NaN
14,3,3,3,0.956004208997911,1.45248465199984,1,1,NaN
14,1,1,3,1.12194049699974,2.14611078799862,1,1,NaN
14,1,2,3,2.1239948859984,2.81217151399687,1,1,NaN
14,1,1,3,1.59539701000176,2.71510117800062,1,1,NaN
14,4,1,3,2.22194344500167,2.95767183700082,1,1,NaN
14,1,1,2,1.81363704500109,2.72597879299792,1,1,NaN
14,3,3,3,1.91185677100293,2.67998031000025,1,1,NaN
14,2,2,4,1.24428057000114,2.09221974600223,1,1,NaN
14,3,3,3,1.22395095400134,1.91166774300291,1,1,NaN
14,3,3,2,1.86726404799992,2.2991923030022,1,1,NaN
14,2,2,3,1.10383637699852,1.67987679499856,1,1,NaN
14,3,3,3,1.10093376900113,1.5329642559991,1,1,NaN
14,3,3,2,1.69622081099806,2.62416908899831,1,1,NaN
14,3,3,2,1.18992496300052,1.91009583600317,1,1,NaN
14,4,1,3,1.86578921600085,2.23327525100103,1,1,NaN
14,4,2,2,2.07943840299777,2.67122009299783,1,1,NaN
14,3,3,2,1.02741808399878,1.76321277700117,1,1,NaN
14,4,4,2,2.36468490099651,3.46885389099771,1,1,NaN
14,3,3,3,1.39243690699732,2.19210537499748,1,1,NaN
14,4,3,1,2.87160649199723,3.18687522300024,1,1,NaN
14,3,3,3,1.36854066199885,2.34431134099941,1,2,4
14,4,3,1,2.39481881000029,3.67454090799947,1,2,3
14,1,1,3,1.3327103369993,2.00548399299805,1,2,3
14,2,2,3,1.42882547100089,2.08461816400086,1,2,1
14,1,1,2,1.66529044199706,3.04047506599818,1,2,4
14,3,3,3,2.03751047300102,2.56594267499895,1,2,2
14,1,1,3,1.39105218999975,2.15854915700038,1,2,4
14,4,4,4,0.824178504000884,1.4635848120015,1,2,3
14,4,2,3,1.32655816500119,2.03004712999973,1,2,2
14,1,2,2,1.13256503999946,1.80488099599825,1,2,2
14,1,1,4,1.06021834100102,1.58789730100034,1,2,4
14,1,1,4,1.01306581399695,1.52553014200021,1,2,2
14,3,4,2,2.13635203900049,3.08049026000299,1,2,4
14,3,3,3,1.4196888669976,1.88403896499949,1,2,4
14,1,1,3,1.48829849599861,2.1600547679991,1,2,4
14,3,3,3,1.32153446899974,2.26560674299981,1,2,2
14,2,2,4,0.974572918003105,1.51891791700109,1,2,1
14,2,2,2,1.53813342399735,3.24954328799868,1,2,4
14,1,1,1,2.70288265599811,3.02015589399889,1,2,3
14,3,3,3,1.4599945810005,2.14876178700069,1,2,1
14,3,3,3,1.03848332100097,1.48633121700186,1,2,1
14,3,3,2,2.06640200599941,2.86642059499718,1,2,1
14,3,1,3,1.53555379999671,2.86372425699665,1,2,1
14,1,1,3,1.340207964,1.80399416599903,1,2,2
14,1,1,3,2.64357343300071,3.13914320600088,1,2,2
14,1,1,4,1.01233819700064,1.74896238800284,1,2,4
14,4,3,2,2.52698964999945,3.40708278899911,1,2,3
14,2,2,4,1.15737856899796,1.81306739299907,1,2,4
14,2,2,3,1.40431770000214,1.98050185000102,1,2,3
14,4,4,3,1.66169136399913,2.25359564999962,1,2,2
14,2,2,3,1.21850021000137,1.73036878200219,1,2,4
14,3,3,3,1.30969269600246,1.80596541400155,1,2,2
14,4,3,3,1.90986509200229,2.42171725200024,1,2,3
14,4,4,3,1.90740324899889,2.49940574399807,1,2,1
14,1,1,3,1.08752048999668,1.74348280599952,1,2,3
14,4,1,3,1.87260189399967,2.49632498299979,1,1,NaN
14,2,3,2,1.38831822299835,1.97959795700081,1,1,NaN
14,3,3,4,1.08506946499983,1.66058148399679,1,1,NaN
14,3,3,4,0.890526000002865,1.20140227500087,1,1,NaN
14,2,2,4,1.01802356400003,1.48182135000025,1,1,NaN
14,1,1,2,1.27971651899861,1.75942697899882,1,1,NaN
14,3,3,2,1.16112757599694,1.83341382999788,1,1,NaN
14,2,2,3,1.45625498799927,2.43210390899912,1,1,NaN
14,1,2,2,1.40721834900251,2.14267915100208,1,1,NaN
14,1,1,3,1.14448718700078,1.60839709599895,1,1,NaN
14,2,2,3,1.06481486100165,1.6085342740007,1,1,NaN
14,4,4,1,2.28059863499948,2.61692110299919,1,1,NaN
14,1,3,3,1.26335157699941,2.03097694399912,1,1,NaN
14,1,2,3,1.15021755800262,1.94968923499982,1,1,NaN
14,2,2,3,0.863511165000091,1.39182496899957,1,1,NaN
14,4,4,3,1.28877749699677,2.39200622099816,1,1,NaN
14,4,3,2,1.68811788299718,2.47237147899796,1,1,NaN
14,2,2,1,1.33277475700015,1.73208015600176,1,1,NaN
14,1,1,3,1.23131215600006,1.90362597400235,1,1,NaN
14,3,3,4,1.49114764100159,2.33921746000124,1,1,NaN
14,4,3,1,2.58031272899825,3.17241370699776,1,1,NaN
14,1,1,1,1.15638346899868,1.8920787140014,1,1,NaN
14,1,1,2,1.25667881799745,1.64059037399784,1,1,NaN
14,3,2,3,1.03100860799896,1.57457224300015,1,1,NaN
14,2,2,2,0.984245276002184,1.43193876900114,1,1,NaN
14,3,3,4,1.13567533199966,1.77552744200148,1,1,NaN
14,3,3,4,0.872921617999964,1.24049492199993,1,1,NaN
14,1,1,1,1.76751788699767,2.31189507999807,1,1,NaN
14,2,2,2,1.53038194599867,2.09110888599753,1,1,NaN
14,3,3,1,1.78282327499983,2.15083146599864,1,1,NaN
14,3,3,2,0.959666532002302,1.56779104600355,1,1,NaN
14,2,2,2,0.896945206000964,1.88951108300171,1,1,NaN
14,4,3,1,2.06951314300022,2.38578509800209,1,1,NaN
14,4,2,1,1.23684669499926,1.76555435200135,1,1,NaN
14,4,2,1,0.927443002998189,2.25478211500013,1,1,NaN
14,2,2,3,1.86676511399855,2.53845006799747,1,3,4
14,2,2,3,1.12442899099915,1.76464362999832,1,3,4
14,4,4,4,1.48660059599933,2.06177534499875,1,3,2
14,4,3,2,2.12316033800016,2.85986426399904,1,3,2
14,4,4,1,1.68780980099837,2.15233042199907,1,3,2
14,4,2,1,1.53773267900033,2.14541255299991,1,3,2
14,2,2,3,0.71547535100035,1.17905390400119,1,3,4
14,4,4,2,1.26078164899809,2.14107424999747,1,3,2
14,2,2,2,0.983055158001662,1.46317930299847,1,3,4
14,2,2,3,0.989208563001739,1.53314467300152,1,3,4
14,2,4,1,1.37562556100238,1.74390073399991,1,3,4
14,2,2,3,1.30648315100188,1.8340929870028,1,3,4
14,4,4,2,1.3117413100008,1.88803899299819,1,3,2
14,4,4,1,1.70113362499978,2.19701644199813,1,3,2
14,2,2,2,1.30839642000137,1.9169864309988,1,3,4
14,4,4,3,1.83910185200148,2.36703525100165,1,3,2
14,2,2,2,1.4237055750018,2.22382912000103,1,3,4
14,2,4,3,1.71843208000064,2.58222686600129,1,3,4
14,2,2,2,1.03878590699969,1.55037025699858,1,3,4
14,2,2,3,1.58470827400015,2.68844469300166,1,3,4
14,4,2,2,1.34772653999971,2.05128926599718,1,3,2
14,2,2,2,1.24919617200067,1.87278266399881,1,3,4
14,2,2,3,1.49427490400194,1.92585182699986,1,3,4
14,2,2,3,1.04947722600264,1.56106180500137,1,3,4
14,2,2,4,0.762843067001086,1.48249805399973,1,3,4
14,2,2,3,1.20032956499927,1.68044712799747,1,3,4
14,4,4,1,1.88555551100217,2.25374920499962,1,3,2
14,2,2,2,0.801918102002674,2.11433261500133,1,3,4
14,4,2,3,1.74178816399944,2.2862561969996,1,3,2
14,2,2,2,1.13753855699906,1.84217594800066,1,3,4
14,2,2,1,1.32028208300108,1.63522156700128,1,3,4
14,2,2,4,1.07886607800174,1.70293817199854,1,3,4
14,4,4,2,1.68204450399935,2.29053588299939,1,3,2
14,4,4,2,1.51030175900087,2.32608152500325,1,3,2
14,4,4,2,1.54481022600157,2.74495608300276,1,3,2
14,4,4,2,1.82354687300176,2.28807522000352,1,1,NaN
14,1,4,3,1.71616016600092,2.29172477599786,1,1,NaN
14,2,2,2,0.999281709999195,1.51141704399924,1,1,NaN
14,2,2,3,0.971713718001411,1.41942620500049,1,1,NaN
14,3,3,3,1.23505454900078,1.66709709499992,1,1,NaN
14,1,1,2,1.28033266199782,1.96824938699865,1,1,NaN
14,3,3,3,1.34497936300249,1.82503188000192,1,1,NaN
14,2,2,2,1.22433105399978,1.67186330299955,1,1,NaN
14,3,3,3,1.94060750200151,2.38948044499921,1,1,NaN
14,4,4,4,2.34062366299986,2.70885812600318,1,1,NaN
14,4,2,2,1.25505402400086,1.63943875400219,1,1,NaN
14,4,1,3,2.16582722300154,2.59825720899971,1,1,NaN
14,4,4,2,1.48520481000014,1.98148960100298,1,1,NaN
14,2,3,4,1.1657188470017,1.6784761830022,1,1,NaN
14,1,1,2,1.51514113399753,2.05915357999766,1,1,NaN
14,2,2,1,2.07315668999945,2.38607264999882,1,1,NaN
14,2,2,2,0.968803211002523,1.35281996699996,1,1,NaN
14,3,3,3,1.37831746499796,1.97091444999751,1,1,NaN
14,1,1,4,1.29934410600254,1.71546865600249,1,1,NaN
14,1,2,1,2.31896050599971,2.84671322299982,1,1,NaN
14,2,2,2,1.08468052299941,1.40421379200052,1,1,NaN
14,2,2,3,1.02866263200121,1.41217599900119,1,1,NaN
14,1,3,2,1.98055425200073,2.42854741200063,1,1,NaN
14,3,3,4,1.05066526500013,1.86665174800146,1,1,NaN
14,3,4,1,2.56007596500058,3.1354339999998,1,1,NaN
14,2,2,2,1.56921817400143,2.20878195300247,1,1,NaN
14,4,4,2,2.75996283999848,3.27206066399958,1,1,NaN
14,2,3,1,1.76367339299759,2.67532696799753,1,1,NaN
14,3,3,2,1.57520571599889,1.89534397800162,1,1,NaN
14,2,2,2,2.15564033600094,2.58747631000006,1,1,NaN
14,2,3,2,1.66748648800058,2.0511984980003,1,1,NaN
14,1,1,2,1.23238021400175,1.5844097070003,1,1,NaN
14,1,1,2,0.913490770999488,1.26495287799844,1,1,NaN
14,4,2,3,1.39158043600037,2.06311823200303,1,1,NaN
14,4,3,1,2.17248443499921,2.48607935300242,1,1,NaN
14,1,1,3,1.27640098700067,1.77237952799987,1,2,4
14,4,3,3,1.14145479199942,1.58901636799783,1,2,3
14,4,2,1,2.63045207500181,3.36622131900003,1,2,2
14,4,4,3,1.40618126799745,2.07827478999752,1,2,2
14,4,4,3,1.33838328799902,1.99489324699971,1,2,3
14,3,3,3,1.35441368600004,1.7870626820004,1,2,4
14,4,4,4,1.44285366300028,1.7520887440005,1,2,1
14,1,1,3,1.61244839999927,2.31722142400031,1,2,3
14,4,4,2,2.95951483300087,4.28722494400063,1,2,3
14,2,2,1,1.50451291799982,2.2564496979976,1,2,1
14,1,1,3,1.3982780289989,2.10220169800232,1,2,3
14,2,2,3,1.61769921499945,2.33785889899809,1,2,1
14,1,1,2,1.52337390699904,2.19474004099902,1,2,2
14,2,2,3,1.73872821000259,2.42736271100148,1,2,1
14,4,4,2,2.12150856500011,2.88948070599872,1,2,2
14,4,1,3,2.75685077600065,3.66864888900091,1,2,1
14,2,2,2,1.23161955199976,2.01533764399937,1,2,1
14,1,1,1,2.01526718999958,2.63900112400006,1,2,4
14,3,3,4,1.18837232100122,2.0044255770008,1,2,2
14,2,2,3,1.091885525002,1.68342791300165,1,2,3
14,1,1,4,1.18387012599851,1.74455169199791,1,2,3
14,3,3,4,1.06667866700082,1.56242143499912,1,2,2
14,4,1,1,2.2685174090002,2.58633129100053,1,2,1
14,4,4,2,2.02031590299885,2.70816161699986,1,2,1
14,4,2,1,2.26266228000168,2.72715864299971,1,2,2
14,4,3,3,1.28839597600017,2.13707305700154,1,2,3
14,2,2,2,1.85901541800195,2.514571058,1,2,3
14,4,2,1,1.88581696300025,2.36571224599902,1,2,2
14,3,3,2,1.26288499599832,1.96711901399976,1,2,1
14,3,3,3,1.48730832400179,2.12740663300065,1,2,4
14,1,1,2,1.43386023100174,1.96217835400239,1,2,4
14,4,3,1,1.78767171599975,2.69922473699989,1,2,3
14,3,3,3,1.59898444899954,2.75116465500105,1,2,2
14,1,1,4,1.27973974999986,1.80762331200094,1,2,4
14,3,3,2,1.68747496300057,2.2148987699984,1,2,2
14,4,3,1,2.90073017800023,4.03736906300037,1,3,3
14,4,3,3,1.00881803399898,2.20918680799878,1,3,3
14,3,3,3,1.01634498099884,2.10448918000111,1,3,4
14,3,4,3,1.33191857799829,2.05190736899749,1,3,4
14,4,4,2,1.48881088999769,2.14491380099935,1,3,3
14,3,3,3,1.51530646100218,2.36290582999936,1,3,4
14,4,3,2,1.19653322700105,2.22044083799847,1,3,3
14,3,3,4,0.707115188000898,1.17101671000273,1,3,4
14,4,4,3,1.0765292310025,1.4763979010022,1,3,3
14,3,3,2,1.22609000699958,1.67380409600082,1,3,4
14,3,3,3,0.96660057400004,1.55877153300025,1,3,4
14,4,3,1,2.1048452089999,3.19304899300187,1,3,3
14,3,3,2,1.12776889299857,1.78388067500055,1,3,4
14,4,3,3,1.66399004900086,2.9602872989999,1,3,3
14,3,3,4,1.00019155200062,1.88047621900114,1,3,4
14,3,3,4,0.845668434001709,1.38927614200293,1,3,4
14,3,3,4,0.85393061600189,1.26991456000178,1,3,4
14,3,3,4,0.627838114000042,1.10752987399974,1,3,4
14,4,4,3,1.15976371999932,1.7043124189986,1,3,3
14,4,4,3,0.947946674998093,1.28406180399907,1,3,3
14,4,4,3,0.92865687000085,1.26453042299909,1,3,3
14,4,4,2,0.831191853998462,1.32732043500073,1,3,3
14,4,4,1,1.29109528800109,2.68267543299953,1,3,3
14,3,3,2,0.894618035999883,1.79116303300179,1,3,4
14,4,3,1,1.97489483999743,2.3110720299992,1,3,3
14,3,3,3,1.24215988500146,1.65784091200112,1,3,4
14,3,3,3,1.20801377099997,1.80051031000039,1,3,4
14,3,3,2,1.11992050800109,1.43502821500078,1,3,4
14,3,3,4,1.14206274399839,1.76623994200054,1,3,4
14,3,3,1,1.39202086000296,1.84032542299974,1,3,4
14,4,3,2,1.70277221200013,2.24650876700252,1,3,3
14,3,3,2,1.19620172699797,1.64456331700057,1,3,4
14,4,4,2,1.08267713900204,1.67496498400214,1,3,3
14,3,3,3,1.0955898430002,1.68825007100168,1,3,4
14,4,3,1,1.79677047299992,2.66015315100231,1,3,3
14,3,2,2,2.18644889799907,2.77787493899814,1,3,2
14,2,2,2,0.794133200997749,1.27417254199827,1,3,3
14,3,2,3,1.19217184599984,1.52762700199673,1,3,2
14,2,2,2,0.906870525999693,1.46688305299904,1,3,3
14,3,3,3,1.55200624799909,2.14402888000041,1,3,2
14,2,2,2,1.09872592000102,1.54623102700134,1,3,3
14,2,2,1,1.2934643089975,1.78861129199868,1,3,3
14,2,2,3,1.2856870329997,2.2294928400006,1,3,3
14,3,3,3,1.195722673001,1.73965296200186,1,3,2
14,2,2,2,1.30216666900014,1.7182801050003,1,3,3
14,3,2,3,1.21761839100145,1.69764870200015,1,3,2
14,2,2,3,1.30947068099704,1.75825180999891,1,3,3
14,3,2,2,1.20780326900058,1.68806406799922,1,3,2
14,2,2,3,1.22030947999883,1.62002843599839,1,3,3
14,3,2,2,1.10742765400209,1.60322201999952,1,3,2
14,3,3,2,1.41120318899993,1.90698921300282,1,3,2
14,3,3,3,0.934717094998632,1.31830010699923,1,3,2
14,2,3,3,1.01033904599899,1.33051260600041,1,3,3
14,2,2,2,0.942004396998527,1.26151975299945,1,3,3
14,2,2,3,0.923768783002743,1.26024515400059,1,3,3
14,3,3,2,1.3385743209983,1.81884157799868,1,3,2
14,2,2,3,1.28150082199863,1.6018994799997,1,3,3
14,3,2,3,1.32932146999883,2.24122976999934,1,3,2
14,2,2,4,0.774719754001126,1.23873880199972,1,3,3
14,3,3,4,0.726097908001975,1.07829053900059,1,3,2
14,3,3,3,1.05219846200271,1.51585018400147,1,3,2
14,2,2,3,1.04016042000148,1.50382452000122,1,3,3
14,2,2,3,0.819842286000494,1.28397049400155,1,3,3
14,3,3,3,0.880921304000367,1.37700624200079,1,3,2
14,3,2,2,1.14645976499742,1.62668012599897,1,3,2
14,3,3,3,0.841352802999609,1.27389722700173,1,3,2
14,2,2,1,0.999284315003024,1.95879295900158,1,3,3
14,3,3,3,1.09701118000157,1.52868260200194,1,3,2
14,2,2,2,0.876014421002765,1.38830152599985,1,3,3
14,2,2,2,0.900415607997274,1.42882245499641,1,3,3
14,4,3,3,1.53871536500083,2.03515418200186,1,1,NaN
14,2,2,2,1.23300385299808,2.00094589299988,1,1,NaN
14,3,3,3,1.47235430199726,1.98483087799832,1,1,NaN
14,1,3,3,1.31244256900027,1.76009894500021,1,1,NaN
14,3,3,3,2.20228721599779,2.90663521999886,1,1,NaN
14,1,2,1,1.04484427100033,3.28468462200181,1,1,NaN
14,4,4,1,2.22301515100116,2.54336675900049,1,1,NaN
14,3,4,1,1.06481461500152,2.05722656299986,1,1,NaN
14,2,2,3,1.09465601699776,1.49459957999716,1,1,NaN
14,3,3,2,0.87493774199902,1.35477133299719,1,1,NaN
14,1,1,4,0.965375182000571,1.46159066900145,1,1,NaN
14,3,4,3,1.51497810499859,1.91495480799858,1,1,NaN
14,4,3,1,1.47100906699779,1.90254505499979,1,1,NaN
14,3,3,1,1.07475720999719,1.44214923199979,1,1,NaN
14,2,2,2,0.889090880998992,1.40121790299963,1,1,NaN
14,3,3,2,1.02500859800057,1.47317417500017,1,1,NaN
14,1,1,3,1.27083077600037,1.92642355399948,1,1,NaN
14,4,3,2,1.91320512799939,2.42585157999929,1,1,NaN
14,4,3,1,1.65585161499985,2.00753342200187,1,1,NaN
14,3,3,2,1.38359940599912,2.19943928200155,1,1,NaN
14,1,2,1,0.943341927999427,1.9193530090015,1,1,NaN
14,1,1,3,1.15363772899946,1.7137129799994,1,1,NaN
14,4,1,4,1.03771118999794,1.48536766999678,1,1,NaN
14,1,1,2,1.69853735699871,2.46610983299979,1,1,NaN
14,3,3,3,1.43903699699877,1.88756649800052,1,1,NaN
14,2,2,2,1.2998226210002,2.035682447,1,1,NaN
14,2,2,2,1.04209640100089,1.4897735400009,1,1,NaN
14,1,1,2,1.28667586799929,1.79832435799835,1,1,NaN
14,3,3,3,1.69514535100097,2.334621228998,1,1,NaN
14,2,2,2,1.04033267499835,1.40867604099913,1,1,NaN
14,2,4,2,1.80038174500078,2.168786885999,1,1,NaN
14,2,2,2,1.44130555800075,1.84133319299872,1,1,NaN
14,4,4,1,1.7193460189992,2.0711752290008,1,1,NaN
14,2,2,2,1.5246941109981,2.00435070999811,1,1,NaN
14,3,3,3,1.39554412800135,1.74728483299987,1,1,NaN
14,4,4,3,1.49285317300019,2.13274397500209,1,2,3
14,4,2,1,1.95163938300175,2.28761256800135,1,2,2
14,3,3,3,1.07558068399885,1.47499655800129,1,2,4
14,2,2,4,0.984520699999848,1.57590656400134,1,2,1
14,4,4,2,1.65773765899939,2.39418243199907,1,2,3
14,2,2,3,1.04973618499935,1.46612189000007,1,2,3
14,3,3,3,1.23170447699886,1.66405912600021,1,2,1
14,2,4,1,1.70991815199886,2.12551485699805,1,2,4
14,1,1,2,1.48053159700066,1.91264198899808,1,2,2
14,4,4,2,1.77181459999701,2.220006345,1,2,2
14,1,1,3,1.33046197200019,1.74636906199885,1,2,3
14,4,4,1,1.51698082499934,1.94908414999736,1,2,1
14,3,3,3,1.10308927200094,1.56707554999957,1,2,2
14,3,3,1,1.05632562399842,1.4722647210001,1,2,4
14,2,2,2,1.18929421400026,1.57320314800018,1,2,3
14,2,2,2,1.01454548699985,1.41524848100016,1,2,4
14,2,2,2,1.023381058003,1.37491784300073,1,2,1
14,2,2,3,0.999997957002051,1.64054134199978,1,2,1
14,4,3,1,2.35886980299983,2.66984696999862,1,2,3
14,3,3,2,1.33884577400022,2.07472948500072,1,2,2
14,1,1,2,1.39926903800006,1.76765456400244,1,2,4
14,4,4,1,1.37685819200124,1.7769068130001,1,2,1
14,3,3,3,1.57752886000162,2.13784328600013,1,2,4
14,4,4,2,1.47575840799982,3.12378769699717,1,2,1
14,3,3,3,1.09346256599747,1.40145414299695,1,2,1
14,2,2,4,0.893102459001966,1.26145976100088,1,2,4
14,1,1,3,1.25994705099947,1.66013747000034,1,2,4
14,1,1,3,1.08119393900051,1.41785033899941,1,2,2
14,2,2,1,1.68136563300141,2.06515706800201,1,2,4
14,3,3,3,1.32596776500213,1.77427728100156,1,2,4
14,4,4,1,1.8476763289982,2.53515524500108,1,2,3
14,3,2,1,2.01699364600063,3.20055108200177,1,2,2
14,1,1,4,1.61548497500189,2.22358254100254,1,2,2
14,2,2,4,1.15838437100319,1.68616396400103,1,2,4
14,1,1,2,1.49093140299738,1.90683118599918,1,2,3
14,4,4,4,1.66296293899723,1.99949987199943,1,3,1
14,4,4,1,2.20777047200318,2.55965266200292,1,3,1
14,1,1,4,1.28853015200002,1.67257326099934,1,3,4
14,1,1,3,1.06109603600271,1.38121336400218,1,3,4
14,4,4,2,1.13486997600194,1.50325772400174,1,3,1
14,1,1,3,1.29906232800204,1.98709754499941,1,3,4
14,4,4,2,1.39486757899795,1.85914233199946,1,3,1
14,4,4,1,1.11232291499982,1.43519095199736,1,3,1
14,4,1,3,1.59897697300039,2.11109289800152,1,3,1
14,4,4,1,1.4183791180003,1.77103672700105,1,3,1
14,1,1,3,1.37989701499828,1.715882864999,1,3,4
14,4,4,1,1.31108137200135,1.83918779599844,1,3,1
14,1,1,3,1.12555125799918,1.47789663100048,1,3,4
14,1,1,2,1.29158536600153,1.62699173000146,1,3,4
14,4,1,1,1.45047481800066,1.88214999100092,1,3,1
14,1,1,3,1.26373608700305,1.5852993059998,1,3,4
14,4,4,3,1.56773484900259,2.62363195199941,1,3,1
14,1,1,2,1.38230090700017,1.84639418700317,1,3,4
14,4,1,3,1.33986049099985,1.6606026949994,1,3,1
14,1,1,3,1.27367777399922,1.72171903200069,1,3,4
14,4,1,3,1.22164747299757,1.86157714799992,1,3,1
14,1,1,2,1.03439345099832,1.53082580299815,1,3,4
14,1,1,3,1.15041498299979,1.83784299200124,1,3,4
14,4,4,1,1.79654227699939,2.42044228400118,1,3,1
14,4,4,2,2.11470228800317,2.65914409700054,1,3,1
14,4,4,3,1.59165477200077,1.95922568400056,1,3,1
14,4,1,1,1.51303173600172,2.15319687900046,1,3,1
14,4,1,1,1.58603051200043,1.97055578599975,1,3,1
14,4,4,3,1.05945368399989,1.36842950500068,1,3,1
14,1,1,3,0.79678457999762,1.14833485399868,1,3,4
14,4,1,4,1.15167865399781,1.46831417599969,1,3,1
14,4,4,1,1.47700393700143,1.78551902600157,1,3,1
14,4,1,1,1.38949047999995,1.70205390100091,1,3,1
14,1,1,4,1.08128825599852,1.4016437379978,1,3,4
14,4,4,2,1.168234372999,2.09614455200062,1,3,1
14,3,3,3,2.65912639599992,3.10738981300165,1,2,2
14,2,2,3,0.901505180998356,1.28570625799694,1,2,1
14,1,1,4,1.15425520699864,1.5062383839977,1,2,4
14,4,2,3,1.12646265999865,1.54289618499752,1,2,2
14,1,1,4,1.12948823900297,1.45176783100032,1,2,4
14,4,4,2,1.75882256399927,3.03889037500267,1,2,2
14,1,1,3,1.3323288549982,1.68452159400113,1,2,2
14,4,4,2,1.60067786099899,2.11238883799888,1,2,2
14,3,3,2,1.85232592600005,3.13208085400038,1,2,2
14,1,1,3,1.54908094599887,1.86875419699936,1,2,3
14,3,3,2,1.20123517200045,1.66533086100026,1,2,1
14,4,3,3,1.72804425600043,2.17577639900264,1,2,3
14,4,4,1,1.52840639399801,2.48856546200113,1,2,1
14,2,2,3,0.979971718003071,1.34767629099952,1,2,1
14,1,1,3,1.02277828600199,1.40631053800098,1,2,2
14,2,2,4,1.65476740699887,1.9690995029996,1,2,3
14,4,2,2,2.24730207399989,3.2712305770001,1,2,2
14,1,1,3,1.23520259900033,1.57100067799911,1,2,3
14,1,1,2,1.09252647200265,1.40173940000022,1,2,3
14,2,2,2,1.21196817799864,1.78855600099996,1,2,3
14,3,3,3,0.996922090998851,1.49296272799984,1,2,2
14,2,2,3,0.873650431996793,1.18483195799854,1,2,1
14,4,3,1,2.42591826699936,2.73636162199909,1,2,3
14,1,1,2,2.1719215569974,2.71524840799975,1,2,3
14,2,2,3,1.15017334599906,1.61399587999767,1,2,3
14,4,4,1,1.90230750800038,2.21916325699931,1,2,1
14,1,1,2,1.30038293899997,2.11597629600146,1,2,2
14,4,4,1,1.63149578699813,2.04721857199911,1,2,1
14,2,2,3,1.2295194569997,1.62908777300254,1,2,1
14,1,1,2,1.30866346999755,1.78913513899897,1,2,2
14,4,1,1,1.74921478599936,2.35734046399739,1,2,1
14,1,2,1,2.48653859800106,2.80325019900192,1,2,2
14,2,2,3,1.23688749899884,1.55667866799922,1,2,4
14,1,1,3,0.935108383997431,1.25154349399963,1,2,3
14,3,3,2,1.5725266139998,1.97290790799889,1,2,1
14,3,2,3,1.58017062699946,1.90206576900164,2,1,NaN
14,1,1,3,1.13647896300245,1.45173160300328,2,1,NaN
14,4,1,2,1.87829659599811,2.26232310699925,2,1,NaN
14,4,4,2,1.46755881199715,1.85144599699925,2,1,NaN
14,2,2,2,0.913029125997127,1.32860847199845,2,1,NaN
14,2,3,3,1.42062301899932,1.73533673200291,2,1,NaN
14,1,1,2,1.62323995499901,2.00721051799701,2,1,NaN
14,1,2,2,1.49468681999861,1.92672051599948,2,1,NaN
14,1,1,3,1.44957366900053,1.81753662000119,2,1,NaN
14,4,2,2,1.44031668599928,1.84007960700183,2,1,NaN
14,2,2,2,1.01467731500088,1.60682705699946,2,1,NaN
14,4,4,3,1.28652210600194,1.63810609600114,2,1,NaN
14,3,1,3,0.852917618998617,1.26898141299898,2,1,NaN
14,1,3,2,1.39476170000125,1.81043544299973,2,1,NaN
14,2,2,3,0.762251136999112,1.09854593099953,2,1,NaN
14,4,1,1,1.13484511700153,1.55096897100157,2,1,NaN
14,3,3,2,1.18565161099832,1.6487663629996,2,1,NaN
14,3,3,1,1.18388242500077,1.60008443600236,2,1,NaN
14,4,3,1,1.24731484600125,1.56864203500299,2,1,NaN
14,4,1,1,1.52085605100001,1.96848810499796,2,1,NaN
14,1,1,1,1.50543385900164,1.81876116700005,2,1,NaN
14,4,3,1,1.51267201700102,3.96108975600146,2,1,NaN
14,4,1,1,1.75081460000001,2.13491887500277,2,1,NaN
14,3,3,3,1.47390105600061,1.78557032599929,2,1,NaN
14,4,2,2,1.64243188499677,1.95219039799849,2,1,NaN
14,4,2,2,1.13194623600066,1.53145267099899,2,1,NaN
14,4,2,2,2.17498136100039,2.52691398399838,2,1,NaN
14,2,4,2,1.46507730699886,1.86573448299896,2,1,NaN
14,2,1,1,1.43897109500176,1.7592456650018,2,1,NaN
14,4,2,2,1.70482587900187,2.08901368700026,2,1,NaN
14,4,4,1,2.11669070900098,2.46850921100122,2,1,NaN
14,1,1,2,1.24904220000099,1.61696911800027,2,1,NaN
14,2,1,2,1.31248553299883,1.68058560200006,2,1,NaN
14,1,1,1,1.24549232299978,1.5685863960025,2,1,NaN
14,1,1,3,1.74285514200164,2.07873718400151,2,1,NaN
14,1,3,3,1.52416695800275,1.83544921000066,1,1,NaN
14,4,1,2,1.73786172700056,2.05242858299971,1,1,NaN
14,3,3,3,1.06328458999997,1.38487044000067,1,1,NaN
14,4,2,3,1.05636722499912,1.36849436099874,1,1,NaN
14,4,4,2,1.38571006100028,1.81756692599811,1,1,NaN
14,3,1,2,1.26470264699674,1.68090960900008,1,1,NaN
14,3,3,2,1.13382742700196,1.50210247400173,1,1,NaN
14,4,2,3,1.76187100599782,2.2744754009982,1,1,NaN
14,1,1,3,1.22252949300309,1.59077996500127,1,1,NaN
14,4,4,1,1.81527509899752,2.13585178399808,1,1,NaN
14,4,3,2,1.21700316399802,1.53517952299808,1,1,NaN
14,2,2,3,0.995715375000145,1.31815823599754,1,1,NaN
14,2,2,3,1.48736835100135,1.80201312999998,1,1,NaN
14,2,2,3,1.01461722800013,1.33494557900121,1,1,NaN
14,3,3,3,1.13795457800006,1.45173053300095,1,1,NaN
14,2,2,3,0.888104130001011,1.207813549001,1,1,NaN
14,1,1,3,1.12835820500186,1.45187455300038,1,1,NaN
14,3,2,2,1.3416683050018,1.69407758899979,1,1,NaN
14,4,4,3,1.41879949299982,1.78656035799941,1,1,NaN
14,3,3,4,1.15513679799915,1.46832235399779,1,1,NaN
14,2,2,4,1.43270696499894,1.75209100400025,1,1,NaN
14,4,4,2,1.39431046900063,1.70179272899986,1,1,NaN
14,3,3,3,1.24567596199995,1.56857102999857,1,1,NaN
14,2,2,3,0.991216766000434,1.32727822599918,1,1,NaN
14,2,2,2,1.00265377100004,1.31830277500194,1,1,NaN
14,4,1,1,1.4941821249995,1.80219815000237,1,1,NaN
14,4,4,3,1.21385119700062,1.53503298600117,1,1,NaN
14,1,3,2,1.76025960199695,2.08075248499881,1,1,NaN
14,2,4,1,1.501390256999,2.26967067599981,1,1,NaN
14,4,2,3,1.55402446899825,1.9214989539978,1,1,NaN
14,3,3,3,1.38075049599865,1.78100212400022,1,1,NaN
14,3,4,4,2.27022203700108,2.60531261099823,1,1,NaN
14,1,2,2,1.4765912719995,1.87648186000297,1,1,NaN
14,1,1,1,2.74520968999786,3.28988994400061,1,1,NaN
14,4,4,2,1.29982418000145,1.63614506999875,1,1,NaN
14,1,1,3,1.38577111000268,2.13723857100194,1,3,2
14,2,2,2,1.01156048399935,1.31806528199741,1,3,1
14,2,2,1,0.846602346002328,1.23128890999942,1,3,1
14,2,2,3,0.750605221001024,1.27815122800166,1,3,1
14,2,2,3,0.892352520000713,1.20137802399768,1,3,1
14,2,2,3,0.716562191002595,1.05286398600219,1,3,1
14,1,1,2,0.867460602999927,1.18736488300055,1,3,2
14,2,2,1,0.979687916998955,1.39617522499975,1,3,1
14,1,1,2,1.0050628880017,1.48490247300288,1,3,2
14,2,2,3,0.817814663998433,1.1348123079988,1,3,1
14,1,2,4,1.63536975500028,2.45198523699946,1,3,2
14,1,2,2,1.2489011990001,1.5685451299978,1,3,2
14,1,1,1,1.26614912600053,1.80958353900132,1,3,2
14,1,1,2,1.73780528399948,2.10583571499956,1,3,2
14,1,1,3,1.22082790000059,1.74943580300169,1,3,2
14,2,2,2,1.19921330500074,1.51857602699965,1,3,1
14,2,2,3,0.866550299000664,1.18479445499906,1,3,1
14,1,1,1,1.46015251099743,1.76873095199699,1,3,2
14,2,2,2,0.844612445001985,1.22895289600274,1,3,1
14,2,1,3,0.924234924998018,1.27576043999943,1,3,1
14,2,2,1,1.38631873700069,1.70209180500024,1,3,1
14,2,2,3,1.47811770699991,1.78537157199753,1,3,1
14,1,1,3,1.64608859500004,2.28645710099954,1,3,2
14,2,2,3,1.21825984399766,1.53523513300024,1,3,1
14,1,1,4,0.916348061997269,1.23471751499892,1,3,2
14,2,2,2,1.15510378099862,1.46847070599688,1,3,1
14,2,2,3,0.983349338999687,1.30150214300011,1,3,1
14,2,2,4,0.852031844999146,1.23632146100135,1,3,1
14,1,1,4,1.3152219750009,1.65052659299909,1,3,2
14,2,1,1,1.23244577700098,2.25708059499811,1,3,1
14,2,2,3,1.10998732799999,1.46217835599964,1,3,1
14,1,1,1,0.972213411998382,1.28493587699995,1,3,2
14,2,2,3,0.776270346999809,1.08437013000002,1,3,1
14,2,2,3,0.957136758999695,1.40517939900019,1,3,1
14,1,1,2,1.07697177000227,1.38478416300131,1,3,2
14,4,1,3,2.59697395199692,3.34923960899687,1,2,1
14,2,2,3,1.34203840500049,1.6935351989996,1,2,3
14,2,2,3,0.842197268000746,1.27369731300132,1,2,3
14,3,3,1,2.39125896500263,2.70298765700136,1,2,4
14,4,4,2,1.09816626000247,1.41840422400128,1,2,2
14,2,2,3,1.21780212000158,1.53509916500116,1,2,3
14,3,3,3,1.20346986500226,1.65167181500146,1,2,2
14,2,2,2,1.10591283699978,1.42547714099783,1,2,1
14,2,2,3,1.46524383699943,1.78552069500074,1,2,1
14,2,2,2,1.31305389100089,1.68113101800191,1,2,3
14,1,1,4,1.02288660100021,1.71045004500047,1,2,4
14,1,1,4,1.30616960000043,1.61866535999798,1,2,4
14,2,2,3,1.14522083200063,1.46847223399891,1,2,1
14,3,3,4,1.34276831100215,1.82282901200233,1,2,2
14,1,1,1,1.59015894899858,1.90233753199936,1,2,3
14,1,1,1,1.43368956099948,1.75196404000235,1,2,4
14,3,3,3,1.26698002200283,1.58511580500272,1,2,2
14,3,3,4,1.18735805899996,1.50175968500116,1,2,1
14,2,2,3,1.30317553999703,1.61842962499941,1,2,4
14,4,4,4,1.28572250700017,1.60192909000034,1,2,2
14,3,3,3,1.44601641900226,1.76874603100077,1,2,4
14,4,2,1,1.11912299799951,1.87080600100307,1,2,2
14,2,2,3,1.20437330599816,1.51856656999735,1,2,3
14,4,4,1,1.49558591299865,1.83168473199839,1,2,2
14,3,3,3,1.11840098200264,1.45396931399955,1,2,2
14,4,1,1,2.14843439400283,2.46967201900043,1,2,1
14,4,4,4,1.21701049999683,1.53497652099759,1,2,3
14,4,4,1,1.87562841099862,2.18586881800002,1,2,2
14,1,2,3,1.21118489699802,1.53521803499825,1,2,2
14,3,3,3,1.24588539999968,1.56845507399703,1,2,4
14,4,3,3,1.67897692299812,2.43089438899915,1,2,3
14,4,3,3,0.925875794000603,1.24568889199873,1,2,3
14,4,3,3,1.37228794399925,1.72461652999846,1,2,3
14,4,4,1,1.75151585499771,2.18382415499946,1,2,2
14,2,2,1,1.27967050499865,1.74373425600061,1,2,3
15,4,2,1,1.32181050099825,1.78530119000061,1,1,NaN
15,4,3,2,1.58596375599882,2.33752109600027,1,1,NaN
15,3,2,1,0.915396615000645,2.57913826200092,1,1,NaN
15,1,4,2,1.51460417000271,2.50710468699981,1,1,NaN
15,3,3,3,2.10221973599982,2.99824664799962,1,1,NaN
15,2,2,3,1.34163745399928,2.42938785400111,1,1,NaN
15,2,3,1,2.07520172700242,2.92324892700344,1,1,NaN
15,1,1,3,1.5255368199978,2.38969984799769,1,1,NaN
15,3,3,4,1.36450882799909,2.0040441079982,1,1,NaN
15,4,3,1,3.07551701000193,3.95543423600247,1,1,NaN
15,2,2,2,1.26701602699904,2.21124483099993,1,1,NaN
15,4,3,1,2.41063189700071,3.6263343440005,1,1,NaN
15,2,2,3,1.04740288899848,1.36835713899927,1,1,NaN
15,1,1,4,0.97624182599975,1.31217258499964,1,1,NaN
15,4,2,2,2.10915151299923,3.19676482199793,1,1,NaN
15,2,2,3,0.972087596997881,2.0921936550003,1,1,NaN
15,4,4,4,1.607793176001,2.15152717999808,1,1,NaN
15,3,3,4,1.4730256010007,1.84090386699972,1,1,NaN
15,2,2,4,1.14300361600181,1.57518091600286,1,1,NaN
15,4,3,1,1.56070007200105,2.40891977400315,1,1,NaN
15,4,4,4,1.36765995600217,2.03948026299986,1,1,NaN
15,3,3,3,1.47776655599955,2.72578677500132,1,1,NaN
15,2,2,3,1.5920815310019,2.29586367199954,1,1,NaN
15,3,3,3,1.32395956799883,2.21980578599687,1,1,NaN
15,2,2,4,1.17008566700315,1.69790219200149,1,1,NaN
15,3,3,3,1.39046443899861,2.79851466000036,1,1,NaN
15,3,3,4,1.18198733400277,1.50171272100124,1,1,NaN
15,3,3,4,1.50593390200083,1.81876697299958,1,1,NaN
15,2,2,3,1.08080496899856,1.76895854599934,1,1,NaN
15,2,2,1,3.13717591599925,3.58545454100022,1,1,NaN
15,2,2,4,1.08733344299981,1.47182974200041,1,1,NaN
15,2,2,4,0.836886739001784,1.17254846899959,1,1,NaN
15,1,3,3,2.03760507300103,2.88604760499948,1,1,NaN
15,4,4,1,2.22471621699879,3.0728287339989,1,1,NaN
15,4,4,1,2.57943317299942,3.09213090399862,1,1,NaN
15,1,1,1,2.46186349699929,3.18157989199972,1,3,2
15,1,2,4,1.40486288900138,2.34878167200077,1,3,2
15,1,2,3,1.91919922899979,2.83092666499942,1,3,2
15,1,1,3,1.5650126569999,2.15629915799946,1,3,2
15,1,1,4,1.26931980299923,1.73309625500042,1,3,2
15,1,2,4,1.15172127299957,1.50366148800094,1,3,2
15,1,1,4,1.34708358300122,1.76272355400215,1,3,2
15,1,1,4,1.06875556000159,1.58105693400285,1,3,2
15,1,1,3,1.54978068000128,1.86930055799894,1,3,2
15,2,2,4,1.29846686299788,1.65084868399936,1,3,1
15,1,1,1,1.98366514299778,3.37625863799985,1,3,2
15,2,2,4,1.4789908040002,1.80211444499946,1,3,1
15,2,2,3,0.846651662999648,1.77392367500215,1,3,1
15,1,1,2,1.38241302599999,1.7511444289994,1,3,2
15,2,2,4,1.10433418200046,1.98461197100187,1,3,1
15,1,2,1,1.61625999100215,2.00065416399957,1,3,2
15,2,2,4,0.863235951001116,1.37535829600165,1,3,1
15,1,1,2,1.57665715799885,2.13729917700039,1,3,2
15,1,1,1,1.42579356300121,1.73515081100049,1,3,2
15,1,1,4,0.828581508998468,1.15135123999789,1,3,2
15,1,1,1,2.5752782410018,3.03871809900011,1,3,2
15,2,2,4,1.05994465500044,1.92377161299737,1,3,1
15,2,2,3,0.790931496998382,1.43110539799818,1,3,1
15,1,2,3,1.726192574999,2.5583863460015,1,3,2
15,2,2,4,0.775196516999131,1.08440757199787,1,3,1
15,1,2,4,1.75581474800128,2.06896737699935,1,3,2
15,2,2,3,0.77632441699825,1.10129503099961,1,3,1
15,2,2,3,1.5486897769988,1.86886907899679,1,3,1
15,2,2,3,0.993295877997298,1.31824353199772,1,3,1
15,2,2,4,0.65310791900265,1.00461169499977,1,3,1
15,2,2,4,0.677041457998712,1.01323987399883,1,3,1
15,1,1,1,1.24551996000082,1.61338358100329,1,3,2
15,1,1,3,0.812980638998852,1.77358456999718,1,3,2
15,1,1,3,0.790055618999759,1.33402867899713,1,3,2
15,1,1,1,2.28938934600228,2.60290086500027,1,3,2
15,1,2,3,2.46258934699654,3.45460100399941,1,2,2
15,2,2,4,1.07471155799794,1.69847036599822,1,2,3
15,4,2,4,2.44727404399964,2.97480713700133,1,2,2
15,4,4,4,1.33466824700008,1.92705052200108,1,2,1
15,4,2,1,3.75417303399809,4.39362734699898,1,2,2
15,2,2,4,1.23967115800042,1.67123455199908,1,2,3
15,2,2,3,1.2046906880023,2.59592042499935,1,2,4
15,3,3,4,1.32390405399929,1.96405547299946,1,2,1
15,4,4,1,3.85373628299931,4.57377412600181,1,2,3
15,2,2,4,1.04288833900137,1.60373385799903,1,2,1
15,2,2,4,1.8899551100003,2.20995523099919,1,2,3
15,2,2,4,1.46611656200184,1.81755184100257,1,2,1
15,1,2,3,1.61562374300047,2.03197430300133,1,2,2
15,2,2,2,2.3025407770001,3.13450148099946,1,2,3
15,1,1,4,1.18327098000009,1.85441037000055,1,2,2
15,1,1,1,2.21281350000208,2.8684907900024,1,2,4
15,2,3,3,2.14387946299757,3.15183326199985,1,2,3
15,2,3,2,1.79276027499873,2.36875319799947,1,2,3
15,3,3,3,1.24863380200259,2.06428596600017,1,2,1
15,4,4,1,1.6773528349986,2.57396134399823,1,2,3
15,2,3,1,2.70875121100107,3.2051269270014,1,2,3
15,3,3,3,1.28330552899934,1.81112080700041,1,2,4
15,2,4,1,2.42701770900021,2.9071019749972,1,2,4
15,3,3,4,1.44556375100001,1.79776978700102,1,2,4
15,1,1,3,1.27781468399917,2.25361478400009,1,2,4
15,3,3,3,1.39493225999831,4.3866606470001,1,2,2
15,1,1,4,1.18385295899861,1.52068940199752,1,2,2
15,3,3,4,2.49943894900207,4.41995532500005,1,2,4
15,2,2,3,1.10346270800073,1.72735009100143,1,2,3
15,2,2,3,2.89004612800272,3.59407452500091,1,2,1
15,1,1,4,1.27278198299973,1.67277563700191,1,2,3
15,3,3,4,2.02188686100271,2.99783164100154,1,2,1
15,2,2,3,1.49979349299974,2.73220048399889,1,2,3
15,1,3,3,1.70980345600037,2.84619708299942,1,2,3
15,3,1,1,3.56297295200056,4.31550929100194,1,2,1
15,3,3,3,1.75873552800113,2.67134262200125,1,1,NaN
15,1,4,1,1.87516191699979,2.18560240399893,1,1,NaN
15,4,4,1,1.70667160100129,2.47403788800148,1,1,NaN
15,3,3,4,1.43078363200038,1.7987401140017,1,1,NaN
15,4,4,1,1.56737280900052,1.88573627599908,1,1,NaN
15,4,4,1,1.8110111140013,2.51518579700132,1,1,NaN
15,3,3,3,1.15007223600333,1.56617866200031,1,1,NaN
15,2,2,3,1.36031756599914,2.24047501099994,1,1,NaN
15,4,2,4,1.12619943800019,1.606014236997,1,1,NaN
15,2,2,4,1.12624621199939,1.43539751999924,1,1,NaN
15,4,4,3,1.51605716299673,2.07589175599787,1,1,NaN
15,1,2,1,1.70430561100147,2.2163288720003,1,1,NaN
15,1,2,3,1.11872269499872,1.58327876399926,1,1,NaN
15,1,2,4,1.63208612599919,1.95204618399657,1,1,NaN
15,2,2,4,1.00902099000086,1.31789301200115,1,1,NaN
15,3,1,1,1.34038500600218,1.65170575000229,1,1,NaN
15,1,1,2,1.22583919099998,1.73810947400125,1,1,NaN
15,4,4,1,1.33187257600002,1.70058490200245,1,1,NaN
15,3,3,3,1.27985834900028,1.80758682399755,1,1,NaN
15,4,4,2,1.38285466900197,1.70253503999993,1,1,NaN
15,1,1,1,1.31448256200019,1.63586999400286,1,1,NaN
15,4,3,3,1.36116468200271,1.80911359600213,1,1,NaN
15,4,4,3,1.76943480200134,2.24872844000129,1,1,NaN
15,2,2,3,1.91910034200191,2.495454660002,1,1,NaN
15,3,4,1,1.83472237299793,2.21833939299904,1,1,NaN
15,4,1,1,2.09715330900144,2.41950754700156,1,1,NaN
15,3,3,2,1.58337040600236,2.17551170700244,1,1,NaN
15,1,1,2,1.40005758899861,1.72018386800119,1,1,NaN
15,3,2,1,2.21140171299703,2.67503997699896,1,1,NaN
15,4,4,1,1.83075261200065,2.2154127419999,1,1,NaN
15,4,1,1,2.55802472300275,3.31002692200127,1,1,NaN
15,1,2,1,2.05680815300002,3.04878400099915,1,1,NaN
15,4,4,3,1.48535225700107,1.85304905399971,1,1,NaN
15,4,4,2,1.73083458499968,2.0669988610025,1,1,NaN
15,2,3,4,1.24678514499828,1.59912575300041,1,1,NaN
15,2,2,4,1.35045649899985,2.02213564200065,1,2,4
15,3,3,4,1.47724086000017,2.18079370400301,1,2,2
15,1,1,4,1.32550184600041,1.96552434800105,1,2,2
15,4,3,2,1.91916514900004,3.29544803300087,1,2,3
15,2,2,3,1.19398127800014,1.93008932299927,1,2,4
15,4,4,1,2.10900700700222,2.84490238700164,1,2,1
15,4,3,2,1.91360820400223,2.24960213300074,1,2,3
15,3,4,4,1.00822707899715,1.3182209330007,1,2,2
15,3,3,1,3.33861197700026,4.66656692000106,1,2,4
15,2,2,1,1.99760559599963,2.84485751199827,1,2,3
15,1,1,4,1.03396250199876,1.72223852999741,1,2,3
15,3,3,4,1.18968743000005,1.50168590199974,1,2,2
15,1,1,2,2.6486551420021,4.04043353900124,1,2,2
15,2,2,3,1.54035643200041,2.18053879299987,1,2,1
15,4,2,2,1.27665288199933,2.18866619500113,1,2,2
15,1,2,1,1.42833884799984,2.5485256289976,1,2,2
15,1,1,2,1.90220848199897,3.35844888299835,1,2,3
15,1,4,1,3.26996196700202,3.60550952899939,1,2,4
15,2,2,2,1.17066009200062,2.11503035900023,1,2,1
15,4,4,2,3.18242492900026,5.29465148800227,1,2,1
15,3,3,4,1.63839672700124,2.40658692900251,1,2,2
15,3,3,4,1.87723727699995,2.54966818399771,1,2,2
15,2,2,2,1.16728369100019,2.19123540999863,1,2,4
15,3,3,2,1.15889496100135,1.95925783799976,1,2,2
15,3,3,3,1.38511031399685,2.85714250899764,1,2,2
15,2,2,1,1.73337140900185,2.46897341799922,1,2,1
15,3,3,3,1.2494953610003,2.17746531399825,1,2,2
15,1,1,1,2.74621406200094,3.33788740700038,1,2,3
15,1,1,1,1.73026022699923,2.21027669999967,1,2,2
15,3,3,2,1.86588363799819,2.77837300399915,1,2,1
15,3,3,4,1.06608633799988,2.34595790700041,1,2,1
15,3,3,3,1.1000900379986,1.61176737200003,1,2,1
15,1,2,2,1.27604567700109,1.96351118300299,1,2,2
15,4,2,1,1.08554467900103,1.46899372600092,1,2,2
15,1,1,4,1.0429598160008,1.39420732300277,1,2,3
15,4,4,4,1.29751502699946,1.74576738799806,1,3,2
15,4,4,3,1.24447837900152,1.67635895399872,1,3,2
15,4,4,3,1.35401584899955,2.16916348300219,1,3,2
15,2,2,2,1.04170118200273,1.50563197500014,1,3,4
15,4,2,1,1.19042099600119,1.50158839600044,1,3,2
15,2,2,4,1.22642373000053,2.61818889599817,1,3,4
15,4,2,3,1.19993190500099,2.00032251100129,1,3,2
15,4,4,1,2.59161420000237,2.91174926199892,1,3,2
15,2,2,4,1.09795846199995,1.45004379600141,1,3,4
15,4,2,3,1.40848151899991,2.72031558800154,1,3,2
15,4,4,1,1.8262814310001,2.13568201800081,1,3,2
15,4,2,1,2.04405087600026,2.39581922300204,1,3,2
15,4,4,1,2.34839030100193,2.6696536840027,1,3,2
15,4,4,2,1.19953091000207,1.64770912600216,1,3,2
15,4,4,1,1.50264027199955,2.23882913399939,1,3,2
15,4,4,1,2.27602138899965,2.98054731499724,1,3,2
15,4,4,3,1.16397764499925,2.42819909699756,1,3,2
15,2,2,2,1.09857370399914,1.41842029899999,1,3,4
15,4,4,4,0.850221857999713,1.26575144899834,1,3,2
15,4,2,3,1.12026400199829,1.69654144000015,1,3,2
15,2,2,4,0.780579787999159,1.10146659399834,1,3,4
15,2,2,4,0.8807640849991,1.20142219899935,1,3,4
15,2,2,4,0.688847100002022,1.00095916100327,1,3,4
15,4,4,1,1.22572784099975,1.62600523400033,1,3,2
15,4,4,2,0.936696398002823,1.30481535100262,1,3,2
15,4,4,2,1.49321722999957,1.81956322399856,1,3,2
15,4,4,3,1.22785652300081,2.81270290300017,1,3,2
15,4,2,1,1.25914605700018,1.61134407799909,1,3,2
15,4,4,4,0.746901057998912,1.09915151799942,1,3,2
15,4,4,3,0.686880545999884,1.39069542099969,1,3,2
15,2,4,3,0.616303587001312,1.01595200900192,1,3,4
15,2,4,4,0.559836235999683,0.867559001002519,1,3,4
15,2,4,4,0.845982205999462,1.16820066799846,1,3,4
15,2,4,3,0.623909801000991,0.934216494002612,1,3,4
15,4,4,3,0.484503260002384,0.874411325999972,1,3,2
15,1,4,1,3.90495410099902,4.88152401700063,1,2,4
15,4,4,4,1.27551871600008,1.83517366900196,1,2,1
15,2,2,4,1.36018691399659,2.12852627399843,1,2,3
15,2,2,3,1.03507378100039,1.69140796800275,1,2,1
15,1,1,1,2.75938645600036,3.47968822900293,1,2,3
15,2,2,4,1.19529034200241,2.02738949999912,1,2,4
15,2,2,3,0.889796213999944,1.30562038899734,1,2,3
15,2,2,2,1.14175066999815,1.6861641659998,1,2,4
15,3,2,3,1.4580914520011,2.22561589700126,1,2,2
15,1,4,3,2.10482839600081,3.00135124799999,1,2,4
15,2,2,4,1.02308995299973,1.35878423100075,1,2,4
15,2,2,3,1.19348288400215,2.15377593200174,1,2,1
15,2,2,4,1.01018956400003,1.53795937999894,1,2,1
15,3,3,3,1.57328477900228,2.38896274000217,1,2,2
15,4,4,1,1.50884318500175,1.98878205599976,1,2,2
15,4,4,1,1.7493930769997,2.06909028399969,1,2,1
15,2,2,4,1.55383774999791,2.22604881599909,1,2,1
15,4,4,4,1.24007341999823,1.6243710589988,1,2,1
15,3,3,2,2.07162993599923,3.31938897200234,1,2,4
15,3,4,4,1.18505081699914,1.77674736200061,1,2,1
15,4,2,2,1.786359963,3.45036129299842,1,2,2
15,2,2,4,0.974974706998182,1.75830842399955,1,2,1
15,4,4,1,1.73626675899868,2.16881462099991,1,2,1
15,2,2,1,1.07243417200152,1.76090696400206,1,2,3
15,4,3,2,1.45074644499982,3.1150422210012,1,2,3
15,1,4,1,2.41302197800178,2.76444080700094,1,2,4
15,1,1,3,1.35770837599921,2.17333635499745,1,2,4
15,1,1,3,1.11051001300075,1.91020795600343,1,2,2
15,4,4,4,1.41778372999761,2.08962011299809,1,2,2
15,2,2,2,2.02210079700308,2.80558220000239,1,2,4
15,1,4,2,2.32415202600168,3.22052528900167,1,2,4
15,3,3,3,1.50587774399901,2.36938490600005,1,2,1
15,3,2,1,2.46646916600002,3.1378122290007,1,2,2
15,3,3,4,1.13920509899981,1.8268591269989,1,2,2
15,4,1,1,2.68160254999748,4.85832563299846,1,2,3
15,3,4,1,1.29131441700156,2.8109446740018,1,3,4
15,4,3,3,1.25767941400045,2.4257077580005,1,3,3
15,3,3,4,0.520288564999646,1.20758686999761,1,3,4
15,3,3,4,0.500870052001119,1.1440519300013,1,3,4
15,3,3,2,0.923319082001399,1.64353030799975,1,3,4
15,3,3,4,0.985836160998588,2.74574110899994,1,3,4
15,4,3,2,0.523148000997026,1.85123681899859,1,3,3
15,3,3,4,0.672923930997058,1.16885660099797,1,3,4
15,3,3,4,0.658550320000359,1.04255100299997,1,3,4
15,4,4,3,1.57769074800308,3.04974919600136,1,3,3
15,4,4,4,1.42213235999952,1.99865152599887,1,3,3
15,4,4,1,2.47903825499816,3.15075384800002,1,3,3
15,4,4,3,1.26393360899965,1.83953189699969,1,3,3
15,3,3,4,1.20614477400159,1.89423063400318,1,3,4
15,3,4,1,1.33816197199849,1.96225595799842,1,3,4
15,4,4,3,1.46764517699921,2.69993764000174,1,3,3
15,3,3,2,1.31138119699972,1.69476898199719,1,3,4
15,3,3,4,1.06782660400131,1.51566578100028,1,3,4
15,4,4,3,1.23141541299992,1.64786266499868,1,3,3
15,4,4,2,1.14969541900064,1.5662376850014,1,3,3
15,4,4,2,0.864077228001406,1.29536722100238,1,3,3
15,3,3,3,1.1172717010013,1.82074709200242,1,3,4
15,4,4,2,1.44378767200033,2.24400812400199,1,3,3
15,4,4,1,2.90577305199986,3.2259541759995,1,3,3
15,3,3,2,1.39898453599744,1.95919429299829,1,3,4
15,3,3,3,0.696986986000411,1.04901001699909,1,3,4
15,4,4,3,1.1355920850001,2.41539058500348,1,3,3
15,3,3,4,1.0864525859979,2.12702898000134,1,3,4
15,4,4,4,1.35368401500091,1.67330881200178,1,3,3
15,3,4,1,0.855043765001028,2.1344766680013,1,3,4
15,3,3,4,1.31229136399998,1.8569080169982,1,3,4
15,4,4,4,1.15818641999795,2.42179537799893,1,3,3
15,4,3,3,1.38051263799935,1.89282109700071,1,3,3
15,4,4,2,2.16899534200275,2.93690589100152,1,3,3
15,3,3,3,1.76181239099969,2.44991918300002,1,3,4
15,3,3,2,1.36586110499775,2.91813543699755,1,1,NaN
15,4,2,3,1.10363621299985,1.47158774100171,1,1,NaN
15,1,1,4,1.04497061700022,1.46101968500079,1,1,NaN
15,2,2,4,1.06757798300168,1.38508800400086,1,1,NaN
15,1,1,1,1.8110900190004,2.30782481200004,1,1,NaN
15,4,4,2,1.25505357699876,2.16624473199772,1,1,NaN
15,4,4,3,1.18356675399991,1.58367743900089,1,1,NaN
15,3,3,4,1.24813824100056,1.61655772900122,1,1,NaN
15,1,1,2,1.50387029400008,1.93576707800094,1,1,NaN
15,2,2,4,1.00966027000322,1.31832339700122,1,1,NaN
15,4,4,4,1.10150009599965,1.41834714500146,1,1,NaN
15,3,3,3,1.55707748799978,3.18912680699941,1,1,NaN
15,1,1,2,1.25146725499872,1.90725875800126,1,1,NaN
15,4,2,1,4.26360239199857,5.38287205500092,1,1,NaN
15,4,4,1,2.78056810500129,3.10354408800049,1,1,NaN
15,3,3,3,1.39086364100149,1.96681115700267,1,1,NaN
15,1,1,4,1.83969473100296,2.31900569299978,1,1,NaN
15,1,1,1,1.58600108800238,2.56219450999924,1,1,NaN
15,4,4,1,1.24222606500189,1.6425671850011,1,1,NaN
15,4,4,3,1.1133572889994,1.64131410199843,1,1,NaN
15,1,1,1,1.76801417499883,2.0857630649989,1,1,NaN
15,1,2,3,1.81119485999807,2.38763422699776,1,1,NaN
15,2,3,2,1.36351444600223,2.33937956500085,1,1,NaN
15,3,3,3,1.44531977700171,2.03707194900198,1,1,NaN
15,3,3,2,1.13939595300326,2.03537391300051,1,1,NaN
15,3,3,4,1.53724774100192,1.92114750300243,1,1,NaN
15,2,2,2,2.43651536299876,2.94787683100003,1,1,NaN
15,3,3,1,1.26150161599799,2.02964960999816,1,1,NaN
15,4,3,1,1.59622212500108,1.97981027800051,1,1,NaN
15,1,1,3,1.08466969400251,1.46858468500068,1,1,NaN
15,1,1,4,0.818230651002523,1.18592158800311,1,1,NaN
15,2,2,3,1.1713237010008,1.66685501100073,1,1,NaN
15,3,3,4,1.66437629900247,2.7361371650004,1,1,NaN
15,4,1,1,1.42592463699839,1.84213610999723,1,1,NaN
15,4,1,1,1.73596221199841,2.34431553800096,1,1,NaN
15,3,3,3,1.98164930200073,2.8298941159992,1,3,1
15,3,3,1,1.08329151300131,1.40167891699821,1,3,1
15,3,3,2,0.931078297999193,1.28310640899872,1,3,1
15,3,3,1,1.40775159000259,1.71845006300282,1,3,1
15,1,1,1,1.45060264099811,1.81818727000064,1,3,3
15,3,3,4,1.12114383099834,1.56897899600153,1,3,1
15,1,1,1,1.74667745899933,2.06914076600151,1,3,3
15,3,1,2,1.53547754400279,1.85201531500206,1,3,1
15,1,1,3,1.28400153300026,1.60183712600337,1,3,3
15,3,3,2,1.58789099999922,2.24422409999897,1,3,1
15,3,3,3,1.48194916800276,2.07406862900098,1,3,1
15,1,1,2,1.30246002700005,1.81418494699756,1,3,3
15,3,3,2,1.39045487600015,2.3182763290024,1,3,1
15,3,3,3,1.1205389880015,1.58432929600167,1,3,1
15,3,1,1,1.28098277000026,1.69699258200126,1,3,1
15,3,3,2,1.48556004500279,2.07795035399977,1,3,1
15,1,1,1,2.49051722700096,3.01831598599892,1,3,3
15,1,1,3,1.51991517300121,2.00053720800133,1,3,3
15,1,1,3,1.5037449779993,1.85544429700167,1,3,3
15,3,3,3,1.10909766900295,1.55747717900158,1,3,1
15,3,3,4,1.55946251599744,2.08678611600044,1,3,1
15,1,3,2,1.34762284899989,2.41926959800185,1,3,3
15,1,1,3,0.913563820999116,1.23479274299825,1,3,3
15,3,3,1,1.23236413999985,1.55178477300069,1,3,1
15,3,3,3,1.55352670300272,2.00195137400078,1,3,1
15,3,3,1,1.56925120899905,1.96925575600108,1,3,1
15,3,3,4,1.40991528700033,2.0178209959995,1,3,1
15,3,3,2,1.60101522900004,2.4010400340012,1,3,1
15,3,3,1,1.87159792699822,2.46359854499678,1,3,1
15,3,3,1,2.20452918500087,2.7485652050018,1,3,1
15,1,1,3,0.861937675999798,1.58156818600037,1,3,3
15,3,3,2,1.4074993610011,1.74352561100022,1,3,1
15,3,3,3,0.857892674997856,1.16811840599985,1,3,1
15,1,1,4,0.923210246000963,1.49893964500006,1,3,3
15,1,1,3,1.56811097199898,1.88814257799822,1,3,3
15,4,1,3,1.27520248099972,1.61064316999909,1,1,NaN
15,2,2,3,1.19498773300074,1.51845540000068,1,1,NaN
15,2,2,4,0.798527055001614,1.11798752500181,1,1,NaN
15,2,2,3,0.706276147997414,1.01774260399907,1,1,NaN
15,2,2,4,0.632937853999465,0.950982111000485,1,1,NaN
15,3,3,4,1.12366268800179,1.68377119399884,1,1,NaN
15,4,3,4,0.704056188998948,1.27982758500002,1,1,NaN
15,1,1,3,1.26161009600037,1.62963646999924,1,1,NaN
15,4,3,1,1.69278083500103,2.00223342500249,1,1,NaN
15,1,3,1,3.69242373299858,4.15684052899815,1,1,NaN
15,1,1,3,1.3641473380012,1.89161026299917,1,1,NaN
15,4,4,1,1.52743662799912,1.83538775000125,1,1,NaN
15,3,3,4,1.10255110900107,1.45404129800227,1,1,NaN
15,4,4,1,1.74827107299643,2.06913617399914,1,1,NaN
15,1,3,3,1.2810081839998,1.61712430100306,1,1,NaN
15,1,2,2,1.69592784199995,2.01912915000139,1,1,NaN
15,4,4,1,1.29443309199996,1.61864786799924,1,1,NaN
15,3,3,4,1.21399611000015,1.82193136700153,1,1,NaN
15,3,3,4,0.693416103000345,1.01800101900153,1,1,NaN
15,2,2,2,2.09318555900245,2.6209740680024,1,1,NaN
15,2,4,1,1.45932713900038,1.76860553900042,1,1,NaN
15,1,4,1,2.39565651200246,2.87584430300194,1,1,NaN
15,1,1,3,2.21551621699837,2.74411151800086,1,1,NaN
15,2,4,1,1.33695882299799,1.65175753499716,1,1,NaN
15,3,3,3,1.25422282,1.70225153299907,1,1,NaN
15,3,3,3,1.15440816599948,1.58587400499891,1,1,NaN
15,4,1,2,1.58659212999919,2.19469575699986,1,1,NaN
15,2,2,2,1.33847994099779,1.97888052100097,1,1,NaN
15,1,1,2,1.51570836199971,1.9795705439974,1,1,NaN
15,4,4,3,1.11616684399996,1.43496813300226,1,1,NaN
15,1,1,2,1.5385244450008,2.16256159900149,1,1,NaN
15,1,4,1,2.0113520829982,2.42799599799764,1,1,NaN
15,2,2,4,1.49760783099919,2.10560940999858,1,1,NaN
15,2,2,2,1.50915446799991,2.03771356899961,1,1,NaN
15,3,1,1,1.82756742899801,2.1526355499991,1,1,NaN
15,2,2,3,1.60366498400253,2.2113124810021,1,2,1
15,4,4,4,1.32235688999936,1.93085549600073,1,2,2
15,2,2,3,0.973193252997589,1.54981296599726,1,2,3
15,3,4,1,2.41532354899755,2.84768737400009,1,2,4
15,1,2,3,1.48423176900178,1.9966772000007,1,2,2
15,3,1,1,2.06048275300054,4.68446599200252,1,2,4
15,3,2,4,1.55033158199876,3.50255771299999,1,2,2
15,1,2,4,2.38394158000301,3.29679357900022,1,2,2
15,4,4,1,2.36309081299987,2.74723165599789,1,2,1
15,1,4,2,1.85239866899792,2.18809482800134,1,2,4
15,4,2,2,1.29968840699803,1.77976398899773,1,2,2
15,2,2,3,0.924593899999309,1.42047565200119,1,2,4
15,2,2,4,0.788250749999861,1.2044188660002,1,2,3
15,2,2,2,1.4766166570007,2.4362927550028,1,2,3
15,1,1,2,2.3703304940027,3.04207381200104,1,2,3
15,1,1,4,1.07898363899949,1.97504833399944,1,2,2
15,1,1,4,2.4720526630008,3.30363915000271,1,2,3
15,2,2,4,1.12232586000027,2.01808480099862,1,2,1
15,1,3,3,1.69623667399719,2.43274674999702,1,2,3
15,1,4,1,4.17531745900123,5.42305695899995,1,2,3
15,2,2,3,1.41015836800216,2.64224346900301,1,2,3
15,4,4,2,2.48693567600276,3.51095871200232,1,2,1
15,3,3,3,3.00117189400044,4.20081618599943,1,2,1
15,2,2,4,1.03890363000028,1.47077850600181,1,2,4
15,4,4,2,1.1567145049994,1.65250837200074,1,2,2
15,2,2,4,2.36968214800072,2.72253591700064,1,2,1
15,3,3,2,2.14809194799818,2.56408959399778,1,2,2
15,1,1,3,1.3412702789974,2.23725040499994,1,2,2
15,3,3,4,1.41076029299802,1.92243177099954,1,2,1
15,1,1,2,1.28558477299885,1.86201319999964,1,2,4
15,4,4,2,1.40316363099919,2.36298911899939,1,2,3
15,3,3,4,1.46844939699804,1.78540663899912,1,2,2
15,1,4,1,2.06776543200249,2.40421403800065,1,2,4
15,2,3,2,2.41928280299908,3.18709376499828,1,2,3
15,4,4,1,1.21798282500095,1.53514496400021,1,2,3
15,3,3,3,1.48208050299945,2.08978307900179,1,2,4
15,4,4,1,2.11785971899735,2.56612447299995,1,2,2
15,4,3,2,2.6233085649983,3.24708589199872,1,2,3
15,4,2,3,1.29159984999933,1.80369724000047,1,2,2
15,1,1,4,1.21906528600084,1.73101326499818,1,2,2
15,4,4,4,1.26227895800184,1.64668771699871,1,2,1
15,2,2,3,0.988662534000468,1.9972315949999,1,2,1
15,3,3,4,1.26140984000085,1.83733938799924,1,2,1
15,2,2,4,0.947685774997808,1.28347898100037,1,2,4
15,3,2,2,2.01641192799798,2.86424486399847,1,2,2
15,3,3,1,1.37263251799959,2.02871224900082,1,2,4
15,1,1,4,1.80323580299955,2.82724406700072,1,2,3
15,2,2,4,1.11309651800184,1.6257516049991,1,2,4
15,2,2,3,1.46458882599836,2.05635770999652,1,2,4
15,4,4,1,1.47803563600246,2.42242950700165,1,2,1
15,1,1,2,3.81230985900038,4.91655065499799,1,2,2
15,4,4,2,1.1488256119992,1.6927950399986,1,2,1
15,1,1,4,1.16141474300093,1.52932158099793,1,2,2
15,2,2,3,2.76405915199939,3.61201847999837,1,2,4
15,4,4,3,0.986091505001241,1.64160199199978,1,2,1
15,3,3,2,1.33674620999955,2.48812810299933,1,2,2
15,1,1,4,1.20385640399763,1.62057530499806,1,2,2
15,4,4,2,1.92381882100017,2.54714145999969,1,2,2
15,3,3,4,1.6928952369999,2.49314945100195,1,2,4
15,1,3,2,1.20815258899893,2.13639890400009,1,2,3
15,4,4,2,1.07449223000003,2.56278895499781,1,2,1
15,2,2,4,1.33953343699977,1.88355155099998,1,2,4
15,3,3,4,1.08767642000021,1.83994698400056,1,2,4
15,4,4,2,1.07778413900087,1.84563469600107,1,2,3
15,2,2,4,5.02011927800049,7.27615872200113,1,2,3
15,2,2,3,1.15463394200196,1.71510104200206,1,2,4
15,1,1,4,1.02303708600084,1.88720246299999,1,2,3
15,4,4,1,2.0668371339998,2.85070357800214,1,2,2
15,3,3,2,1.74462644300002,2.9760733760013,1,2,1
15,1,1,1,1.70372815099836,2.3115330239998,1,2,3
15,3,2,3,2.14486827400106,2.68873723299839,1,1,NaN
15,1,4,1,2.29226891100188,2.60290755599999,1,1,NaN
15,3,3,2,1.70633499900214,2.15409910000017,1,1,NaN
15,3,2,2,1.63617232999968,2.0516526020001,1,1,NaN
15,3,1,1,1.74579667599755,2.12894178900024,1,1,NaN
15,4,4,1,1.14802615200097,1.4683937430018,1,1,NaN
15,3,2,3,1.42575880499862,2.19359077699846,1,1,NaN
15,3,3,4,1.48118436100049,1.80210820499997,1,1,NaN
15,3,3,4,1.04066936200252,1.3515799630004,1,1,NaN
15,2,2,3,1.21053933000076,1.77105348599798,1,1,NaN
15,2,2,2,1.25196779299949,1.79589077900164,1,1,NaN
15,3,3,4,1.61250331400151,2.22093034800127,1,1,NaN
15,3,1,1,1.26668475199767,1.58509817300001,1,1,NaN
15,4,4,2,1.42758399800005,2.05189564200191,1,1,NaN
15,3,3,2,1.47297664500002,2.08131135900112,1,1,NaN
15,2,4,1,1.38955842500218,2.20602702500037,1,1,NaN
15,4,4,2,1.20487871899968,2.16450081000221,1,1,NaN
15,1,1,4,1.1981891309988,1.87053339799968,1,1,NaN
15,2,2,3,1.31476339400251,1.93893770900104,1,1,NaN
15,1,4,2,1.6696799909987,2.27756230699742,1,1,NaN
15,3,3,4,1.41783508300068,2.15397987399774,1,1,NaN
15,1,4,1,1.52284985999722,1.83538970999871,1,1,NaN
15,4,2,2,1.28895064000244,1.70473640300042,1,1,NaN
15,1,1,2,1.12426488100027,1.78019674499956,1,1,NaN
15,2,2,4,1.11721164900155,1.74126804200205,1,1,NaN
15,2,2,3,0.951553930000955,1.48040532000232,1,1,NaN
15,1,1,4,1.02143065099881,1.33473930800028,1,1,NaN
15,2,2,3,0.872456901000987,1.18465006699989,1,1,NaN
15,1,4,2,1.2560672849977,2.48869501799709,1,1,NaN
15,1,2,1,1.98823952200109,2.40396123900064,1,1,NaN
15,2,2,3,1.01130667600228,1.33508457800053,1,1,NaN
15,2,2,4,0.797909542998241,1.11798695700054,1,1,NaN
15,3,3,2,1.60204668799997,2.24209399100073,1,1,NaN
15,1,1,4,1.09592115299893,1.4185212759985,1,1,NaN
15,4,4,1,1.08705788999941,1.42272223200052,1,1,NaN
15,2,2,2,1.29320201399969,2.17295676800131,1,3,3
15,2,3,1,1.62183237499994,1.9354923030005,1,3,3
15,3,3,4,0.936116814998968,1.25140740200004,1,3,2
15,3,3,2,1.0945283200017,1.51020254900141,1,3,2
15,3,3,4,0.890492575999815,1.24201852199985,1,3,2
15,3,3,3,0.617247620000853,0.985528356999566,1,3,2
15,3,3,4,0.642858975999843,0.95108882400018,1,3,2
15,2,2,3,1.24507487099982,1.56843375099925,1,3,3
15,3,3,4,1.21319965799921,1.53502995500094,1,3,2
15,3,3,3,1.0246557620012,1.61623406899889,1,3,2
15,3,3,1,1.40720341999986,1.7185591080015,1,3,2
15,2,2,2,1.16220547000194,1.77034557300067,1,3,3
15,2,2,3,1.47583852700336,1.78538215000299,1,3,3
15,3,2,1,1.13159959499899,1.45163359399885,1,3,2
15,2,2,1,0.977773134000017,1.30154407899681,1,3,3
15,3,3,2,1.13396729999658,1.96655151599771,1,3,2
15,2,2,2,1.16722320700137,1.6466496940011,1,3,3
15,3,3,3,1.43793888900109,1.88546667600167,1,3,2
15,2,2,1,1.44189420000112,1.75186695699813,1,3,3
15,3,3,4,1.16343927200069,1.48496657700161,1,3,2
15,3,3,4,0.768414250997012,1.08442629399724,1,3,2
15,2,2,3,1.23726804699982,1.66891392500111,1,3,3
15,2,2,2,0.834777701998973,1.17020776599747,1,3,3
15,2,2,4,0.740649192997807,1.05127562900088,1,3,3
15,2,2,4,0.635145301002922,0.95108798700312,1,3,3
15,3,3,1,1.14146084000095,1.45145986600255,1,3,2
15,2,2,3,1.11549485300202,1.65981658400051,1,3,3
15,3,3,2,1.22557270800098,2.04149183200207,1,3,2
15,3,3,4,1.04703043799964,1.36830867199751,1,3,2
15,3,3,2,0.688737917997059,1.16836918399713,1,3,2
15,3,3,3,0.706522412001505,1.01769013900048,1,3,2
15,3,2,1,1.11432019499989,1.43506426399836,1,3,2
15,3,2,2,1.47349633900012,1.8247262219993,1,3,2
15,3,3,4,0.92014508200009,1.2346841260005,1,3,2
15,3,3,4,0.583214581998618,0.901022404999821,1,3,2
15,1,1,1,1.52618649500073,1.83531860999938,1,3,4
15,1,1,3,2.04416046500046,3.16430405800202,1,3,4
15,4,4,1,1.30893948599987,1.61859840399848,1,3,1
15,4,4,3,0.971403776999068,1.28468256799897,1,3,1
15,1,1,3,1.36831986800098,2.29637428600108,1,3,4
15,1,1,2,0.923922523001238,1.75563542700183,1,3,4
15,1,1,4,1.173355283001,1.68526268300047,1,3,4
15,1,1,2,0.929756713998358,1.33016595899971,1,3,4
15,4,4,2,1.02207538700168,1.61324016700019,1,3,1
15,4,4,4,1.26119487400138,1.58514984599969,1,3,1
15,1,1,3,0.846034381000209,1.34214447200065,1,3,4
15,1,1,3,1.14485840899943,1.62518730699958,1,3,4
15,4,4,2,1.4483966810003,2.0721905040009,1,3,1
15,4,4,2,1.1563673290002,1.78068960200108,1,3,1
15,1,1,3,1.26209003699842,1.98133627700008,1,3,4
15,4,4,2,1.56698544399842,2.54252247299883,1,3,1
15,1,1,2,1.84717432999969,2.31149225099944,1,3,4
15,1,4,2,1.29050187599933,1.80275482700017,1,3,4
15,1,1,3,0.530603952000092,1.12264479399892,1,3,4
15,4,4,4,1.44567908200042,1.83034989700172,1,3,1
15,4,4,3,0.74939708400052,1.48532778800291,1,3,1
15,4,4,4,0.914012833000015,1.50545632599824,1,3,1
15,4,4,2,1.38177233199895,1.90978782900129,1,3,1
15,1,1,2,1.70535181000014,2.13766140200096,1,3,4
15,4,4,3,1.07515826000235,1.60326270500082,1,3,1
15,4,4,3,1.04302025500147,1.60324057999969,1,3,1
15,1,4,2,1.71455982500265,2.19486012900234,1,3,4
15,1,4,1,0.570955343999231,1.49924568200004,1,3,4
15,1,1,3,0.527450728997792,1.24754352699892,1,3,4
15,4,4,2,2.52635764700244,3.75896943599946,1,3,1
15,1,1,4,1.03041052299886,1.62216650799746,1,3,4
15,1,1,2,1.62121579300219,2.50101741300023,1,3,4
15,1,1,2,1.42405133099965,1.91986378799993,1,3,4
15,1,1,3,1.10656884899799,1.57119934999719,1,3,4
15,4,4,3,1.10782956299954,1.68458190900128,1,3,1
15,3,4,2,1.23940948200107,1.94359178300147,1,2,4
15,3,4,1,2.93772727499891,3.25352391100023,1,2,1
15,3,4,3,1.22150782199969,1.68519782400108,1,2,2
15,1,4,1,2.89755033300025,3.74578784500045,1,2,4
15,1,1,3,1.09781320700131,1.52950600100303,1,2,3
15,2,2,4,1.13307323200206,1.45282505900104,1,2,1
15,4,1,2,3.09078320399931,3.79497124400223,1,2,1
15,1,3,4,1.48145047600337,2.34566721200099,1,2,3
15,2,2,4,1.03473468599987,1.41899158700107,1,2,1
15,2,2,4,1.05825442800051,1.36809497599825,1,2,1
15,2,2,4,1.01981057400189,1.45219727800213,1,2,1
15,4,3,4,2.41807193299974,3.61815268499777,1,2,3
15,3,3,4,1.05481217200213,1.36821597400194,1,2,1
15,3,3,2,1.89678910700241,2.39276167300341,1,2,2
15,4,3,1,1.67205775099865,2.60051225799907,1,2,3
15,4,2,3,1.74363104000076,2.23997283499921,1,2,2
15,4,2,2,0.725358912000956,1.09389461500177,1,2,3
15,4,1,1,2.36262165099834,2.79466747200058,1,2,1
15,1,2,2,2.71388363999722,3.32197981899662,1,2,2
15,1,2,4,1.42753445199924,1.97078537500056,1,2,2
15,1,3,2,1.04447826700198,1.98762474600153,1,2,3
15,2,2,4,0.996435676999681,1.31821032999869,1,2,4
15,3,3,4,1.52010795800015,1.91925276199981,1,2,1
15,4,3,2,1.74685462799971,2.30644416699943,1,2,3
15,3,3,4,1.35008692100018,1.9577966149991,1,2,4
15,2,2,2,0.999333108000428,1.52711457400073,1,2,1
15,4,4,4,1.30646572800106,2.60262524499922,1,2,1
15,3,3,2,1.40886065999803,2.06549813200036,1,2,2
15,4,4,2,1.3266508600027,1.88666262100014,1,2,2
15,3,3,2,1.09054009800093,1.9709939960012,1,2,4
15,2,2,4,1.14000585699978,2.6594979750007,1,2,1
15,3,3,2,1.22476768699926,1.89651389400024,1,2,4
15,1,3,3,1.2129199450028,2.04436465300023,1,2,3
15,3,3,2,1.62703670699921,2.34676905800006,1,2,2
15,2,3,4,1.64438763299768,2.23653717599882,1,2,1
15,1,1,2,1.38321966099829,2.10337772400089,1,1,NaN
15,3,3,4,1.37851563099684,1.70215445999929,1,1,NaN
15,2,2,3,0.974367062997771,1.28488049999942,1,1,NaN
15,3,3,1,1.51495008499842,2.01128432399855,1,1,NaN
15,2,3,1,1.59488125600183,2.87487006300216,1,1,NaN
15,2,2,2,0.886239118000958,1.36651572000119,1,1,NaN
15,2,3,1,1.53606511699763,2.35175738699763,1,1,NaN
15,3,3,3,1.20066543400026,1.64939068699823,1,1,NaN
15,1,1,4,1.35958986599871,1.98298948400043,1,1,NaN
15,4,4,3,1.48814470100115,2.38464964900049,1,1,NaN
15,1,3,2,1.98373094199997,2.57627270699959,1,1,NaN
15,3,3,2,1.2724013320003,1.76783320300092,1,1,NaN
15,1,1,3,1.28132748999997,1.6333855970006,1,1,NaN
15,1,1,3,1.64774040200064,2.30404520800221,1,1,NaN
15,3,3,4,1.23466867800016,1.77854240499801,1,1,NaN
15,3,3,4,0.924108340001112,1.2347354170015,1,1,NaN
15,2,4,1,1.56166273400231,2.36239097599901,1,1,NaN
15,2,2,3,2.09084993699798,2.55522491599913,1,1,NaN
15,2,2,3,1.01203199500014,1.49195429400061,1,1,NaN
15,3,4,1,1.3043054310001,1.91225781600224,1,1,NaN
15,2,2,3,2.04382368699953,2.7004965629967,1,1,NaN
15,3,3,2,1.32735345099718,1.67928209899765,1,1,NaN
15,3,3,2,0.844832745999156,1.32503736500075,1,1,NaN
15,1,1,4,1.12846871299917,1.45179101300164,1,1,NaN
15,3,3,4,1.03802996199738,1.43769641700055,1,1,NaN
15,4,4,1,1.39601974999823,1.95642943599887,1,1,NaN
15,2,2,2,1.09438237900031,1.47753682800248,1,1,NaN
15,1,1,3,1.1313123209984,1.51543138299894,1,1,NaN
15,1,4,1,1.34331528300027,1.6633536019981,1,1,NaN
15,1,4,2,1.50152565999815,1.98144770599902,1,1,NaN
15,2,2,3,1.47040178200041,1.80570675499985,1,1,NaN
15,4,2,2,1.33351472199865,1.8455962889966,1,1,NaN
15,2,2,4,0.956031256999267,1.32387611499871,1,1,NaN
15,4,2,2,2.10384520100342,2.5037827490014,1,1,NaN
15,4,4,1,1.842074537999,2.1523473160014,1,1,NaN
16,4,2,2,1.38743340099609,1.94784395799797,1,1,NaN
16,3,3,3,1.10191080899676,1.41826928199589,1,1,NaN
16,1,3,1,1.71676346399909,2.03568407899729,1,1,NaN
16,3,3,2,1.55544458400254,2.41933138400054,1,1,NaN
16,1,2,3,1.00952976199915,1.36172839099891,1,1,NaN
16,3,3,3,0.940137510006025,1.33933668700047,1,1,NaN
16,3,3,2,1.25443254800484,1.56847970400122,1,1,NaN
16,3,3,3,0.967735346996051,1.28473388400016,1,1,NaN
16,2,2,4,0.948323286000232,1.26872259700031,1,1,NaN
16,2,2,4,0.977235118996759,1.31385085399961,1,1,NaN
16,2,2,4,0.829557315999409,1.15155437599606,1,1,NaN
16,1,1,4,1.18444149600691,1.53632117300003,1,1,NaN
16,4,4,3,1.31414606799808,1.63546606800082,1,1,NaN
16,2,2,4,0.944710848998511,1.26807671400456,1,1,NaN
16,3,3,3,0.97401264700602,1.43797666000319,1,1,NaN
16,4,4,4,1.14027427600377,1.79655835900485,1,1,NaN
16,2,2,4,0.908804489001341,1.24484410500008,1,1,NaN
16,2,2,3,0.97147218399914,1.28523726699495,1,1,NaN
16,1,3,1,2.39149912500579,2.80768232300034,1,1,NaN
16,2,2,3,1.14273936999962,1.46844608799438,1,1,NaN
16,4,4,3,1.27524462299334,1.61098247099289,1,1,NaN
16,1,2,1,0.890962596000463,2.3147203059998,1,1,NaN
16,2,2,4,0.909841346998292,1.26203233299748,1,1,NaN
16,4,1,1,1.5646504719989,2.04485592299898,1,1,NaN
16,1,1,2,1.33822733099805,2.05824751599721,1,1,NaN
16,4,4,4,1.08016867600236,1.4022367380021,1,1,NaN
16,2,2,4,0.88014576400019,1.20206586000131,1,1,NaN
16,1,1,3,1.26440553899738,1.95231446099933,1,1,NaN
16,4,2,2,1.60109719100001,2.11377060599625,1,1,NaN
16,1,4,1,1.27755597999931,2.09345731900248,1,1,NaN
16,3,3,2,0.985598070001288,1.64105975600251,1,1,NaN
16,4,4,1,1.71996267900249,2.16803678699944,1,1,NaN
16,2,2,3,0.960026310996909,1.34354784600146,1,1,NaN
16,1,1,3,1.24327371500112,2.39528677300405,1,1,NaN
16,4,3,2,1.53117298699362,2.21916977499495,1,1,NaN
16,3,3,4,1.12853147399437,1.54424677600036,1,2,2
16,3,3,4,1.49913435400231,2.04248535100487,1,2,1
16,2,2,4,1.04875000600441,1.65717897599825,1,2,1
16,2,2,4,1.09434224899451,1.44692820399359,1,2,1
16,4,4,2,1.46912373400119,2.1099563500029,1,2,3
16,3,3,3,1.0652585880016,1.5932722830039,1,2,1
16,2,2,3,1.44933607200073,2.00978318299894,1,2,1
16,3,3,3,1.0970332049983,1.65730174700002,1,2,2
16,1,1,2,1.6389266000042,2.11876111900347,1,2,3
16,3,3,3,1.53761454400228,2.27328077100537,1,2,4
16,2,2,3,1.39790935099882,1.7978895060005,1,2,1
16,4,4,1,2.06227776499873,2.38614582499576,1,2,1
16,3,3,3,1.42147779399966,1.98212027700356,1,2,1
16,3,2,2,1.90244353299931,2.21934904899535,1,2,2
16,2,2,3,1.04474124300032,1.49265666899737,1,2,1
16,1,1,3,1.44911400300043,1.92894746299862,1,2,2
16,4,4,2,2.34835880599712,2.92409284500172,1,2,1
16,4,2,2,1.34968695000134,1.66852406899852,1,2,2
16,3,3,3,1.26658982300432,1.65099518600618,1,2,2
16,3,3,2,1.47247260400036,1.9206733539977,1,2,2
16,2,2,4,0.947585216999869,1.26820693800255,1,2,1
16,2,2,3,1.7613323580008,2.11303570900054,1,2,4
16,4,4,3,1.10021127999789,1.46898669900111,1,2,1
16,3,3,4,1.01032001899875,1.47384240500105,1,2,2
16,4,2,3,1.30362834499829,1.95928036999976,1,2,2
16,1,1,2,1.46502713000518,1.94528047800122,1,2,3
16,1,4,2,2.9072102909995,3.57936058100313,1,2,4
16,3,3,2,1.2262559869996,1.64227722700161,1,2,1
16,3,3,3,1.17637880600523,1.50202222799999,1,2,2
16,1,1,2,1.46865795899794,1.8041600439974,1,2,3
16,1,1,3,1.07542260499758,1.40133573200001,1,2,2
16,3,3,3,1.48317513200163,1.85054096300155,1,2,2
16,2,2,4,1.13661358499667,1.45169973799784,1,2,3
16,4,3,3,1.07892712899775,1.40210266999929,1,2,3
16,3,3,2,2.17421178299992,2.59019758000068,1,2,4
16,3,3,4,1.09891784099455,2.20260940799926,1,3,2
16,2,2,4,0.849699635000434,1.40952116799599,1,3,3
16,2,2,3,0.954749604003155,1.32285390800098,1,3,3
16,2,2,2,0.821932979997655,1.15819843800273,1,3,3
16,3,3,2,1.16034717900038,1.60847685200133,1,3,2
16,2,2,4,0.984348928002873,1.30208699200011,1,3,3
16,2,2,3,1.02728434700111,1.35206597200158,1,3,3
16,2,2,2,0.974246454003151,1.67750827900454,1,3,3
16,3,3,3,0.891178078003577,1.85114435500145,1,3,2
16,3,3,4,1.05711860400334,1.36809031900339,1,3,2
16,2,2,3,0.98522021399549,1.40204037499643,1,3,3
16,2,2,4,0.865526743997179,1.18473053799971,1,3,3
16,2,2,4,0.785953842001618,1.10161984399747,1,3,3
16,3,3,3,0.8860736860006,1.59028925599705,1,3,2
16,3,3,3,0.855005291996349,1.1685462519963,1,3,2
16,3,3,2,1.01655739400303,1.49670836700534,1,3,2
16,2,2,4,0.82947652599978,1.15247036299843,1,3,3
16,3,3,4,0.92761392200191,1.25200170500466,1,3,2
16,3,3,3,1.27788738199888,2.04639596599736,1,3,2
16,3,3,4,1.16454325400264,1.48517967700172,1,3,2
16,2,2,4,0.75259910600289,1.21710365400213,1,3,3
16,3,3,3,0.768289885003469,1.08425822499703,1,3,2
16,2,2,3,1.02863115200307,1.71690085800219,1,3,3
16,2,2,3,1.21570066399727,1.53553133300011,1,3,3
16,3,3,2,1.00989739999932,1.3353845199963,1,3,2
16,2,2,2,0.876432652999938,1.20157585700508,1,3,3
16,3,3,4,0.797585838998202,1.11804645200027,1,3,2
16,3,3,2,1.16889550499764,1.71274402099516,1,3,2
16,2,2,4,0.796387900001719,1.11853814799542,1,3,3
16,3,3,4,0.784743336997053,1.29586158999882,1,3,2
16,3,3,3,1.10105546600244,1.41832444200554,1,3,2
16,3,2,1,1.31619397000031,1.82870376900246,1,3,2
16,2,2,4,0.891766160995758,1.32380796999496,1,3,3
16,3,3,3,1.07947204400261,1.49491810399923,1,3,2
16,2,2,4,0.940331844998582,1.25145820100443,1,3,3
16,1,1,2,1.39765526400151,2.1332081760047,1,1,NaN
16,1,2,2,1.48792371300078,1.84040981600265,1,1,NaN
16,4,2,2,1.68699786800425,2.00276937000308,1,1,NaN
16,2,2,3,1.04637414999888,1.36828341399814,1,1,NaN
16,2,2,4,0.847497173002921,1.16808510300325,1,1,NaN
16,4,4,2,0.94510202499805,1.69757988899801,1,1,NaN
16,2,2,3,1.27787119999994,1.70926840500033,1,1,NaN
16,3,3,3,1.16123354600131,1.75359945200034,1,1,NaN
16,2,2,3,0.915362102998188,1.45887932099868,1,1,NaN
16,3,3,2,1.12974531900545,1.72139516800235,1,1,NaN
16,3,3,4,0.868804675999854,1.2206229020012,1,1,NaN
16,3,3,4,1.15641147099814,1.46880432599573,1,1,NaN
16,4,2,2,1.25684240300325,1.83285930800048,1,1,NaN
16,4,2,2,1.13547844800632,1.45213523100392,1,1,NaN
16,2,2,4,0.853430823000963,1.16846662800526,1,1,NaN
16,2,2,4,0.583775944003719,1.07939983499818,1,1,NaN
16,4,4,1,1.82156913599465,2.13583618999837,1,1,NaN
16,2,2,2,1.33516922299896,1.65512096499879,1,1,NaN
16,2,3,3,0.981528059004631,1.36517108100088,1,1,NaN
16,1,3,1,1.47119330400164,1.91921765900042,1,1,NaN
16,3,3,4,0.866250129998662,1.18618179899931,1,1,NaN
16,4,2,3,1.31543388199498,1.63584938399435,1,1,NaN
16,3,3,3,1.15348839899525,1.52180126500025,1,1,NaN
16,4,4,2,2.02112405699881,2.69263621299615,1,1,NaN
16,2,2,4,1.14433609900152,1.46844976899592,1,1,NaN
16,2,2,3,0.98925244199927,1.30143954199593,1,1,NaN
16,3,3,4,0.905762220005272,1.38604743400356,1,1,NaN
16,2,2,3,0.931010669002717,1.2515630429989,1,1,NaN
16,1,2,3,0.816931581000972,1.1345777519964,1,1,NaN
16,3,3,4,1.09218955400138,1.42836582600285,1,1,NaN
16,1,1,2,1.35574429699773,2.05975939299969,1,1,NaN
16,2,2,3,1.09645341300347,1.89728945300158,1,1,NaN
16,1,3,2,2.57341885100323,3.22952711800463,1,1,NaN
16,1,1,2,1.46659746700607,2.13822371200513,1,1,NaN
16,3,3,4,0.932486689001962,1.25155668200023,1,1,NaN
16,2,2,4,1.09749427399947,2.31346153499908,1,3,4
16,4,2,2,1.62888866299909,1.96468285300216,1,3,2
16,4,4,3,1.18224807500519,1.61408858900541,1,3,2
16,2,2,4,1.03834605099837,1.35153323599661,1,3,4
16,4,4,3,1.12796541600255,1.45221385400509,1,3,2
16,4,4,4,1.13451580899709,1.69436050199874,1,3,2
16,4,4,1,1.43435706700257,1.7550909979982,1,3,2
16,4,4,1,1.49281711499498,1.82897459399828,1,3,2
16,2,2,3,1.05146968500048,1.36814865300403,1,3,4
16,2,2,3,0.949177271999361,1.26824641999701,1,3,4
16,2,2,3,1.10652216999733,1.4424678860014,1,3,4
16,4,4,3,1.12976511000306,1.60913748900202,1,3,2
16,2,2,4,1.00151006800297,1.31828005600255,1,3,4
16,4,4,2,1.15645169799973,1.60500273099751,1,3,2
16,4,4,2,1.20480040399707,1.5184753289941,1,3,2
16,4,4,2,1.33598979800445,1.65602734300046,1,3,2
16,4,2,1,1.36585802600166,1.68570318099955,1,3,2
16,2,2,4,0.834219096999732,1.15181648200087,1,3,4
16,2,2,3,0.948784996995528,1.26812951499596,1,3,4
16,4,2,2,1.16926196499844,1.64960651299771,1,3,2
16,2,2,3,1.00785506299871,1.39242473700142,1,3,4
16,2,2,4,0.79329655100446,1.1012232840003,1,3,4
16,4,4,2,1.1328349989999,1.50123209800222,1,3,2
16,4,2,2,2.0010267990001,2.5456041590005,1,3,2
16,4,4,3,1.22640569099894,1.59476945799543,1,3,2
16,2,2,4,1.06745821599907,1.57979565799906,1,3,4
16,4,2,2,1.45243854900036,1.76857971600111,1,3,2
16,2,2,3,0.854097121002269,1.20539525200002,1,3,4
16,4,4,3,1.09365252200223,1.5581189930017,1,3,2
16,4,4,4,1.27165551899816,1.58520013299858,1,3,2
16,2,2,4,1.01592082299612,1.5437679530005,1,3,4
16,2,2,4,0.842913786000281,1.16816191899852,1,3,4
16,4,2,3,0.939352489003795,1.62719989900506,1,3,2
16,4,4,2,1.72262320799928,2.07475105499907,1,3,2
16,4,4,1,1.4794720179998,1.94317263999983,1,3,2
16,1,2,3,1.53645727300318,2.46466166600294,1,2,2
16,1,1,4,1.70970406800188,2.36573118899832,1,2,4
16,3,3,3,1.23084177599958,1.87081965000107,1,2,4
16,4,2,3,1.13975507199939,1.63485692399991,1,2,2
16,2,2,4,1.0734506910012,1.38489406000008,1,2,3
16,3,3,2,0.938719671998115,1.67458771499514,1,2,2
16,1,1,1,1.9276180490051,2.25268091600446,1,2,4
16,2,2,3,1.16525960800209,1.54899847900379,1,2,4
16,1,1,4,1.03946624300443,1.50309581900365,1,2,3
16,2,2,4,0.979614028998185,1.30151844600186,1,2,4
16,4,4,4,1.2800492959941,1.6022261659964,1,2,3
16,1,3,1,1.67979923899838,2.17597268299869,1,2,3
16,3,3,1,1.46413881199987,2.20009633700101,1,2,4
16,1,1,3,1.95253134600352,2.38452133099781,1,2,3
16,4,1,1,2.49562696600333,3.10389664499962,1,2,1
16,1,1,3,1.52210887700494,1.85816093500034,1,2,2
16,2,2,3,1.32012564600154,2.07150370100135,1,2,4
16,4,4,4,1.09215588099323,1.40164282099431,1,2,2
16,4,3,3,1.14765205900039,1.48337295600504,1,2,3
16,2,2,4,1.10500807099743,1.41827513300086,1,2,4
16,3,3,4,0.919603303002077,1.23460576100479,1,2,2
16,2,2,4,0.949891516000207,1.26806799600308,1,2,3
16,3,3,1,1.57182243499847,1.88536313299846,1,2,4
16,1,1,2,1.28842470300151,1.92784761099756,1,2,2
16,3,3,4,1.115141262002,1.78694909700425,1,2,4
16,2,2,3,1.36296100499749,2.0189293969961,1,2,1
16,4,4,3,1.47428010700241,1.84239768399857,1,2,3
16,1,1,2,1.76866125399829,2.85612957800186,1,2,4
16,3,3,4,1.12498528700235,1.58913688299799,1,2,2
16,4,4,1,2.05342189999647,3.17352363200189,1,2,1
16,4,2,3,1.15744746699784,1.54146705000312,1,2,2
16,4,1,1,2.02334896800312,2.33591888999945,1,2,1
16,4,4,4,1.27354583299893,1.58574960300029,1,2,2
16,4,4,1,2.0740816319958,2.38589096299984,1,2,3
16,3,3,3,1.57677385799616,1.90224955799931,1,2,2
16,4,4,3,1.33118570699298,1.76317435699457,1,2,3
16,2,3,4,1.03699566199793,1.35150412099756,1,2,1
16,3,3,3,1.0151290779977,1.75129250300233,1,2,1
16,2,2,4,0.976691610005219,1.30159483999887,1,2,1
16,3,4,2,1.96528383599798,2.39671948799514,1,2,4
16,1,1,2,1.2448357079993,1.91701743399608,1,2,4
16,2,2,4,1.02401571300288,1.51932411699818,1,2,1
16,4,2,1,2.32313982900087,2.78680504600197,1,2,2
16,4,3,3,1.53779120899708,1.98609599799966,1,2,3
16,1,1,4,1.13779288200021,1.4579489500029,1,2,2
16,1,3,2,1.97558537899749,2.48796997799946,1,2,3
16,3,4,3,1.25154499700147,1.65180182200129,1,2,4
16,4,3,1,1.68165834400133,2.00231346300279,1,2,3
16,4,4,3,2.51295510499767,2.99254202599695,1,2,3
16,2,3,1,1.60763665600098,2.23180126000079,1,2,3
16,1,1,2,1.27868831700471,2.06260878600006,1,2,3
16,3,3,2,1.94816106699727,2.79560222599684,1,2,1
16,2,2,3,1.24334998799895,1.8026643320045,1,2,3
16,1,4,1,2.1630067599981,2.69104862799577,1,2,4
16,1,2,2,1.33404350199999,1.83017052100331,1,2,2
16,3,3,3,1.14909093100141,1.54926220900234,1,2,4
16,1,1,4,1.07180399300705,1.55166795600235,1,2,3
16,3,3,4,1.10562999399554,1.53750940600003,1,2,4
16,3,3,4,1.06019653999829,1.47655092400237,1,2,4
16,1,1,4,1.25711165699613,1.67356985499646,1,2,4
16,1,1,3,1.2068776429951,1.51837715399597,1,2,4
16,2,2,3,1.01780100999895,1.33479817100306,1,2,4
16,3,3,4,0.980948045995319,1.30154693499935,1,2,1
16,4,4,4,1.55274331200053,1.93695660799858,1,2,3
16,3,3,3,1.39558710500569,1.8756234790053,1,2,1
16,1,1,4,1.07978311400075,1.40165637999598,1,2,2
16,3,3,4,0.94436764800048,1.26831945899903,1,2,4
16,2,2,4,0.893445554000209,1.21811831199739,1,2,3
16,2,2,3,1.02094206100446,1.53288271400379,1,2,3
16,4,3,2,1.19994989800034,1.90387376099534,1,2,3
16,1,2,3,0.985245420000865,1.52895636400353,1,1,NaN
16,3,3,4,0.988584459999402,1.30137681099586,1,1,NaN
16,1,1,3,1.09708194999985,1.4183621159973,1,1,NaN
16,3,3,3,1.04031920299894,1.56795980800234,1,1,NaN
16,3,3,1,1.3616986249981,1.95360184099991,1,1,NaN
16,1,3,1,2.19512885100266,2.93092887500097,1,1,NaN
16,4,4,2,1.54849855199427,2.10866267399979,1,1,NaN
16,4,4,2,2.31214657000237,2.77577637899958,1,1,NaN
16,2,2,4,0.872151207004208,1.18464764200326,1,1,NaN
16,4,2,1,2.92048696200072,3.28854221300571,1,1,NaN
16,3,3,3,0.899424326998997,1.3477783519993,1,1,NaN
16,1,1,2,1.13416018400312,1.74268863200268,1,1,NaN
16,1,1,2,1.20900741500373,1.53530499100452,1,1,NaN
16,2,2,4,0.891733797994675,1.20135281900002,1,1,NaN
16,1,1,2,1.03543354100111,1.51605800499965,1,1,NaN
16,1,1,2,2.28783116800332,2.60775789100444,1,1,NaN
16,3,3,3,1.22302549199958,1.67088648900244,1,1,NaN
16,4,4,3,1.23577956900408,1.55180174099951,1,1,NaN
16,1,1,3,1.20583154999622,1.51835992899578,1,1,NaN
16,2,2,4,0.840937303997634,1.1512698919978,1,1,NaN
16,3,3,4,0.907446474004246,1.21807544900366,1,1,NaN
16,3,3,4,1.0028670440006,1.3186959099985,1,1,NaN
16,2,2,4,0.870892897997692,1.18468504100019,1,1,NaN
16,2,2,4,1.06390978599666,1.38492614699499,1,1,NaN
16,3,3,3,1.28040242299903,1.60176513699844,1,1,NaN
16,1,1,3,1.13641412300058,1.45158607300255,1,1,NaN
16,4,4,1,2.00605253200047,2.32619448500191,1,1,NaN
16,4,1,1,1.89696606500365,2.21912227400026,1,1,NaN
16,3,2,1,0.911062575003598,2.3833932100024,1,1,NaN
16,3,3,3,0.880156049999641,1.20144806600001,1,1,NaN
16,4,4,3,1.20045292899886,1.51849991500058,1,1,NaN
16,3,1,2,1.69938828599697,2.01881837799738,1,1,NaN
16,2,2,4,0.914400524001394,1.23482833900198,1,1,NaN
16,4,2,3,0.929363201998058,1.25130625299789,1,1,NaN
16,1,1,4,0.831068617997516,1.15131340600055,1,1,NaN
16,4,4,4,1.11251007100509,1.83234722199995,1,3,3
16,3,3,4,0.991796237001836,1.32789514500473,1,3,4
16,3,3,3,1.30668787499599,1.61849530099425,1,3,4
16,3,3,4,1.17839185499906,1.50172301499697,1,3,4
16,3,3,4,0.78114510299929,1.10118414700264,1,3,4
16,4,4,3,1.10585178899782,1.50546708000184,1,3,3
16,4,4,3,0.998344744999486,1.35015864400339,1,3,3
16,4,4,3,1.32802603099844,1.6520000169985,1,3,3
16,4,4,2,1.75679181899613,2.06885425799555,1,3,3
16,3,4,1,1.08189027199842,2.28162544299994,1,3,4
16,3,3,4,0.974252438994881,1.28478285799793,1,3,4
16,4,4,2,1.1151899739998,1.56349269099883,1,3,3
16,4,3,2,1.61349075700127,1.93571368200355,1,3,3
16,3,3,2,1.35918871700414,1.83936859200185,1,3,4
16,4,4,4,1.22151499200118,1.54214680499717,1,3,3
16,3,3,4,1.08084926699667,1.41624042799958,1,3,4
16,3,3,3,0.864229437000176,1.18485616600083,1,3,4
16,3,3,3,1.52116845900309,1.969377403002,1,3,4
16,4,4,3,1.02531644800183,1.33467155099788,1,3,3
16,4,4,2,1.42021263399511,1.82052727099654,1,3,3
16,4,4,1,2.73929734000558,3.05342423900584,1,3,3
16,4,4,4,0.96818493000319,1.31933702399692,1,3,3
16,3,3,4,0.899409664998529,1.21812399600458,1,3,4
16,3,3,4,0.851080009997531,1.95509821899759,1,3,4
16,4,4,3,0.852829919997021,1.16799211999751,1,3,3
16,3,3,3,1.20600917100091,1.51827585799765,1,3,4
16,3,3,4,1.20884055300121,1.51821029499843,1,3,4
16,3,3,2,1.6122669940014,2.4279254649955,1,3,4
16,3,3,4,0.922831327996391,1.27464444299403,1,3,4
16,4,4,3,1.19220872999722,1.5016495220043,1,3,3
16,4,3,2,1.42028392499924,1.9483257489992,1,3,3
16,4,4,3,0.990070683998056,1.32655560699641,1,3,3
16,3,3,4,0.986309587002324,1.30564722699637,1,3,4
16,3,3,3,2.21389415299927,2.53618736100179,1,3,4
16,4,4,4,0.767774250998627,1.08454112499749,1,3,3
16,2,2,4,1.13492051299545,1.99896936799632,1,3,1
16,2,2,4,0.815243491000729,1.32712777199777,1,3,1
16,2,2,3,0.794688569003483,1.11812037200434,1,3,1
16,2,2,4,0.926711867003178,1.23470346000249,1,3,1
16,2,2,4,0.844228149006085,1.21200358100032,1,3,1
16,2,2,3,0.82911486300145,1.18092420000175,1,3,1
16,2,2,4,0.783059832996514,1.10141135999584,1,3,1
16,1,2,2,0.946541901001183,1.36319415899925,1,3,2
16,1,2,2,1.75749903100223,2.06899742499809,1,3,2
16,1,1,4,0.8102539169995,1.17799553099758,1,3,2
16,1,2,1,1.41944901799434,1.73525734199939,1,3,2
16,2,2,4,0.885909821998212,1.20131247899553,1,3,1
16,2,2,3,1.27069930300058,1.62201248900237,1,3,1
16,2,2,3,0.77383231499698,1.2376313929999,1,3,1
16,2,2,1,1.26884392899956,1.63668509599665,1,3,1
16,1,3,4,0.915025244001299,1.2671589370002,1,3,2
16,1,1,3,2.59264019099646,3.90434360299696,1,3,2
16,2,2,4,1.02610637500038,1.37825169200369,1,3,1
16,2,2,4,1.24255294800241,1.56928234500083,1,3,1
16,1,1,2,0.844012189998466,1.56398118299694,1,3,2
16,1,1,4,0.942428506001306,1.31038972500392,1,3,2
16,1,1,3,0.698624060998554,1.03378807399713,1,3,2
16,2,2,3,1.08985475599911,1.48902385900146,1,3,1
16,2,2,4,0.789714090999041,1.10127909500443,1,3,1
16,2,2,4,1.11460173000523,1.43492436400265,1,3,1
16,2,2,2,1.23337588999857,1.58570320699801,1,3,1
16,2,2,4,0.785870470994269,1.10612754499743,1,3,1
16,2,2,4,0.838435045996448,1.15117401199677,1,3,1
16,2,2,2,1.04892089199711,1.36827866999374,1,3,1
16,2,2,1,0.753857860996504,1.32989948099566,1,3,1
16,1,1,4,0.782137369002157,1.11816789700242,1,3,2
16,2,2,3,0.801362983998843,1.3291388889993,1,3,1
16,1,1,4,0.829094149004959,1.15144941000472,1,3,2
16,2,2,4,0.847567994998826,1.16808370500075,1,3,1
16,1,1,3,0.672783982998226,0.993106162997719,1,3,2
16,2,2,2,0.959319596993737,1.82335057699675,1,1,NaN
16,4,4,3,1.01445978899574,1.3348960450021,1,1,NaN
16,1,1,4,1.00887899499503,1.39319145199988,1,1,NaN
16,3,3,2,1.04941171200335,1.40131670299888,1,1,NaN
16,1,3,1,2.13019426700339,2.45281704799709,1,1,NaN
16,1,1,4,1.11852758500027,1.43504072700307,1,1,NaN
16,4,3,2,1.3170068219988,1.63489139999729,1,1,NaN
16,4,2,3,1.02756462300022,1.41159911700379,1,1,NaN
16,2,2,3,0.843862484995043,1.16820089799876,1,1,NaN
16,2,2,4,0.796983427004307,1.11803465700359,1,1,NaN
16,1,2,1,1.90481235700281,2.24127385400061,1,1,NaN
16,2,2,4,0.918589969995082,1.23475016999873,1,1,NaN
16,2,2,2,1.04603963800037,1.55776990199956,1,1,NaN
16,1,1,3,1.63995711800089,2.05553102499834,1,1,NaN
16,2,2,3,0.836935535000521,1.17336595599772,1,1,NaN
16,3,3,4,0.950740546999441,1.26820275500359,1,1,NaN
16,3,3,2,1.6846876280033,2.16430776900233,1,1,NaN
16,2,2,4,0.782039822006482,1.10126212800242,1,1,NaN
16,3,2,2,1.74566705399775,2.06945951899979,1,1,NaN
16,4,4,3,1.15097782399971,1.6790374389966,1,1,NaN
16,2,2,3,0.940330534998793,1.29239431099995,1,1,NaN
16,1,1,2,1.49676741700387,1.92847409300157,1,1,NaN
16,4,4,2,1.24387387499883,1.56870528699801,1,1,NaN
16,3,3,2,2.42894714899739,2.84484798800258,1,1,NaN
16,4,4,1,2.60176626499742,3.03382409899496,1,1,NaN
16,3,3,2,1.34416578600212,1.68006526699901,1,1,NaN
16,1,2,3,1.38870166499692,1.7019183989978,1,1,NaN
16,3,3,2,0.952634351997403,1.52836530200148,1,1,NaN
16,4,1,2,1.7884329869994,2.10222700300073,1,1,NaN
16,4,2,2,1.0632811989999,1.44748862300185,1,1,NaN
16,3,3,3,0.909791205995134,1.23464745000092,1,1,NaN
16,3,2,3,2.15724116499769,2.58916323100129,1,1,NaN
16,4,1,4,1.38025390099938,1.70205408199399,1,1,NaN
16,2,2,4,0.896826181000506,1.21814836400154,1,1,NaN
16,2,4,2,1.4399835400036,1.82402126100351,1,1,NaN
16,2,2,1,1.43637044299976,1.97983088900219,1,2,3
16,2,2,3,0.908994828998402,1.61345058600273,1,2,1
16,4,4,3,1.32493409000017,1.96549491000042,1,2,3
16,3,3,3,1.10275522200391,2.0141708020019,1,2,1
16,4,4,1,2.07808509800088,2.40273315100058,1,2,3
16,4,4,3,1.93324000600114,2.26917805500125,1,2,2
16,3,3,2,1.00897526199697,1.36086641499423,1,2,1
16,1,1,4,0.955044510999869,1.26809185400634,1,2,3
16,3,4,4,1.04773372100317,2.60006498700386,1,2,2
16,4,4,3,1.66285579800024,1.9855484580039,1,2,3
16,3,3,3,1.37554965000163,1.82376500400278,1,2,4
16,1,2,2,1.15867204799724,1.73424983799487,1,2,2
16,1,1,3,1.21690210400266,1.71254662099818,1,2,3
16,3,2,1,1.10029080499953,1.56465784600005,1,2,2
16,3,3,3,0.92651230199408,1.26220739699784,1,2,2
16,4,2,2,1.0052164650042,1.51699677900615,1,2,2
16,2,2,3,0.896161210999708,1.26386462100345,1,2,3
16,1,4,3,1.08669406000263,1.53408408699761,1,2,4
16,4,4,2,3.29740412200044,3.98527742199803,1,2,3
16,1,1,4,1.29576756599999,1.79180081799859,1,2,4
16,4,4,2,1.46446375099913,2.19994518300518,1,2,2
16,4,4,3,2.36800318099995,3.0882710980004,1,2,1
16,2,2,3,0.914860933000455,1.61858149999898,1,2,1
16,3,3,4,1.34644214999571,1.71459596799832,1,2,1
16,3,3,2,2.25433616800001,3.47022650299914,1,2,4
16,2,2,3,1.00914121599635,1.60131957599515,1,2,1
16,4,4,2,2.03326382600062,2.62490113799868,1,2,3
16,1,1,4,1.01542511700245,1.35085075299867,1,2,4
16,4,4,4,1.21716131099674,1.61775627199677,1,2,2
16,1,1,3,1.42434964000131,1.84085704699828,1,2,2
16,2,2,4,0.88722217400209,1.25477197600412,1,2,4
16,3,3,1,3.06120604199532,3.42944551599794,1,2,1
16,4,4,1,1.29026645200065,1.61029454699747,1,2,2
16,2,2,2,0.970495392997691,1.43398356700345,1,2,3
16,1,1,2,2.16120234100526,2.94511014000454,1,2,4
16,1,1,3,1.31594194300123,1.73210785500123,1,2,4
16,1,1,3,1.29486872300185,1.61855053400359,1,2,4
16,4,2,3,1.07024521400308,1.38491975500074,1,2,2
16,3,1,1,2.43928797300032,2.75313903099595,1,2,1
16,1,1,3,1.23981873500452,1.59181486099988,1,2,4
16,4,4,3,0.983967075000692,1.32054234899988,1,2,1
16,4,4,2,3.09117017899553,3.47456017499644,1,2,2
16,2,2,2,0.966427018000104,1.5103958969994,1,2,4
16,3,3,3,1.85004324399779,2.63436610599456,1,2,1
16,3,3,3,1.55134150500089,2.06313984799635,1,2,1
16,4,4,1,2.81262703800166,3.56461813399801,1,2,3
16,1,3,1,0.972961961000692,2.20503597000061,1,2,3
16,1,1,4,1.36430056300014,1.68516322899814,1,2,4
16,2,2,4,0.928481547001866,1.25154197899974,1,2,3
16,3,3,4,1.24627656899975,1.56818568200106,1,2,2
16,4,3,2,1.36030617699726,1.85573039899464,1,2,3
16,1,1,4,1.06130122699687,1.38514618000045,1,2,4
16,4,4,4,1.16668615800154,1.48500524699921,1,2,3
16,3,3,2,1.58612494100089,2.08238150399848,1,2,4
16,1,1,3,1.45466047400259,1.76873976900242,1,2,3
16,4,4,2,1.64019649300462,2.26401072800218,1,2,3
16,1,1,3,1.19710949600267,1.58158277499751,1,2,4
16,1,1,1,2.07858826099982,2.41415463300655,1,2,2
16,4,4,3,2.60554933600361,3.00534388400411,1,2,1
16,2,2,3,1.01181401299982,1.36399993899977,1,2,4
16,3,3,3,2.04551798399916,2.43006819299626,1,2,1
16,2,2,4,0.860822734000976,1.18481125299877,1,2,4
16,3,3,2,1.22949622200395,2.58975126300356,1,2,2
16,4,4,1,2.45283335100248,2.86880602500605,1,2,2
16,2,2,4,0.816649419000896,1.13457768200169,1,2,4
16,4,4,2,1.42722513600165,1.82652615000552,1,2,2
16,2,2,4,0.794419934005418,1.17788559600012,1,2,1
16,3,3,4,0.939538234000793,1.2514370170029,1,2,4
16,2,2,4,1.08202232999611,1.40173396099999,1,2,1
16,2,2,4,0.849757678995957,1.16797551499621,1,2,4
16,3,3,4,1.1145821970058,1.43472006700176,1,3,1
16,3,3,4,0.817120125000656,1.13461805599945,1,3,1
16,1,1,2,1.34889375300554,1.79635929200595,1,3,3
16,1,1,3,1.08517742900585,1.67660108000564,1,3,3
16,1,1,4,0.953803974000039,1.26808585100662,1,3,3
16,3,3,4,0.999195782998868,1.31780566000089,1,3,1
16,1,1,3,0.947250962999533,1.60327976800181,1,3,3
16,3,3,2,1.02655189199868,1.53858297399711,1,3,1
16,1,1,3,1.11004573199898,1.43508313399798,1,3,3
16,3,3,4,0.94055309399846,1.25140995100082,1,3,1
16,3,3,4,0.76154988000053,1.08458220099419,1,3,1
16,1,1,3,0.782893928000703,1.1825935970046,1,3,3
16,3,3,4,1.03985119300341,1.35157464100485,1,3,1
16,1,1,3,1.37041462199704,1.68982619899907,1,3,3
16,1,1,4,0.806739598003333,1.11781662900466,1,3,3
16,1,1,3,1.11434119500336,1.5305847280033,1,3,3
16,3,3,1,2.15762606499629,2.63777822699922,1,3,1
16,3,3,2,1.74692701100139,2.0991607390024,1,3,1
16,1,1,2,0.911217143999238,1.455312048005,1,3,3
16,1,1,1,1.62130432800041,1.93538727599662,1,3,3
16,1,1,2,0.823951135003881,1.25529024400021,1,3,3
16,3,1,1,2.53393386199605,2.85329248500057,1,3,1
16,1,1,2,1.21797713999695,1.5382184150003,1,3,3
16,3,3,3,1.12522754399834,1.43497873500019,1,3,1
16,3,3,4,0.827481591004471,1.15140266500384,1,3,1
16,1,1,4,1.13435192799807,1.45147399199777,1,3,3
16,1,1,3,0.900217223002983,1.21794716900331,1,3,3
16,1,1,3,0.804095772000437,1.11794517900125,1,3,3
16,1,1,3,0.822492653998779,1.13448897699709,1,3,3
16,1,1,2,1.11387671400007,1.43500745100027,1,3,3
16,1,1,1,1.66419691299961,2.40103031799663,1,3,3
16,1,1,3,1.27935399299895,1.60193648299901,1,3,3
16,1,1,3,1.15119795299688,1.48732689299504,1,3,3
16,3,3,3,0.9002813860061,1.21805578200292,1,3,1
16,3,3,3,0.803455231995031,1.1179621170013,1,3,1
16,2,2,2,1.07016830999783,1.96621373599919,1,1,NaN
16,2,2,4,0.768165518005844,1.08473766600218,1,1,NaN
16,2,2,3,1.12481729900173,1.43493974999728,1,1,NaN
16,2,2,3,0.84419513100147,1.16810231399722,1,1,NaN
16,3,3,4,1.02191652899637,1.59780708300241,1,1,NaN
16,3,3,3,1.15039805000561,1.58232004400634,1,1,NaN
16,2,2,4,0.847245830998872,1.16796722599975,1,1,NaN
16,1,1,2,0.993392003998451,1.39331271399715,1,1,NaN
16,1,2,2,1.92973748000077,2.31409470800281,1,1,NaN
16,3,3,4,1.03689658999792,1.4046232460023,1,1,NaN
16,1,1,2,1.86146388800262,2.42144232800638,1,1,NaN
16,3,3,3,1.05944675399951,1.47550721000152,1,1,NaN
16,3,4,1,1.9927313770022,2.31942597899615,1,1,NaN
16,1,1,4,1.25902795999718,1.58528918299999,1,1,NaN
16,2,2,3,0.908071920996008,1.27576967599452,1,1,NaN
16,4,4,2,1.62529711399839,1.9522229619979,1,1,NaN
16,3,3,3,0.986453351004457,1.30140312400181,1,1,NaN
16,3,3,3,0.82344086899684,1.13466711399815,1,1,NaN
16,3,3,3,0.794237925001653,1.11819415500213,1,1,NaN
16,1,1,3,1.693944259001,2.01917281700298,1,1,NaN
16,2,2,2,0.8444026280049,1.16812668100465,1,1,NaN
16,3,4,1,1.53397839500394,1.85471651700209,1,1,NaN
16,1,1,3,1.04387826399761,1.41203463800048,1,1,NaN
16,3,3,4,0.92372399699525,1.26029620099871,1,1,NaN
16,2,2,2,0.890330378002545,1.2263077930038,1,1,NaN
16,3,3,4,0.938269807003962,1.32214079900587,1,1,NaN
16,2,2,4,1.17374474900134,1.58926503999828,1,1,NaN
16,3,3,3,0.790402196995274,1.10132807299669,1,1,NaN
16,4,2,3,0.874317896996217,1.18471637299808,1,1,NaN
16,4,4,2,1.3878962519957,1.70178902799671,1,1,NaN
16,2,2,4,0.822992349996639,1.13459939099994,1,1,NaN
16,2,2,3,0.778516010002932,1.13020805700216,1,1,NaN
16,3,2,2,1.14990023899736,1.79017660200043,1,1,NaN
16,1,4,2,1.5907835140024,1.91071077399829,1,1,NaN
16,3,2,1,1.5299184989999,1.85210902199469,1,1,NaN
16,4,4,3,0.964965153005323,1.28458473199862,1,3,1
16,1,1,2,0.897648348000075,1.24984537799901,1,3,4
16,1,1,2,1.27877553099825,1.61483232300088,1,3,4
16,4,1,4,0.718902736000018,1.10322568300035,1,3,1
16,4,4,3,0.835776760999579,1.21927240000514,1,3,1
16,4,4,4,1.04306263100443,1.36839079100173,1,3,1
16,1,2,2,0.876634136002394,2.124174468001,1,3,4
16,4,4,2,0.982839429998421,1.30325997299951,1,3,1
16,4,4,2,0.883935175996157,1.2032195799984,1,3,1
16,1,1,2,0.883862498005328,1.25143839700468,1,3,4
16,4,4,2,0.850319582998054,1.16793889700057,1,3,1
16,4,4,4,0.899422230999335,1.21804413400241,1,3,1
16,1,1,4,0.787074434003443,1.28348684999946,1,3,4
16,4,4,2,0.912477060999663,1.44037525299791,1,3,1
16,4,4,4,0.822771275998093,1.2062209220021,1,3,1
16,1,1,3,1.1107586030048,1.94271668700094,1,3,4
16,4,4,3,0.825374201005616,1.38521667800524,1,3,1
16,1,1,3,1.20133613100188,1.64966479400027,1,3,4
16,4,4,4,0.799993341002846,1.19936361000146,1,3,1
16,4,4,4,0.752119513002981,1.08833289999893,1,3,1
16,1,1,3,1.23735592199955,1.5573531609989,1,3,4
16,4,4,3,0.934551150996413,1.25477565099573,1,3,1
16,4,4,4,1.17324784300581,1.4850839100036,1,3,1
16,1,1,4,0.93810174799728,1.25142418099858,1,3,4
16,1,4,2,1.48001651000232,1.80211752100149,1,3,4
16,1,1,1,1.23150496299786,1.77560377700138,1,3,4
16,4,4,3,1.28937392999796,1.62540217900096,1,3,1
16,4,4,4,1.12794331100304,1.45169379300205,1,3,1
16,4,4,2,1.26178055399942,1.5851165109998,1,3,1
16,4,4,4,0.846963486997993,1.16801744999975,1,3,1
16,1,1,3,0.768050540995318,1.16851314099767,1,3,4
16,1,1,2,1.04215533300157,1.61823449800431,1,3,4
16,4,1,1,1.16984754199802,1.77781179799786,1,3,1
16,4,4,3,0.810837409997475,1.1346749919976,1,3,1
16,4,4,4,0.749907119999989,1.06792684600077,1,3,1
16,1,1,3,0.906497424999543,1.36984945600125,1,2,2
16,1,1,4,1.20369825100352,1.51838451100048,1,2,2
16,4,2,2,1.52683765399706,2.23126636399684,1,2,2
16,4,4,3,1.45287787599955,1.85286947900022,1,2,2
16,1,1,4,0.931038243004878,1.26748589899944,1,2,3
16,3,3,4,0.912653430998034,1.23473789999844,1,2,4
16,4,4,3,1.07182480299525,1.80759733699961,1,2,2
16,1,1,3,1.23938511400047,1.55960902100196,1,2,3
16,1,1,3,1.36898754299909,2.02535963099945,1,2,4
16,3,3,4,1.09634309599642,1.41836853200221,1,2,4
16,4,4,4,1.1356127340041,1.55129041300097,1,2,3
16,2,2,2,1.0889034780048,1.50495504699938,1,2,4
16,1,4,1,1.98976452300121,2.50167279900052,1,2,4
16,4,4,3,1.82442104600341,2.32052612000552,1,2,1
16,4,1,1,2.70685627099738,3.18631188199652,1,2,1
16,1,1,2,1.23349590800353,1.77725247700437,1,2,4
16,1,2,2,1.97822238300432,2.66569964500377,1,2,2
16,2,2,4,0.910270774002129,1.23479300700274,1,2,4
16,2,2,4,0.893485715998395,1.21821659899433,1,2,3
16,1,1,3,1.08485051699972,1.53329991100327,1,2,4
16,4,4,4,1.05605199799902,1.36822185100027,1,2,1
16,1,1,4,1.11303251500067,1.43503832900024,1,2,4
16,2,2,4,0.751811885995266,1.06786127499799,1,2,3
16,4,4,2,1.82942191500479,2.18213392500184,1,2,1
16,3,3,1,1.88664506400528,2.20246574900375,1,2,2
16,3,3,4,0.934085680994031,1.25140700799966,1,2,2
16,3,3,3,1.07576198300376,1.63606255700142,1,2,4
16,2,2,4,0.818124491001072,1.1346171710029,1,2,4
16,3,3,3,0.901310438996006,1.21795911800291,1,2,1
16,3,3,4,1.09347208600229,1.4183520880033,1,2,4
16,1,1,2,0.988778491999255,1.40486568499909,1,2,2
16,1,1,1,2.24447001299995,2.56957963400055,1,2,4
16,3,3,3,1.00509393999528,1.31815636399551,1,2,2
16,4,1,1,2.55249900299532,2.87238578599499,1,2,1
16,2,2,4,1.12409457500326,1.43487256200024,1,2,1
16,4,4,2,1.08763310399809,1.42345617600222,1,1,NaN
16,1,2,1,0.854948727996089,1.89549656099553,1,1,NaN
16,4,4,3,1.08306115499727,1.40181623399985,1,1,NaN
16,2,2,4,0.771367655994254,1.18782048799767,1,1,NaN
16,1,1,3,1.20473124500131,1.52469714600011,1,1,NaN
16,3,3,3,0.88826506100304,1.20140276400343,1,1,NaN
16,2,2,2,1.51177393000398,1.83547741700022,1,1,NaN
16,2,2,4,0.798465873005625,1.11791186600021,1,1,NaN
16,2,2,4,0.753716525003256,1.06780332700146,1,1,NaN
16,4,4,2,1.04803046799498,1.4316771179947,1,1,NaN
16,1,1,1,1.51929374199972,1.96778560099483,1,1,NaN
16,1,1,3,0.864603619003901,1.18461809300061,1,1,NaN
16,3,2,3,1.21760053199978,1.71321530799469,1,1,NaN
16,1,2,3,1.03677629599406,1.35708525099471,1,1,NaN
16,1,4,1,1.43095000500034,1.81415674599702,1,1,NaN
16,2,3,2,1.75827584400395,2.23816857400379,1,1,NaN
16,3,3,3,1.28405498299981,1.6016657930013,1,1,NaN
16,4,4,3,1.20417369499773,1.51840014299523,1,1,NaN
16,1,1,2,1.15970516500238,1.5593089660033,1,1,NaN
16,4,2,1,1.70539554300194,2.1851634850027,1,1,NaN
16,4,4,1,1.20152599699941,1.55293606000487,1,1,NaN
16,2,2,3,1.01151411899627,1.37941709000006,1,1,NaN
16,3,3,4,0.956260377002764,1.26809440599754,1,1,NaN
16,1,1,3,1.27449192199856,1.58512038800109,1,1,NaN
16,2,2,2,1.08289578199765,1.4016624950018,1,1,NaN
16,2,2,2,0.866575235006167,1.18471487700299,1,1,NaN
16,3,3,3,0.931827611995686,1.25141933499981,1,1,NaN
16,1,1,3,1.36248826600058,1.68520967600489,1,1,NaN
16,4,4,2,1.21443705700221,1.63047826700495,1,1,NaN
16,3,3,3,1.11788478700328,1.45387200900586,1,1,NaN
16,3,3,3,0.852060507000715,1.16806135299703,1,1,NaN
16,4,4,2,1.55717385900061,1.88551698299852,1,1,NaN
16,1,1,2,1.51404727699992,1.89759083500394,1,1,NaN
16,1,1,2,1.66212398700009,1.98572077899735,1,1,NaN
16,1,3,2,1.29429928299942,1.93413182399672,1,1,NaN
17,2,2,2,4.09548516399809,5.13555881700449,1,2,1
17,1,1,3,5.35835913899791,5.88664642100048,1,2,4
17,1,3,4,2.92721383799653,4.09476510999957,1,2,2
17,4,1,1,6.48866394200013,7.75259996899695,1,2,1
17,2,2,3,2.02840425499744,2.66867294999975,1,2,1
17,3,3,4,3.34423079599947,4.78424412300228,1,2,2
17,2,3,4,2.03064414700202,2.52654162900581,1,2,1
17,2,2,4,4.55286362499464,6.37632943899371,1,2,3
17,1,1,4,3.90863060000265,5.14068112800305,1,2,4
17,3,2,4,2.08328020099725,2.75485787199432,1,2,2
17,4,3,3,2.6279141720006,3.30034735499794,1,2,2
17,1,2,2,5.43823051000072,6.12702947999787,1,2,2
17,4,3,3,3.71642082399921,4.59669098800077,1,2,3
17,1,2,3,3.57854392499576,6.40964855899801,1,2,2
17,1,1,2,3.73285777499405,4.50054782799998,1,2,4
17,1,1,3,2.36631876599859,2.86179926600016,1,2,2
17,2,2,3,2.21850634300063,3.43420293500094,1,2,3
17,1,3,4,2.19141679699533,2.55935767699702,1,2,3
17,2,2,2,4.26455398300459,4.8569805080042,1,2,3
17,4,4,3,1.5548690680007,4.45118103700224,1,2,2
17,3,2,4,1.99867304499639,2.478143499,1,2,2
17,1,1,2,4.17064516800019,4.66703249899729,1,2,3
17,4,4,2,3.43752197400318,3.94936231100291,1,2,1
17,3,3,4,2.31673938500171,2.89344100200105,1,2,4
17,3,3,4,2.07186246300262,2.50306430899946,1,2,1
17,3,3,4,2.06631938600185,2.38592418900225,1,2,4
17,2,2,4,1.74637637600244,2.08201445300074,1,2,4
17,4,3,3,2.38255518999358,2.89499196099496,1,2,3
17,2,2,4,2.09035436699924,2.68210132099921,1,2,4
17,2,2,4,1.67762604600284,2.0025283060022,1,2,1
17,4,4,3,2.46121354099887,3.35709459299687,1,2,1
17,2,2,4,2.03761992899672,3.6054747379967,1,2,3
17,4,4,2,4.19415719500103,4.54668282499915,1,2,1
17,2,2,3,1.56218789500417,2.44189657599782,1,2,3
17,2,2,3,3.38305787900026,3.70415824800148,1,2,3
17,1,1,3,1.76599718000216,3.31760568300524,1,1,NaN
17,3,3,3,1.87183667199861,2.54318858899933,1,1,NaN
17,4,2,2,2.42450390799786,2.84080708099646,1,1,NaN
17,3,4,2,6.6307045519934,7.19056563999766,1,1,NaN
17,4,2,3,2.28810742200585,2.81634878300247,1,1,NaN
17,1,2,2,4.12675247200241,4.78292607200274,1,1,NaN
17,1,2,2,3.4042089680006,4.90848568199726,1,1,NaN
17,4,2,3,3.02883087399823,4.29208017999918,1,1,NaN
17,1,1,4,1.49454671400599,2.05405314599921,1,1,NaN
17,1,1,3,2.45198238399462,2.80363477899664,1,1,NaN
17,3,2,2,4.00121221599693,4.32158849100233,1,1,NaN
17,3,3,3,2.6573047109996,4.75390380699537,1,1,NaN
17,2,2,4,1.79179490200477,2.36782262100314,1,1,NaN
17,4,4,3,1.99971510600153,2.656152415002,1,1,NaN
17,1,2,2,3.588120583001,3.97227585899964,1,1,NaN
17,4,3,3,1.53910000799806,2.3067236709976,1,1,NaN
17,3,1,1,5.82981040800223,6.18221709800127,1,1,NaN
17,4,4,2,2.10605434000172,2.68226391499775,1,1,NaN
17,3,2,3,1.26285383399954,1.63033754900243,1,1,NaN
17,2,2,4,1.38940342900605,1.72583030200622,1,1,NaN
17,3,3,2,3.6081605319996,3.96009375600261,1,1,NaN
17,4,4,3,2.16706642700592,2.8077654620065,1,1,NaN
17,1,1,2,1.62204156500229,4.93431878599949,1,1,NaN
17,2,2,4,1.96539256999677,2.66950483399705,1,1,NaN
17,4,2,3,1.64909642199927,1.96884484100156,1,1,NaN
17,1,2,3,2.22524704600073,3.40973168500204,1,1,NaN
17,2,2,2,1.31846082300035,1.75110374700307,1,1,NaN
17,2,2,3,1.40887324199866,2.384798649,1,1,NaN
17,3,3,3,1.93596755999897,4.84761592999712,1,1,NaN
17,4,2,2,1.67329168500146,3.88142005699774,1,1,NaN
17,1,3,2,3.50097453600029,4.3969504340057,1,1,NaN
17,1,3,2,4.33003637200454,4.73055177700007,1,1,NaN
17,3,3,3,1.7061159129953,2.18603590299608,1,1,NaN
17,2,2,3,1.37732588499784,1.77778279299673,1,1,NaN
17,3,3,3,1.81737025499751,2.13509538799553,1,1,NaN
17,3,3,4,2.15493103100016,3.56327072899876,2,3,4
17,4,4,3,2.1224229990039,4.17041804199835,2,3,3
17,4,3,2,4.80072435300099,5.53705072800221,2,3,3
17,3,3,4,1.24816058999568,1.58384150599886,2,3,4
17,3,3,4,1.40877877500316,1.73553310699936,2,3,4
17,4,4,3,1.4032158159971,1.77121881499625,2,3,3
17,4,4,4,1.47531757400429,1.90708621700469,2,3,3
17,3,3,4,1.12667884900293,1.46242507800343,2,3,4
17,4,3,2,3.90115712799889,4.55693843799963,2,3,3
17,3,3,2,1.23536362999585,1.68383049699332,2,3,4
17,3,3,3,1.90341094400355,2.31939030800277,2,3,4
17,3,3,3,1.24930366400076,1.69794529100182,2,3,4
17,3,3,4,1.3580562749994,1.66850225999951,2,3,4
17,4,4,3,1.73933201099862,4.07486949099984,2,3,3
17,4,4,3,1.57393139499618,2.38993346999632,2,3,3
17,4,4,4,1.58932094599731,2.0699005169954,2,3,3
17,3,3,4,1.2176359360019,1.61783778399695,2,3,4
17,4,4,3,1.3606926930006,2.17657273000077,2,3,3
17,3,3,4,1.28900125899963,3.9284210629994,2,3,4
17,4,4,3,1.54502625400346,2.58507335300237,2,3,3
17,3,3,3,1.90441395900416,2.75187712200568,2,3,4
17,4,4,3,1.39275650700438,1.71855739500461,2,3,3
17,4,3,2,1.69123433400091,2.10777602300368,2,3,3
17,4,4,4,1.62227834900114,2.05486055200163,2,3,3
17,4,4,3,1.55557171400142,2.13142256599531,2,3,3
17,3,3,2,1.6308536439974,2.38271275999432,2,3,4
17,3,3,4,1.2152201659992,1.53515747199708,2,3,4
17,3,3,4,1.44147155200335,1.76857364800526,2,3,4
17,4,4,4,1.19358787399688,1.78539846400236,2,3,3
17,4,4,3,1.4419602650014,1.98627240399946,2,3,3
17,4,4,3,1.45740660599404,1.93769198899827,2,3,3
17,3,3,4,2.21207087899529,2.93219486199814,2,3,4
17,4,4,3,2.30173955000646,2.61958248700103,2,3,3
17,3,3,4,1.82821723000234,2.15254598400497,2,3,4
17,4,3,3,2.63618039300491,3.70804216300166,2,3,3
17,2,2,3,1.70237263099989,2.37434022500383,2,1,NaN
17,1,1,4,1.46286293800222,1.78546271800587,2,1,NaN
17,4,3,3,2.38264265900216,3.56697133999842,2,1,NaN
17,3,4,2,2.67088537199743,3.08656450899434,2,1,NaN
17,3,2,3,2.65672962400276,4.41697399900295,2,1,NaN
17,2,2,3,1.43752546600444,1.83812520600623,2,1,NaN
17,4,2,2,2.53110548300174,2.86690880000242,2,1,NaN
17,1,1,2,1.93605594499968,4.2073162279994,2,1,NaN
17,1,1,2,4.19673256800161,4.52179559499928,2,1,NaN
17,4,4,3,1.88495334700565,2.25275182500627,2,1,NaN
17,1,1,3,1.93682375400385,3.24931482600368,2,1,NaN
17,4,4,3,1.48586180499842,2.04627211799379,2,1,NaN
17,4,4,4,1.08375654099655,1.40176549399621,2,1,NaN
17,1,2,2,1.92388580899569,3.52412589699816,2,1,NaN
17,1,1,4,2.45364882099966,3.14126435999788,2,1,NaN
17,4,2,2,2.16590714700578,3.86180480800249,2,1,NaN
17,4,4,2,4.2967793850039,4.6646956149998,2,1,NaN
17,4,4,3,1.57965319399955,1.93181221000123,2,1,NaN
17,3,3,4,1.66200110899808,2.22253872999863,2,1,NaN
17,1,4,2,3.15693708600156,3.50916146400414,2,1,NaN
17,4,4,2,4.05471166300413,4.37142732600478,2,1,NaN
17,1,3,3,3.57315350199497,4.34075688399753,2,1,NaN
17,3,3,3,1.57275061200198,1.88540088100126,2,1,NaN
17,2,2,4,1.59212625199871,1.96021756099799,2,1,NaN
17,3,3,3,4.92192144699948,5.83371203199931,2,1,NaN
17,3,2,3,3.24429628000507,4.38084970800264,2,1,NaN
17,2,2,3,2.04251805999957,2.92211489100009,2,1,NaN
17,3,3,3,2.7875621610001,3.5882873550072,2,1,NaN
17,1,1,4,2.46504265099793,2.78643127899704,2,1,NaN
17,3,3,4,1.95285664300172,2.30436551400635,2,1,NaN
17,1,1,3,1.74736822600244,2.06880939900293,2,1,NaN
17,4,1,3,2.08017810800084,2.60816347200307,2,1,NaN
17,2,2,4,1.23864144400432,1.87903408200509,2,1,NaN
17,4,4,3,2.13966106300359,2.71504961499886,2,1,NaN
17,4,4,3,1.6465824629995,1.96904210399953,2,1,NaN
17,3,3,4,5.26679939300084,6.33895959999791,1,3,1
17,3,3,4,1.04058377799811,1.55243225400045,1,3,1
17,3,1,2,4.1305121309997,4.45506943699729,1,3,1
17,1,1,3,2.10931790100585,4.28509908200067,1,3,3
17,1,1,4,1.91933952199906,2.23593534500105,1,3,3
17,1,1,3,2.42087095400348,3.02953030299977,1,3,3
17,1,3,3,2.47488453000551,2.80333509499906,1,3,3
17,3,3,3,2.20172639899829,3.0659224780029,1,3,1
17,3,3,3,1.4215222999992,2.30189642000187,1,3,1
17,1,1,3,3.13713501500024,3.45373914499942,1,3,3
17,3,1,3,2.30822647199966,2.63629095900251,1,3,1
17,1,1,4,1.25722249600221,1.58510969099734,1,3,3
17,1,1,4,1.56145504600136,1.88544344199909,1,3,3
17,1,1,3,3.05384246700123,3.70952955399844,1,3,3
17,1,1,4,1.78264900900103,2.1989871620026,1,3,3
17,3,3,4,1.3270389889949,1.65202615199814,1,3,1
17,1,3,1,3.7232639280046,4.39584574200126,1,3,3
17,3,3,4,2.08924448700418,2.40264942400245,1,3,1
17,1,1,4,1.09637785099767,1.41837241099711,1,3,3
17,1,1,3,1.69595563400071,2.11159892899741,1,3,3
17,3,3,4,1.482340783994,2.77820302499458,1,3,1
17,3,3,4,1.16180161500233,1.48564328700013,1,3,1
17,1,1,3,1.63067509499524,2.25461453200114,1,3,3
17,3,3,4,1.36405384300451,2.51637755500269,1,3,1
17,3,3,4,1.2946011410022,1.61867039299977,1,3,1
17,1,1,3,1.75771811500454,2.20579439700668,1,3,3
17,3,3,4,1.30088291499851,1.61847405300068,1,3,1
17,3,3,4,1.04389254300622,1.3682498470007,1,3,1
17,3,3,4,0.909593563999806,1.23500326900103,1,3,1
17,1,1,4,0.940383333996579,1.27581236499827,1,3,3
17,3,3,3,1.27375148399733,1.75407882499712,1,3,1
17,3,3,4,0.995558444003109,1.76342481500615,1,3,1
17,1,1,4,2.14144809600111,2.47013839300052,1,3,3
17,1,4,2,3.30583728600323,3.62046794200432,1,3,3
17,1,1,2,2.85373326099943,3.17017099900113,1,3,3
17,3,3,4,2.39446916700399,2.73057228499965,2,2,2
17,3,3,4,2.18879477799783,2.84520437599713,2,2,1
17,2,2,4,1.40140607499779,1.71857949499827,2,2,1
17,3,3,4,2.24391109100543,2.56958325800224,2,2,2
17,4,4,4,1.59624573899782,2.42796333000297,2,2,2
17,3,3,4,1.64261618100136,1.96908228800021,2,2,1
17,2,2,4,2.28211610700237,2.60299164900061,2,2,4
17,1,1,2,2.73684207999759,5.72901630299748,2,2,3
17,2,2,4,1.63897073899716,2.67934015399806,2,2,1
17,1,1,4,1.81939162399794,2.13566440300201,2,2,3
17,2,2,3,1.38097706800181,2.02108759099792,2,2,3
17,4,4,2,1.58795022800041,2.85214646799432,2,2,1
17,3,3,4,1.45597683099913,1.76853398399544,2,2,2
17,3,2,2,3.54562190300203,4.39375796400418,2,2,2
17,3,3,4,2.13456202499947,2.45278406899888,2,2,4
17,1,1,4,2.08427825899707,2.40260913700331,2,2,2
17,2,2,4,1.26671024099778,1.58516776000033,2,2,1
17,2,2,4,1.07542899100372,1.40161900000385,2,2,1
17,1,1,4,1.22690006299672,1.55185122099647,2,2,2
17,1,1,3,2.20475615900068,2.5193944269995,2,2,2
17,1,1,4,1.91003474999889,2.23587718199997,2,2,4
17,2,2,4,1.35616881500027,1.6685799209954,2,2,4
17,3,2,3,2.29634860499937,2.68022337000002,2,2,2
17,2,2,4,1.59704275300464,1.91906461300096,2,2,3
17,1,1,3,3.6795556099969,4.3358420959994,2,2,4
17,4,4,3,2.57527457900142,3.15119271000003,2,2,2
17,1,4,3,2.86338676599553,3.18755481900007,2,2,4
17,2,2,4,1.48621821699635,1.80200528600108,2,2,4
17,2,2,4,1.04595320299995,2.46976406699832,2,2,3
17,1,1,3,4.97756556099921,5.87400081800297,2,2,2
17,1,1,4,2.06619910300651,3.12210379800672,2,2,2
17,2,2,4,1.20379424899875,1.52302669799974,2,2,4
17,4,4,4,2.1025053159974,2.41952668199519,2,2,3
17,1,1,4,1.50862306100316,1.83541700700152,2,2,2
17,1,1,4,2.63427279499592,3.09844153800077,2,2,4
17,1,1,4,1.83419485599734,2.15239349199692,2,1,NaN
17,2,2,3,1.25134769100259,1.56844265999825,2,1,NaN
17,3,1,3,2.0526723160001,2.36931368499791,2,1,NaN
17,3,3,4,1.70087472999876,2.01894420099416,2,1,NaN
17,3,3,3,5.53957490900211,6.05126479200408,2,1,NaN
17,4,3,3,1.56578259000526,1.93287440000131,2,1,NaN
17,1,2,2,1.76009543300461,2.08575066699996,2,1,NaN
17,3,3,4,1.19634767500247,1.51849335600127,2,1,NaN
17,2,2,4,1.0549859429957,1.36820439199801,2,1,NaN
17,1,2,2,3.35218615800113,3.78433205399779,2,1,NaN
17,2,2,4,1.19935001700651,1.51848735900421,2,1,NaN
17,3,3,2,1.65049540100154,2.01851056500163,2,1,NaN
17,4,4,3,1.39207499799522,1.74449998199998,2,1,NaN
17,1,3,3,2.8898166900035,3.44982725699811,2,1,NaN
17,4,3,3,2.92675600600342,3.26271625400113,2,1,NaN
17,3,3,4,1.16306768100185,1.4848701919982,2,1,NaN
17,1,2,3,2.73509062200174,3.05393582800025,2,1,NaN
17,2,2,4,1.13875900799758,1.45161528999597,2,1,NaN
17,4,1,3,2.61683879300108,3.20871931799775,2,1,NaN
17,2,2,3,1.71918969399849,2.03549581900006,2,1,NaN
17,2,2,4,1.55657603400323,1.95679509500042,2,1,NaN
17,3,3,4,1.63799982900673,1.98966709700471,2,1,NaN
17,2,2,4,1.2220655630008,1.53511948999949,2,1,NaN
17,2,2,3,2.2968972949966,2.64924136999616,2,1,NaN
17,3,3,4,3.35825709799974,3.71045798400155,2,1,NaN
17,4,4,2,3.88001875899499,4.47170109899889,2,1,NaN
17,1,1,4,1.85767061100341,2.16904800399789,2,1,NaN
17,4,4,3,1.83411779600283,2.61856325500412,2,1,NaN
17,3,3,4,2.56115950600361,3.36094430099911,2,1,NaN
17,1,1,4,1.3364330129989,1.65170901300007,2,1,NaN
17,1,2,3,1.67048456399789,2.66274379599781,2,1,NaN
17,4,2,3,1.0030023099971,1.59511013399606,2,1,NaN
17,2,2,4,1.03619194999919,1.81959380800254,2,1,NaN
17,1,1,4,1.65068341800361,1.96877565600153,2,1,NaN
17,1,1,3,1.76328358700266,2.1151319510027,2,1,NaN
17,2,2,4,4.0811345599941,4.40491816799477,1,2,3
17,4,2,1,1.43824602499808,5.47007723899878,1,2,3
17,4,1,3,4.60697409999557,5.4870660979941,1,2,1
17,1,1,4,1.50313093000295,1.8703811910018,1,2,2
17,2,2,4,1.34810001299775,1.66898961299739,1,2,3
17,4,1,2,3.6485916360034,3.97111218100326,1,2,1
17,4,4,4,1.96714564900321,2.2857809920024,1,2,2
17,4,4,4,1.74676542700035,2.06898422600352,1,2,1
17,2,2,4,1.05507587999455,1.48707978099992,1,2,1
17,3,3,4,1.41223192199686,1.735428562999,1,2,4
17,1,1,4,1.32667852099985,1.65210315199511,1,2,3
17,4,2,4,1.62795066200488,1.96428718900279,1,2,2
17,2,2,4,1.51772069500294,1.83553149300133,1,2,3
17,1,1,4,1.70038289799413,2.01890830899356,1,2,3
17,4,3,2,3.28265282000211,4.11448413100152,1,2,3
17,3,3,4,1.51551635599753,1.83607866599777,1,2,2
17,1,1,3,2.35260655199818,3.12082151600043,1,2,4
17,1,1,4,1.60206290600036,1.91868405799323,1,2,4
17,1,1,3,2.26174416499998,2.6453709769994,1,2,4
17,4,4,4,1.49886616900039,1.81869085699873,1,2,3
17,4,4,2,3.98541295600444,4.30461551800545,1,2,2
17,4,3,4,2.03400644600333,2.3524917140021,1,2,3
17,2,2,4,1.60306644700177,1.95490233400051,1,2,3
17,4,2,3,3.76430961299775,4.99694112499856,1,2,2
17,3,4,2,4.66532940999605,5.01776318500197,1,2,4
17,4,4,4,2.76598927799932,3.08686355199461,1,2,1
17,1,1,4,2.99238252299983,3.32039819299825,1,2,3
17,2,3,2,5.01818335500138,5.86551258800318,1,2,3
17,4,1,3,3.41929673399864,4.28291529499984,1,2,1
17,3,3,4,1.72534930999973,2.03569861200231,1,2,1
17,1,1,4,1.41836920400237,1.7352467669989,1,2,3
17,2,3,3,4.27663929700066,5.73258434000309,1,2,3
17,4,1,3,2.77942341000016,3.81940994799515,1,2,1
17,3,3,3,1.8879142989972,2.43168523199711,1,2,1
17,4,4,2,3.58300847999635,3.90457432299445,1,2,1
17,2,2,4,1.46093727600237,1.78538847400341,1,3,3
17,3,3,4,0.989488874001836,1.30134941099823,1,3,2
17,3,3,4,0.857630683000025,1.16801875099918,1,3,2
17,3,3,3,1.65943122500175,2.07509242599917,1,3,2
17,2,2,4,1.19155285799934,1.51858196800458,1,3,3
17,2,2,4,1.06747934000305,1.40309442300349,1,3,3
17,2,2,4,1.04291243899934,1.36836857700109,1,3,3
17,2,2,3,1.0676446130019,1.77204287199856,1,3,3
17,2,2,4,1.54036261800502,1.86884203800582,1,3,3
17,3,2,3,1.89716969999427,2.21904569699836,1,3,2
17,2,2,3,1.43921768300061,1.75173679200088,1,3,3
17,3,3,4,1.20897736999905,1.53510199399898,1,3,2
17,2,2,3,1.53211379399727,1.91602906899789,1,3,3
17,3,3,4,0.959183737002604,1.28498682499776,1,3,2
17,3,2,2,2.9234772550044,4.15569410000171,1,3,2
17,2,2,3,1.25038724600017,2.25878301099874,1,3,3
17,2,2,4,1.11164065099729,1.4639929479963,1,3,3
17,2,2,3,1.32536390800669,1.85371908399975,1,3,3
17,3,2,2,3.98659709300409,4.45099242099968,1,3,2
17,3,2,3,2.12646198300354,2.99047891000373,1,3,2
17,2,2,4,1.90857960099675,2.23642334499891,1,3,3
17,3,3,4,1.46665166000457,1.7853018080059,1,3,2
17,2,3,1,1.1070510300051,3.1223201180037,1,3,3
17,3,3,3,1.73144171899912,2.17924521699751,1,3,2
17,2,2,3,1.30794738099939,2.0762912220016,1,3,3
17,2,2,3,1.99217355900328,2.67946328200196,1,3,3
17,2,2,3,1.50037431500095,2.0285720729953,1,3,3
17,2,2,3,1.467334261004,1.78536990200519,1,3,3
17,3,2,3,1.77834293599881,2.10239357699902,1,3,2
17,2,2,4,1.05412524599524,1.51831404699624,1,3,3
17,2,3,4,1.31208048300323,1.88831560299877,1,3,3
17,3,3,3,1.68450188499992,2.08471588200337,1,3,2
17,3,3,4,1.48841695799638,1.80178929599788,1,3,2
17,2,2,3,1.22352412899636,1.67187835799996,1,3,3
17,3,3,2,3.13949562999915,3.81188494399976,1,3,2
17,1,1,4,1.37291457500396,1.70196038400172,2,3,4
17,4,4,4,1.33651505599846,1.6517911070041,2,3,1
17,1,1,4,1.14205729000241,1.46836643500137,2,3,4
17,4,4,3,1.34014503000071,1.65181155799655,2,3,1
17,4,4,4,1.1449732589972,1.46827959099755,2,3,1
17,4,4,2,2.25418818699836,2.78219921900018,2,3,1
17,1,1,4,1.27799645099731,1.60177039499831,2,3,4
17,4,4,4,1.27776673200424,1.60189886599983,2,3,1
17,1,1,4,1.21361096599867,1.53518115000043,2,3,4
17,4,4,3,1.47173618899978,1.78519735800364,2,3,1
17,4,1,2,4.52087717100221,11.5287100159985,2,3,1
17,4,4,3,1.58424814899627,1.90196713499608,2,3,1
17,4,4,4,1.1078825059958,1.65107593499852,2,3,1
17,1,1,4,1.04149027600215,1.36823407200427,2,3,4
17,4,4,3,1.24262602499948,1.56853545099875,2,3,1
17,1,1,4,2.09221294299641,2.58849326899508,2,3,4
17,4,4,3,1.95506651599862,2.6108955210002,2,3,1
17,1,1,3,0.970175254995411,1.49769914100034,2,3,4
17,4,4,3,1.15021797300142,1.93489017699903,2,3,1
17,4,1,3,1.23259678099566,1.55183544800093,2,3,1
17,1,1,3,1.41067853600543,1.73543010100548,2,3,4
17,1,1,4,1.42098012600036,1.75700761599728,2,3,4
17,1,1,4,1.20552093099832,1.51826380700368,2,3,4
17,1,1,4,1.36898130800546,1.68511370300257,2,3,4
17,4,4,2,2.40484350600309,2.96525236400339,2,3,1
17,4,4,2,2.1412699509965,2.62198870999418,2,3,1
17,4,4,3,2.08267023100052,2.53120516900526,2,3,1
17,1,1,4,1.19737420799356,1.51859259899356,2,3,4
17,1,1,4,1.10493629400298,1.41836641100235,2,3,4
17,4,4,4,1.41618053099955,2.21596272799798,2,3,1
17,4,4,4,1.99904270900151,2.31944341000053,2,3,1
17,1,1,4,1.37789750500087,2.04977022700041,2,3,4
17,1,1,4,1.18361139600165,1.50171461999707,2,3,4
17,1,1,4,0.963507622000179,1.28484701200068,2,3,4
17,1,1,4,1.04013092799869,1.36825230999966,2,3,4
17,3,1,3,2.36819527999614,2.97623699799442,2,1,NaN
17,4,4,3,1.35193344599975,1.76784086599946,2,1,NaN
17,2,1,3,2.09625498999958,2.56009060199722,2,1,NaN
17,1,4,2,1.96112795400404,2.76123932799965,2,1,NaN
17,3,1,2,5.1607282240002,6.47314571999596,2,1,NaN
17,1,1,4,1.10508994699921,1.4181450909964,2,1,NaN
17,1,1,4,1.2557965369997,1.59183440999914,2,1,NaN
17,1,1,4,0.952092596002331,1.26816064900049,2,1,NaN
17,4,4,3,2.18061191200104,3.36489459699806,2,1,NaN
17,4,4,4,1.46937535399775,2.55718640799751,2,1,NaN
17,1,1,3,1.4933421550013,1.81857049600512,2,1,NaN
17,3,1,3,3.29236745100206,3.91588266799954,2,1,NaN
17,4,4,3,2.74922720200266,3.07014825200167,2,1,NaN
17,3,4,2,3.58496206899872,4.03291015099967,2,1,NaN
17,1,1,4,1.24559570199926,1.56860642600077,2,1,NaN
17,4,1,3,1.3750290359967,1.79077751300065,2,1,NaN
17,3,1,2,1.31835640299687,1.81475850299466,2,1,NaN
17,3,2,3,2.34985092699935,3.48578513500252,2,1,NaN
17,4,1,3,2.07984448900243,2.4026085229998,2,1,NaN
17,2,3,3,2.04696881199925,2.63905192200036,2,1,NaN
17,4,4,4,1.76363752299949,2.19598769099684,2,1,NaN
17,3,1,4,1.33933703599905,1.65155149499333,2,1,NaN
17,1,1,4,1.41676143199584,1.73536297899409,2,1,NaN
17,4,4,4,1.55485377900186,1.86864643499575,2,1,NaN
17,3,3,4,1.4958276430043,2.18434912399971,2,1,NaN
17,1,1,3,2.32046148999507,3.02419804799865,2,1,NaN
17,4,4,3,1.81387301399809,2.13577634299872,2,1,NaN
17,1,1,4,1.05578082399734,1.36810299700301,2,1,NaN
17,1,1,4,1.36958649400185,1.68527309700585,2,1,NaN
17,1,3,3,1.70145509900613,2.01935426999989,2,1,NaN
17,2,2,3,1.09215033600049,1.55678778199945,2,1,NaN
17,2,2,4,0.854752584004018,1.1679301930053,2,1,NaN
17,4,4,3,1.5597815459987,1.88566295100463,2,1,NaN
17,4,4,3,2.38018051299878,2.7030967440005,2,1,NaN
17,1,2,3,1.47070671000256,1.78510219100281,2,1,NaN
17,2,2,4,1.48551171400322,1.83744408400526,1,2,1
17,3,2,1,1.41123158999835,2.72339514600026,1,2,2
17,2,2,3,1.63713737400394,1.95258278999972,1,2,3
17,1,1,4,1.7343259860063,2.58262775500043,1,2,4
17,3,1,3,1.9346984280055,2.25262969599862,1,2,1
17,4,2,3,1.29985658100486,1.61847812600172,1,2,2
17,4,4,3,1.37901104999764,3.09074163399782,1,2,3
17,4,3,2,4.30970819300273,4.62232795300224,1,2,3
17,4,4,4,1.56171645399445,1.92980857499788,1,2,1
17,3,1,2,4.90833980099706,5.2224691099982,1,2,1
17,4,4,4,2.40732705299888,2.7200763159999,1,2,1
17,2,2,4,1.2571315400055,1.58507309100241,1,2,3
17,2,2,4,1.11335757999768,1.43507552099618,1,2,4
17,1,1,4,1.52003368800069,1.83537267600332,1,2,2
17,4,4,4,1.430154665999,1.75201748699328,1,2,3
17,2,2,4,1.44025829600287,1.76888764699834,1,2,3
17,1,1,4,1.56011677200149,3.04848700299772,1,2,2
17,4,4,3,4.20554452999932,4.54155820299638,1,2,1
17,3,3,4,2.91563052400306,3.23698325700389,1,2,1
17,2,1,4,1.72810950200073,2.05243286000041,1,2,4
17,1,1,4,1.80564225600392,2.13575532800314,1,2,4
17,4,4,4,1.5116288049976,1.83545546799724,1,2,3
17,3,1,2,3.96521083300468,4.65384691899817,1,2,1
17,4,4,3,1.59994714800268,2.08006515300076,1,2,2
17,2,2,4,1.30929269499757,1.85255650999898,1,2,1
17,3,2,4,4.03468850799982,4.35494893800205,1,2,2
17,3,2,3,2.89697901099862,3.2202868539971,1,2,2
17,1,1,3,2.63840696799889,3.00622957399901,1,2,4
17,2,2,4,1.18761095800437,1.55565741000464,1,2,4
17,3,3,4,1.79771553399769,2.13379711299785,1,2,2
17,2,2,4,2.2869813340003,2.62298088099487,1,2,1
17,3,3,4,1.89333084400278,2.21923918800167,1,2,1
17,2,2,3,2.01100271599717,2.33598142700066,1,2,1
17,3,3,4,1.54862819199479,1.8686003739931,1,2,4
17,2,2,4,1.53721145600139,1.85210175500106,1,2,4
17,4,4,4,2.23402326500218,2.92203074400459,2,2,1
17,1,1,3,1.90795788300602,2.94729590800125,2,2,2
17,3,1,4,2.12427869700332,2.45335298099963,2,2,1
17,3,3,2,3.54589793599735,3.897490972995,2,2,4
17,1,1,4,1.19584845999634,1.51849590799975,2,2,3
17,4,2,4,1.7906794100054,2.11915967299865,2,2,2
17,1,2,2,3.59257657200214,4.08844645600038,2,2,2
17,1,2,4,1.90674423499877,2.21901922699908,2,2,2
17,2,2,4,1.2729945079991,1.58508367800096,2,2,1
17,1,1,4,1.33738725600415,1.65171540300071,2,2,4
17,1,2,4,1.95887119599502,2.59913919300016,2,2,2
17,4,2,4,1.15012106399809,1.46838455299439,2,2,2
17,2,2,4,0.995518586001708,1.61968024800444,2,2,4
17,1,1,3,1.6510712829986,2.6426687130006,2,2,4
17,4,4,3,1.51280197599408,2.15258559899667,2,2,1
17,2,2,4,1.68225637599971,2.00292707799963,2,2,4
17,4,4,4,1.42515113799891,1.73514540099859,2,2,3
17,3,3,3,2.60365828800423,3.32391746900248,2,2,4
17,4,4,3,2.4040036909937,3.09212273299636,2,2,1
17,2,2,3,1.46308774800127,1.78540615800011,2,2,1
17,3,3,3,2.28717847899679,2.60290859900124,2,2,2
17,3,3,4,2.08653249100462,2.40255777300627,2,2,4
17,3,3,2,1.92493623100017,3.04515603499749,2,2,4
17,1,1,4,1.33853940699919,1.86671023999952,2,2,2
17,1,1,4,0.91050927300239,1.23483325600682,2,2,4
17,3,3,2,2.3971135890024,2.72017856800085,2,2,1
17,3,3,4,1.67904732100578,2.0021865460003,2,2,2
17,2,2,4,1.72723515899997,2.05217243899824,2,2,4
17,1,1,4,1.6440920419991,1.96892964699509,2,2,3
17,3,3,3,2.15711390299839,2.66926693000278,2,2,1
17,4,4,3,1.52031567100494,1.98430931800249,2,2,1
17,4,4,3,2.38496220699744,2.76884305499698,2,2,2
17,1,1,4,1.51938698299637,1.83513497099921,2,2,3
17,2,2,4,1.35021736899944,1.90973585800384,2,2,3
17,4,2,3,1.27371459599817,1.58522672899562,2,2,2
17,2,2,4,1.58306105499651,1.90211611999985,2,3,4
17,4,4,2,1.74671770499845,2.21064632599882,2,3,2
17,4,4,3,1.67409589300223,2.39398460400116,2,3,2
17,2,2,4,1.00185435399908,1.31826412899682,2,3,4
17,4,4,4,1.14005659299437,1.45159743699332,2,3,2
17,4,2,2,1.72193737899943,2.1221456409985,2,3,2
17,2,2,4,1.23683891299879,1.55167298099695,2,3,4
17,4,2,2,2.53456410500075,3.06212352800503,2,3,2
17,2,2,4,0.96985944199696,1.28424026199355,2,3,4
17,2,2,4,0.935133040999062,1.25129624400142,2,3,4
17,4,4,3,1.18984774400451,1.50156491200323,2,3,2
17,4,4,4,0.553836285995203,1.16152356199746,2,3,2
17,4,4,3,1.7400781269971,2.05244566899637,2,3,2
17,4,4,3,1.32172277099744,1.6350712469939,2,3,2
17,4,4,2,1.60845269399579,2.48786357099743,2,3,2
17,4,2,3,0.995534925998072,1.47597889699682,2,3,2
17,2,2,4,1.03340788299829,1.35171546399943,2,3,4
17,2,2,4,0.866923572997621,1.18463641400012,2,3,4
17,4,4,2,1.97175516700372,2.62711661800131,2,3,2
17,4,4,2,2.49006004999683,2.80304819699813,2,3,2
17,2,2,4,0.90348318299948,1.21800936400541,2,3,4
17,4,4,3,2.11926760200004,2.80697705500643,2,3,2
17,4,4,3,1.70065178700315,2.01880437500222,2,3,2
17,2,2,4,1.33168152700091,2.08408095600316,2,3,4
17,4,2,2,1.05586495400348,1.48767138300173,2,3,2
17,2,2,4,0.820279176004988,1.13451277900458,2,3,4
17,2,2,4,0.774974929001473,1.1017372149945,2,3,4
17,4,2,4,0.923775836999994,1.25156892299856,2,3,2
17,2,2,4,0.825800457001606,1.15137798700016,2,3,4
17,4,4,3,1.38807834000181,1.74010217699833,2,3,2
17,4,4,3,1.43044521800039,1.75196292399778,2,3,2
17,4,4,3,2.70446635199914,3.01992737599357,2,3,2
17,4,4,4,0.884852350005531,1.20124930900056,2,3,2
17,4,4,4,0.917657053003495,1.23480119099986,2,3,2
17,2,2,3,2.51639982299821,3.34863662000134,2,3,4
17,2,2,4,1.39625669100496,1.71861883599922,1,1,NaN
17,3,3,3,1.32730535999872,1.98253418700187,1,1,NaN
17,4,3,3,1.3425182150022,1.66855635600223,1,1,NaN
17,2,2,4,0.92311852700368,1.23463525700208,1,1,NaN
17,2,2,3,1.33888537299936,2.97035536499607,1,1,NaN
17,1,1,3,1.65053315499972,2.35402598699875,1,1,NaN
17,1,3,2,1.93895399299799,2.25280719599687,1,1,NaN
17,4,2,2,2.75989471000503,3.1118399870029,1,1,NaN
17,4,4,3,2.01016514699586,2.36167565600044,1,1,NaN
17,4,4,3,1.65842148700176,1.98508046900679,1,1,NaN
17,3,2,3,1.75548337300279,2.13933856700169,1,1,NaN
17,2,2,4,1.28510623500188,1.60168967000209,1,1,NaN
17,3,1,1,1.33345912000368,3.25312722400122,1,1,NaN
17,1,1,3,1.60090482300438,1.92129574000137,1,1,NaN
17,4,2,3,2.57909258499421,2.90330887899472,1,1,NaN
17,1,1,3,2.01407769799698,2.49370802899648,1,1,NaN
17,1,2,3,2.20133173300565,3.03345077000267,1,1,NaN
17,2,2,3,6.03074893099983,6.75143898399983,1,1,NaN
17,1,1,4,1.22763819299871,1.55188008199912,1,1,NaN
17,4,4,4,1.29395342600037,1.61855311199906,1,1,NaN
17,3,3,4,1.59744007699919,1.91880324999511,1,1,NaN
17,2,2,4,1.10408858799929,1.41814447900106,1,1,NaN
17,4,4,2,2.03830044600181,2.67838397999731,1,1,NaN
17,4,4,3,1.36983170000167,1.68460928100103,1,1,NaN
17,2,2,4,1.11067374399863,1.43496233099722,1,1,NaN
17,2,2,3,1.05283990500175,1.36821215000236,1,1,NaN
17,2,2,3,1.65427525700215,2.08581215800223,1,1,NaN
17,2,2,3,1.49051501599752,2.00171403000422,1,1,NaN
17,2,3,3,1.5538568539996,1.86870452899893,1,1,NaN
17,4,4,3,1.59065676400496,2.18194695500279,1,1,NaN
17,4,4,3,2.25484586400125,2.57501179900282,1,1,NaN
17,4,4,4,0.99919634500111,1.31815955699858,1,1,NaN
17,2,2,4,1.17038204200071,1.65008656600548,1,1,NaN
17,4,2,2,1.36001236299489,2.17603193200193,1,1,NaN
17,4,4,2,1.81532970000262,2.29525137400196,1,1,NaN
17,2,2,4,1.62857289899694,1.95230258099764,2,3,1
17,2,2,3,1.58213247299864,1.9020670280006,2,3,1
17,2,2,3,1.57000023699948,1.88546631300414,2,3,1
17,1,1,4,0.822340263999649,1.13457973000186,2,3,2
17,1,1,4,1.08037295200484,1.40197073700256,2,3,2
17,2,2,3,1.08806519799691,1.40150588899996,2,3,1
17,1,1,3,1.43140258499625,1.75200998299988,2,3,2
17,1,1,4,0.881785732002754,1.2014074319959,2,3,2
17,2,2,3,1.23343554900202,1.55170672800159,2,3,1
17,2,2,4,0.770900167000946,1.08451686500484,2,3,1
17,2,2,4,0.823818327000481,1.15124354699947,2,3,1
17,2,2,3,0.905801023000095,1.36960818200168,2,3,1
17,2,2,4,0.786275033999118,1.10094132299855,2,3,1
17,2,2,4,1.4311854309999,1.9912142059984,2,3,1
17,2,1,3,2.55072676999407,2.86994613499701,2,3,1
17,2,2,3,1.34670790399832,1.66857781099679,2,3,1
17,1,1,4,1.47077344300487,1.78522106900346,2,3,2
17,1,1,3,1.63950344699697,1.9689219819993,2,3,2
17,1,1,4,1.3829439770052,1.70164806600224,2,3,2
17,1,1,4,1.1392793910054,1.45151233700017,2,3,2
17,1,1,4,0.792596022001817,1.11791514099605,2,3,2
17,1,1,4,0.828757750998193,1.1513748819998,2,3,2
17,2,2,3,1.15113469800417,1.46831344700331,2,3,1
17,1,1,3,1.41185040600249,1.79576579000422,2,3,2
17,1,1,4,1.48488392199943,1.80218641999818,2,3,2
17,2,2,4,1.70016120600485,2.0193287430011,2,3,1
17,1,1,3,1.55409158299881,1.86868856900401,2,3,2
17,1,2,2,1.59133799299889,2.67945661699923,2,3,2
17,2,2,4,1.13145305700164,1.45152399499784,2,3,1
17,2,2,4,1.07300969200151,2.49686686100176,2,3,1
17,1,1,4,1.16387478400429,1.48507880599936,2,3,2
17,1,1,3,2.22530016100063,2.55299720100447,2,3,2
17,1,1,3,2.20217489000061,2.51954130699596,2,3,2
17,1,1,4,1.17215954099811,1.48492271100258,2,3,2
17,1,1,3,1.84811714599346,2.47187445499731,2,3,2
17,4,4,2,5.86527315800049,6.66435981499671,1,2,3
17,4,2,4,3.00150845100143,3.44943801299814,1,2,2
17,1,1,4,2.18958333200135,2.60576546099765,1,2,3
17,3,3,4,2.11690852099855,2.43616658700194,1,2,1
17,1,1,2,3.07301655800256,3.45717650100414,1,2,2
17,1,1,4,1.41363843599538,1.73529714300093,1,2,2
17,2,2,4,1.23172962599347,1.55193204399984,1,2,4
17,2,2,4,0.849968061003892,1.16794910099998,1,2,1
17,2,2,3,2.73968605399568,3.18689210499724,1,2,4
17,1,1,4,1.39433806300076,1.71875075799471,1,2,2
17,4,1,3,3.21249199700105,3.61240063099831,1,2,1
17,1,2,1,2.42656350600009,3.80210795399762,1,2,4
17,2,3,3,2.44731662399863,2.76979696300259,1,2,3
17,3,3,4,1.77522432099795,2.10243639200053,1,2,2
17,3,3,4,0.905606009000621,1.2179747400005,1,2,2
17,4,4,3,3.00112621099834,3.4328816940033,1,2,1
17,1,2,3,2.2861481459986,2.60295746100019,1,2,2
17,1,1,4,1.31725068100059,1.63508790199558,1,2,3
17,4,4,3,1.68288191399915,2.01909190999868,1,2,3
17,1,1,4,1.07399420799629,1.4015938809971,1,2,4
17,4,4,2,1.61030959699565,2.12159630999668,1,2,3
17,2,2,4,1.55712150900217,1.88561726899934,1,2,1
17,4,2,3,2.80888192599377,3.25708219599619,1,2,2
17,1,1,4,1.06050260800112,1.38493818999996,1,2,4
17,2,2,4,1.30945270200027,2.57299289899674,1,2,4
17,3,1,3,2.88478651900368,4.1012738510035,1,2,1
17,1,1,3,3.39071567000065,3.72667794700101,1,2,3
17,4,3,4,2.61563364699396,3.25554898199334,1,2,3
17,4,4,4,1.38002087000496,1.702148149001,1,2,3
17,2,2,4,1.18334720999701,1.50160297499679,1,2,1
17,1,1,4,2.21099945300375,2.53618123900378,1,2,4
17,3,1,4,1.72500717300136,2.14029432900134,1,2,1
17,4,3,2,2.8541069119965,3.17431508300069,1,2,3
17,1,1,4,1.63771666699904,1.95205736099888,1,2,4
17,4,2,4,1.73441809600627,2.05213952200575,1,2,2
17,4,2,3,1.54527942799905,1.86890138500166,2,1,NaN
17,2,2,3,1.58200597300311,2.27009071400244,2,1,NaN
17,2,2,4,1.01061291400401,1.33493120700587,2,1,NaN
17,3,3,4,1.19702014799987,1.51842379200389,2,1,NaN
17,3,2,3,1.56895325300138,1.92076667900255,2,1,NaN
17,4,4,3,1.44372932700207,1.85959766800079,2,1,NaN
17,1,1,4,1.9446654659987,2.26931707499898,2,1,NaN
17,4,4,4,1.24461691199394,1.56846311999834,2,1,NaN
17,4,4,2,2.1416816580022,2.98975360799523,2,1,NaN
17,2,2,4,1.20512684999994,1.51834574499662,2,1,NaN
17,3,2,2,2.35984531999566,3.11159996599599,2,1,NaN
17,4,4,3,1.80081514800258,2.11828268200043,2,1,NaN
17,1,1,4,1.1409331620016,1.5410045460012,2,1,NaN
17,1,1,4,1.3509178749955,1.68757470299897,2,1,NaN
17,4,4,3,1.7949080469989,2.17906010199658,2,1,NaN
17,1,1,3,2.87615731799451,3.30744184999639,2,1,NaN
17,1,1,4,1.36597053600417,1.68520359700051,2,1,NaN
17,1,1,3,1.00982262599427,1.55435113699787,2,1,NaN
17,1,1,4,0.963328978999925,1.31579497500206,2,1,NaN
17,2,4,2,1.51882786300121,2.55918782699882,2,1,NaN
17,4,2,3,2.10281695500453,2.41929372000595,2,1,NaN
17,1,1,2,2.53357419100212,3.44525750400499,2,1,NaN
17,3,3,4,1.93002964299376,2.25277028099663,2,1,NaN
17,4,4,4,1.61504356999649,1.93549290700321,2,1,NaN
17,2,2,4,0.913408462998632,1.34530929499306,2,1,NaN
17,1,1,4,1.54799178199755,1.86896401600097,2,1,NaN
17,4,4,4,0.961067090996949,1.2849198729964,2,1,NaN
17,1,1,3,1.77406146399881,2.14234200800274,2,1,NaN
17,3,3,3,1.70269272899895,2.10307004700007,2,1,NaN
17,3,3,3,1.09014180099621,1.41830713499803,2,1,NaN
17,3,3,4,1.1612802210002,1.4849850640021,2,1,NaN
17,3,3,3,1.13430621100269,2.30242016800185,2,1,NaN
17,1,4,3,1.32893540099758,1.79368316099863,2,1,NaN
17,2,2,4,1.30545929900109,1.61846231500385,2,1,NaN
17,1,1,4,1.19216442800098,1.51842353699612,2,1,NaN
18,1,1,3,1.9585958509997,2.63091108300432,1,2,3
18,1,1,3,1.83707839799899,2.5882483710011,1,2,2
18,3,4,1,2.03667860099813,4.89999873600027,1,2,1
18,3,3,3,1.30920190300094,2.22095905300375,1,2,1
18,4,4,3,1.73113875900162,2.45144579400221,1,2,2
18,3,3,4,1.37632334799855,1.7601381400018,1,2,2
18,1,1,4,1.08134267300193,1.41684701100166,1,2,3
18,3,3,4,1.10535185899789,1.42531082799542,1,2,1
18,3,3,4,1.14432416600175,1.86484338399896,1,2,2
18,1,1,4,1.29423661300098,1.74210435100395,1,2,4
18,4,4,4,1.4162299669988,1.73526489800133,1,2,2
18,3,3,3,1.79504118300247,2.4829774519967,1,2,2
18,1,1,3,1.1676880810046,1.74286276900239,1,2,3
18,3,3,4,1.22549635000178,1.62550912599545,1,2,2
18,4,3,1,2.61693386900151,3.08134027099732,1,2,3
18,4,4,3,1.26012671900389,2.33256916800019,1,2,1
18,2,2,3,1.27923868099606,2.07893254800001,1,2,1
18,4,3,2,1.56358749700303,2.29939256400394,1,2,3
18,1,1,3,1.56773528700433,2.49513855200348,1,2,4
18,4,4,3,1.27459290899424,2.69860895599413,1,2,2
18,4,4,2,1.43811977699806,2.23879797100381,1,2,1
18,1,2,2,1.46065611700033,2.24428121699748,1,2,2
18,2,2,2,2.1064490120043,2.93771127800574,1,2,3
18,2,2,4,1.10723903899634,1.66685371399944,1,2,1
18,4,4,2,2.70407916200202,3.60013805000199,1,2,2
18,1,1,4,1.18254112800059,1.66310033500486,1,2,4
18,1,2,2,1.90053402000194,2.78081183399627,1,2,2
18,2,2,3,1.18085968400555,1.56470716700278,1,2,4
18,1,1,4,1.16651044099854,1.75871532200108,1,2,4
18,2,2,4,1.08008567799698,1.68860488999781,1,2,1
18,3,3,2,1.89266325099743,2.64449799299473,1,2,2
18,3,3,3,1.72188587499841,2.03583657599665,1,2,4
18,3,3,2,1.60779368800286,2.02374356499786,1,2,1
18,3,3,2,1.22219173000485,1.75050688800548,1,2,1
18,4,1,2,2.30312841999694,3.02277167199645,1,2,1
18,3,3,4,1.38639465100277,2.45855987600225,2,3,1
18,3,3,4,1.1116393150005,1.43515300100262,2,3,1
18,3,3,2,1.26159819999884,1.61403584199434,2,3,1
18,3,3,2,1.32595775899972,1.93389449999813,2,3,1
18,3,3,4,1.19911077199504,1.71161139899777,2,3,1
18,1,1,3,1.21135592400242,1.65947524199873,2,3,3
18,1,1,4,1.0646339110026,1.4646549809986,2,3,3
18,3,3,3,1.34322137699928,2.27144870800112,2,3,1
18,1,1,3,1.13929022699449,1.47582281599898,2,3,3
18,3,3,3,1.33716963000188,1.72091982799611,2,3,1
18,1,1,4,1.07554435999918,1.38465726599679,2,3,3
18,3,3,4,1.25956562999636,1.65957329799858,2,3,1
18,1,1,3,1.57656375299848,2.2489219459967,2,3,3
18,1,1,4,1.37518073600222,1.91883883000264,2,3,3
18,1,1,4,1.13837044999673,1.45804450399737,2,3,3
18,1,1,2,1.54457344800176,3.0800980960048,2,3,3
18,1,1,2,1.86795963600161,2.18568383299862,2,3,3
18,3,3,3,1.29934533699998,2.83506289599609,2,3,1
18,3,3,4,1.20083282599808,1.6329686809986,2,3,1
18,3,3,3,1.2641277540024,1.61628421600471,2,3,1
18,1,1,2,1.34323355300148,2.81499903400254,2,3,3
18,1,1,2,1.37413132400252,1.83754891699937,2,3,3
18,1,3,3,1.5069114939979,1.81823871099914,2,3,3
18,1,1,3,1.03383757799747,1.59436983199703,2,3,3
18,1,1,3,1.13066718300252,1.56332291199942,2,3,3
18,3,3,4,1.22922360300436,1.62897002400132,2,3,1
18,1,1,4,1.03590933699888,1.38774657999602,2,3,3
18,3,3,4,1.33292009299475,1.74842915499903,2,3,1
18,1,1,4,1.13502923699707,1.56748553399666,2,3,3
18,3,3,4,1.31297859600454,1.66483088300447,2,3,1
18,3,3,4,1.0699783730015,1.42272663800395,2,3,1
18,3,3,4,0.965614494001784,1.284863658002,2,3,1
18,1,1,4,0.946118608000688,1.26815308799996,2,3,3
18,1,1,3,1.21590019699943,1.53503028299747,2,3,3
18,1,3,2,1.3459477619981,2.17829313700349,2,3,3
18,1,1,2,1.4739093850003,2.33719636799651,1,1,NaN
18,4,4,2,1.55537903799996,2.29142597300233,1,1,NaN
18,4,1,1,1.71903022100014,2.74327845299558,1,1,NaN
18,3,3,4,1.1766987459996,1.59290739399876,1,1,NaN
18,2,2,3,1.33694963299786,1.86483874500118,1,1,NaN
18,4,4,1,1.9669755779978,2.87867324399849,1,1,NaN
18,2,2,4,1.3065396450038,1.73868426799891,1,1,NaN
18,2,2,3,1.30071956000029,1.61839800400048,1,1,NaN
18,3,3,3,1.2993636550018,1.92352670800028,1,1,NaN
18,3,3,4,1.06198777499958,1.477740893999,1,1,NaN
18,1,1,4,1.14743875300337,1.64390509100485,1,1,NaN
18,4,4,3,1.30630383500102,1.69017061000341,1,1,NaN
18,1,1,4,1.06247797800461,1.86227485600102,1,1,NaN
18,4,4,3,1.40449175200047,2.04425960899971,1,1,NaN
18,2,2,4,1.22647491899988,1.59436125699722,1,1,NaN
18,2,2,4,1.06703912100056,1.64275151999755,1,1,NaN
18,2,2,2,1.60968587599928,2.26520855999843,1,1,NaN
18,1,1,2,1.31037854300666,2.12619896100659,1,1,NaN
18,4,4,1,1.65755604000151,1.96893676500622,1,1,NaN
18,1,1,1,1.64203870000347,2.15418233699893,1,1,NaN
18,1,1,1,1.79580410800554,2.11966360800579,1,1,NaN
18,3,3,3,1.3099254369954,1.61833971299347,1,1,NaN
18,2,2,3,1.05223562700121,1.82060692900268,1,1,NaN
18,2,2,4,1.05977160299517,1.39528058499855,1,1,NaN
18,1,1,4,1.16440886099736,1.5158191859955,1,1,NaN
18,2,2,3,1.13623365500098,1.50420712200139,1,1,NaN
18,3,1,1,1.49237398900004,2.35588021999865,1,1,NaN
18,4,2,1,1.15664904899313,1.73327270299342,1,1,NaN
18,4,4,2,1.7760675440004,2.41590282499965,1,1,NaN
18,1,3,1,2.60682398200152,3.39105986699724,1,1,NaN
18,2,2,3,1.07671670099808,1.46071975799714,1,1,NaN
18,4,3,2,1.56393286099774,2.29979711299529,1,1,NaN
18,4,2,1,1.37376813800074,2.07765568100149,1,1,NaN
18,3,3,2,1.0990526300011,1.64279408699804,1,1,NaN
18,4,4,2,1.41742431300372,1.78494034300093,1,1,NaN
18,3,3,4,1.28098338500422,2.03219010600151,1,2,4
18,3,3,3,1.50399081299838,2.09559140700003,1,2,2
18,4,4,3,1.42000471200299,2.01166275400465,1,2,3
18,3,3,4,1.27516816600109,1.72304911500396,1,2,1
18,4,4,3,1.23821120699722,1.86224986500019,1,2,3
18,4,4,3,1.38775480000186,2.17206294400239,1,2,2
18,4,3,2,2.00402320700232,2.50052541000332,1,2,3
18,3,3,4,1.05603757099743,1.82416488899617,1,2,1
18,1,4,1,3.28650349400414,3.97402738399978,1,2,4
18,2,2,4,1.10923157499928,2.74137286900077,1,2,3
18,3,3,2,1.89468931099691,3.09431313599634,1,2,4
18,2,3,2,2.21773329799908,2.84182179299387,1,2,3
18,2,2,4,1.09532537300402,1.41453662900312,1,2,4
18,2,2,2,1.24736021299759,1.75872301500203,1,2,3
18,4,2,2,1.5119440779963,2.08824637799989,1,2,2
18,1,1,4,1.1561716560027,1.47619560900057,1,2,4
18,1,2,1,1.25754411899834,2.21767277499748,1,2,2
18,4,4,2,2.35164921199612,3.3757096479967,1,2,3
18,4,1,1,1.92614556899935,2.37472353599878,1,2,1
18,2,2,2,1.60732016099792,2.79075893700065,1,2,1
18,3,2,2,1.01467730999866,1.41444112300087,1,2,2
18,1,2,1,2.04590292099601,2.8783063469964,1,2,2
18,2,2,4,1.45017635599652,1.76879640499828,1,2,1
18,2,2,4,1.04281760899903,1.35136751300161,1,2,1
18,1,1,4,1.29364930599695,1.60181285599538,1,2,2
18,3,4,1,2.30159501000162,2.97282917499979,1,2,4
18,4,4,4,1.47711121099564,1.7853092410005,1,2,2
18,1,3,1,3.21349751800153,3.72555238700443,1,2,3
18,2,2,4,1.12657206800213,1.52634805200069,1,2,1
18,1,4,2,1.92982389799727,2.61728595399472,1,2,4
18,1,1,4,1.00744268600101,1.31803242799651,1,2,2
18,4,4,2,1.41945640400081,2.12286885100184,1,2,2
18,1,3,2,2.77371581199986,3.65397929900064,1,2,3
18,2,2,4,1.00961521999852,2.41759133600135,1,2,1
18,3,1,1,3.67921333899722,4.35140045300068,1,2,1
18,1,1,4,1.25382398199872,1.84558408999874,1,1,NaN
18,4,4,1,1.48442610599886,2.20441207000113,1,1,NaN
18,3,3,4,1.33110483599739,1.65143639600137,1,1,NaN
18,4,4,4,1.3289809620037,1.6517554940001,1,1,NaN
18,3,3,4,1.29487718299788,1.61847218500043,1,1,NaN
18,3,3,2,1.98134538200247,2.38190300900169,1,1,NaN
18,3,3,3,1.50212689900218,2.10983210900304,1,1,NaN
18,2,2,4,1.08118921600544,1.40177264900558,1,1,NaN
18,2,2,4,1.05705172900343,1.45701447600004,1,1,NaN
18,3,3,4,1.19123521399888,1.50176959399687,1,1,NaN
18,1,1,4,1.19492836999416,1.72289641099633,1,1,NaN
18,1,2,2,1.20655073099624,1.59022590499808,1,1,NaN
18,1,1,4,1.22267667800043,1.65442362300382,1,1,NaN
18,4,4,4,1.28438591799932,1.78034581099928,1,1,NaN
18,2,2,4,1.58140514499974,1.91748042000108,1,1,NaN
18,1,2,4,1.16837269400276,1.48501599100564,1,1,NaN
18,3,3,3,1.70031957199535,2.62857539199467,1,1,NaN
18,3,4,1,1.51425707800081,2.18645788900176,1,1,NaN
18,3,3,4,1.20257941200543,1.52253718900465,1,1,NaN
18,3,1,1,1.4773049899959,1.97328162299527,1,1,NaN
18,3,2,1,1.2545467969976,1.62273950900271,1,1,NaN
18,3,1,1,1.92592964699725,2.23570135000045,1,1,NaN
18,4,1,1,1.75451947200054,2.17070455799694,1,1,NaN
18,4,3,1,1.42718035000144,1.84335062999889,1,1,NaN
18,1,1,3,1.27389431699703,1.92962297300255,1,1,NaN
18,2,2,4,1.00489540099807,1.31812376400194,1,1,NaN
18,2,2,4,1.59134587500012,1.9276791319935,1,1,NaN
18,1,1,4,1.0180668690009,1.35458328499953,1,1,NaN
18,2,2,4,0.93299322600069,1.2521046030015,1,1,NaN
18,4,4,1,1.71433959300339,2.49843868400058,1,1,NaN
18,4,1,3,1.23058755700185,1.66200388500147,1,1,NaN
18,4,4,3,1.56396128900087,2.33203009599674,1,1,NaN
18,4,4,3,1.05504872400343,1.83901136200438,1,1,NaN
18,3,3,3,1.54092091799976,1.97314110900334,1,1,NaN
18,1,2,2,1.70229176900466,2.40565345300274,1,1,NaN
18,2,2,4,1.27589188399725,2.34782412499771,1,3,1
18,1,1,4,1.05340695100313,1.45362275699881,1,3,2
18,1,1,4,1.07557507800084,1.41139002500131,1,3,2
18,2,2,4,0.987864845999866,1.30148429099791,1,3,1
18,2,2,4,0.950661933995434,1.26794175099349,1,3,1
18,2,2,4,0.900926668997272,1.21801410799526,1,3,1
18,2,2,3,1.45961321600043,1.9077334370013,1,3,1
18,2,2,4,0.91911837200314,1.23478576399793,1,3,1
18,2,2,4,0.853079454005638,1.16789209300623,1,3,1
18,2,2,2,1.62335463199997,2.3908837469935,1,3,1
18,2,2,4,1.06296319900139,1.38498300199717,1,3,1
18,1,1,2,1.23148192799999,2.0478019239963,1,3,2
18,1,1,3,1.21410339199792,1.61379745899467,1,3,2
18,2,2,3,1.19722738899873,2.0617184090006,1,3,1
18,1,1,3,1.06688968699746,1.38495708899427,1,3,2
18,2,2,3,1.07545024499996,1.38485550400219,1,3,1
18,1,1,1,1.77163082500192,2.34801751000487,1,3,2
18,2,2,4,1.02133419000165,1.33486532099778,1,3,1
18,2,2,3,0.936122424995119,1.25136532399483,1,3,1
18,2,2,2,1.49412032799592,1.86212279200117,1,3,1
18,1,1,3,1.11567766499502,1.46743927300122,1,3,2
18,1,1,4,1.32950374799839,1.6519250939964,1,3,2
18,2,2,3,0.909934667994094,1.75826043899724,1,3,1
18,1,1,4,1.43186031700316,1.76800121900305,1,3,2
18,2,2,4,0.880657900001097,1.20165853800427,1,3,1
18,1,1,3,1.42545291400165,1.87356977500167,1,3,2
18,2,2,3,1.09410574800131,1.6064964640027,1,3,1
18,2,2,2,1.76644454399502,2.23017867099406,1,3,1
18,2,2,3,1.01978048300225,1.33472967900161,1,3,1
18,1,1,3,1.15884417300549,1.49469579600554,1,3,2
18,2,2,4,1.00400807400001,1.3181845700019,1,3,1
18,1,2,1,1.70258044799994,2.0710029969996,1,3,2
18,1,1,2,1.63589161799609,2.05191400500189,1,3,2
18,2,2,4,1.00930502600386,1.31813337899803,1,3,1
18,1,1,2,1.09990475700033,1.64348343299935,1,3,2
18,1,1,2,1.69497582700569,2.07916240800114,1,1,NaN
18,1,4,1,1.4038350539995,1.88360230000399,1,1,NaN
18,2,2,4,1.00849266200385,1.31827651699859,1,1,NaN
18,1,1,3,1.0513370980043,1.48336138800369,1,1,NaN
18,1,1,3,1.21608835500228,1.84039149199816,1,1,NaN
18,3,4,2,1.49477736699919,1.95885572199768,1,1,NaN
18,4,4,2,1.32026114800101,1.75238294099836,1,1,NaN
18,1,1,3,1.04196893599874,1.3515327770001,1,1,NaN
18,3,4,1,1.54843481100397,1.91606679600227,1,1,NaN
18,1,1,3,1.10336709900002,1.41843453400361,1,1,NaN
18,2,2,4,1.077835666998,1.44597464099934,1,1,NaN
18,3,3,2,1.35697562600399,2.01319523100392,1,1,NaN
18,1,1,4,0.956284056002914,1.26814835900586,1,1,NaN
18,3,3,2,1.49791023700527,2.04180857900064,1,1,NaN
18,3,4,1,1.4164119470006,1.73526677300106,1,1,NaN
18,1,4,2,1.17080476500269,1.58698791800271,1,1,NaN
18,2,2,3,1.20246568200673,1.98637627800053,1,1,NaN
18,3,3,4,1.23441605500557,1.61883319900517,1,1,NaN
18,1,2,1,2.21005799499835,2.91413538099732,1,1,NaN
18,3,3,3,1.14840967999771,1.46832683800312,1,1,NaN
18,2,2,2,1.13751272800437,1.95396287400217,1,1,NaN
18,2,3,1,2.14772352499858,2.46959304699703,1,1,NaN
18,2,2,1,1.56691593700089,2.11106864999601,1,1,NaN
18,4,4,3,1.03431309799635,1.60972635099461,1,1,NaN
18,2,2,4,1.17822780000279,1.54619785600516,1,1,NaN
18,4,4,2,1.27713171299547,1.78909860499698,1,1,NaN
18,3,3,4,1.2370351110003,1.62148402399907,1,1,NaN
18,2,2,4,1.06042884499766,1.36813646700466,1,1,NaN
18,3,3,4,1.11723207300383,1.46885944800306,1,1,NaN
18,1,1,2,1.17008072599856,2.21017299599771,1,1,NaN
18,3,3,3,1.11384936999821,1.70583973299654,1,1,NaN
18,2,2,2,1.14152091200231,1.7016294290006,1,1,NaN
18,3,3,1,1.24921241999982,1.77679888400598,1,1,NaN
18,4,4,3,1.08255408400146,1.83438071799901,1,1,NaN
18,2,2,4,1.00845000900154,1.31814653200126,1,1,NaN
18,3,3,1,1.61887346900039,2.88276453399885,1,2,2
18,2,2,4,1.37473358999705,1.74299001100007,1,2,4
18,2,2,4,1.16132578500401,1.48511448700447,1,2,4
18,1,1,4,1.38963240900193,1.82209484100167,1,2,2
18,2,2,4,1.04493506500148,1.36848167300195,1,2,1
18,3,3,2,2.76568069199857,3.80601144300454,1,2,1
18,4,4,3,2.11607562000427,2.86750688999746,1,2,1
18,1,1,4,1.27979870600393,1.96819864600548,1,2,2
18,4,4,4,1.2811610600038,1.68141011300031,1,2,3
18,2,2,4,1.16599820199917,1.53411037099431,1,2,4
18,2,3,1,3.12075159200322,4.40051805900293,1,2,3
18,4,4,4,1.21452169000258,1.5659851859964,1,2,1
18,3,3,4,1.3123518479988,1.82460829299816,1,2,2
18,1,1,4,1.22353770900372,1.53499418999854,1,2,2
18,2,2,4,1.08207369100273,1.40172469800018,1,2,3
18,2,2,3,1.15398422500584,1.50593366099929,1,2,4
18,1,1,4,1.1099480289995,1.41823602600198,1,2,4
18,2,2,2,2.54096115800348,3.06971044200327,1,2,3
18,4,4,1,2.00138573699951,3.37683396300417,1,2,1
18,3,3,4,1.46410206099972,1.9440878940004,1,2,1
18,1,1,4,1.06630638100614,1.40247584900499,1,2,2
18,2,2,4,0.994952523004031,1.36270932700427,1,2,3
18,3,3,3,1.30922298399673,1.83669914399798,1,2,2
18,3,3,2,1.28273293200618,1.8273390270042,1,2,2
18,1,1,4,1.00227004699991,1.32219131100283,1,2,3
18,1,2,1,2.19741624099697,3.34955791399989,1,2,2
18,4,4,4,1.10258127199631,1.41823688699515,1,2,1
18,1,1,3,1.47810031999688,2.50204478999513,1,2,3
18,2,2,3,1.23231486900477,1.64867046599829,1,2,4
18,2,2,3,1.02303349000431,1.75861604400416,1,2,4
18,2,4,1,1.40085928899498,2.87293362099444,1,2,4
18,4,4,2,1.66861199100094,2.3404546189995,1,2,3
18,3,3,3,1.39817697800027,1.91047157299909,1,2,1
18,2,2,4,1.00158069600002,1.31827166500443,1,2,4
18,3,3,4,1.17224828799954,1.48486525000044,1,2,2
18,4,3,2,1.58416145200317,2.48027219600044,1,3,3
18,3,3,4,1.16469451400189,1.48505577500327,1,3,4
18,4,4,3,1.31343750000087,2.12943529900076,1,3,3
18,4,4,4,1.06822383899998,1.38496574799501,1,3,3
18,3,3,2,1.13968463000492,1.98819980000553,1,3,4
18,4,4,3,1.0280246580005,1.35171955300029,1,3,3
18,4,4,1,1.51827154700004,2.07796519900148,1,3,3
18,3,3,3,1.35451337000268,1.73905855500198,1,3,4
18,3,3,3,1.02982956999767,1.35159299599763,1,3,4
18,3,3,4,0.927894173000823,1.2516505320018,1,3,4
18,4,4,2,0.989233874999627,1.59667443500075,1,3,3
18,3,3,4,0.989269675003015,1.30143130299984,1,3,4
18,4,4,3,1.09714730799897,1.4182660630031,1,3,3
18,3,3,2,1.07274052599678,1.77649073200155,1,3,4
18,4,4,3,1.19350126799691,1.70585176999884,1,3,3
18,3,3,4,0.98123321699677,1.31753739000123,1,3,4
18,3,3,1,1.29670455900487,1.7611506950052,1,3,4
18,4,4,1,1.16287862299941,1.69110655500117,1,3,3
18,3,3,4,1.01461453400407,1.33491966500151,1,3,4
18,3,3,4,0.961301949995686,1.36111145199538,1,3,4
18,4,4,4,1.16297158400266,1.48504485699959,1,3,3
18,4,4,3,0.911212020997482,1.31193997299852,1,3,3
18,3,3,3,1.10021663999942,1.8515426160011,1,3,4
18,3,3,2,1.34572411499539,1.88933966399782,1,3,4
18,4,4,4,1.02967964299751,1.3517230159996,1,3,3
18,3,3,4,1.02365772899793,1.33471923799516,1,3,4
18,3,3,4,1.04975810099859,1.36816465699667,1,3,4
18,3,3,4,1.04368352299934,1.35137762299564,1,3,4
18,4,4,1,1.18078036500083,1.82058304400562,1,3,3
18,3,3,4,1.15618957300467,1.50832487200387,1,3,4
18,4,3,4,1.01619528300216,1.33587846800219,1,3,3
18,3,3,4,0.979188835997775,1.30155588300113,1,3,4
18,4,4,4,0.911166942998534,1.23491833899607,1,3,3
18,3,3,4,1.05397548899782,1.36830201100383,1,3,4
18,3,3,3,2.1188841760013,2.7586144750021,1,3,4
18,4,4,3,1.22467644800054,1.70476736099954,1,3,1
18,4,1,3,1.42849253400345,2.11692721099826,1,3,1
18,4,4,2,1.26326179899479,1.80747591299587,1,3,1
18,1,1,4,0.870904670999153,1.18463073400198,1,3,4
18,4,4,4,1.07919618299638,1.40163161300006,1,3,1
18,4,4,3,1.07127359400329,1.51930703000107,1,3,1
18,4,1,2,1.33083750500373,1.69850676600618,1,3,1
18,1,1,1,1.87077874700481,2.185811096002,1,3,4
18,1,1,3,1.01382809200004,1.33472696600074,1,3,4
18,4,1,1,2.19275777000439,2.5025780030046,1,3,1
18,4,4,1,1.67573479800194,2.74694793399976,1,3,1
18,4,4,4,1.08516603799944,1.40174484199815,1,3,1
18,4,4,2,1.41220490099658,1.90830541800096,1,3,1
18,4,4,3,1.03161468599865,1.35166649599705,1,3,1
18,4,4,3,1.02607908700156,1.66593177900359,1,3,1
18,1,1,3,1.24778735000291,1.58375497400266,1,3,4
18,4,4,4,0.944734760996653,1.29621107599814,1,3,1
18,4,4,2,1.421602334005,2.31688156400196,1,3,1
18,1,1,2,1.31179240500205,1.75991635899845,1,3,4
18,1,1,4,0.905473326994979,1.21796614099731,1,3,4
18,4,4,4,1.0492150239952,1.3682120529993,1,3,1
18,4,4,4,0.994652795998263,1.31825844600098,1,3,1
18,4,4,3,1.0053164159981,1.34170561000064,1,3,1
18,4,4,4,0.936672055002418,1.25621219399909,1,3,1
18,1,1,4,1.09455868900113,2.35867188600241,1,3,4
18,1,1,2,1.04799106300197,1.5432487010039,1,3,4
18,4,4,4,0.842366593999031,1.16206749499543,1,3,1
18,4,4,4,1.02026568599831,1.43634166300035,1,3,1
18,4,4,4,1.26718534200336,1.58511632499722,1,3,1
18,4,4,2,1.14010142999905,1.5397001579986,1,3,1
18,1,1,4,0.951010957003746,1.83080204800353,1,3,4
18,4,4,4,0.909760483002174,1.21792512600223,1,3,1
18,4,4,4,0.892802773996664,1.20142766700155,1,3,1
18,4,4,4,0.797255965000659,1.11793431799742,1,3,1
18,1,1,4,0.881602423003642,1.20133564900607,1,3,4
18,1,4,3,1.44820636999793,2.40853985300055,1,1,NaN
18,4,4,3,0.983843597998202,1.38379884100141,1,1,NaN
18,4,4,1,1.74425210199843,2.24066213599872,1,1,NaN
18,1,1,2,1.15762182300386,1.60578851000173,1,1,NaN
18,2,2,4,0.981770368001889,1.36604404600075,1,1,NaN
18,4,4,3,1.16706220099877,1.48521320999862,1,1,NaN
18,4,4,2,1.4117508950003,1.79540789000021,1,1,NaN
18,2,2,4,0.939437009001267,1.3721649309955,1,1,NaN
18,1,2,3,1.12490239800536,1.908985975002,1,1,NaN
18,3,3,2,1.60834709899791,3.03169588899618,1,1,NaN
18,2,2,4,1.05409058099758,2.03003588099818,1,1,NaN
18,3,3,3,1.4207111739961,2.26870979600062,1,1,NaN
18,2,2,4,1.00906021600531,1.31812415700551,1,1,NaN
18,1,1,4,1.00443309899856,1.31798113999685,1,1,NaN
18,3,3,1,1.73536700000113,2.16772625799786,1,1,NaN
18,2,2,3,1.07213766800123,1.42413972599752,1,1,NaN
18,3,3,2,1.51159544900293,2.74374969700148,1,1,NaN
18,4,4,1,1.4168527619986,1.73530934199516,1,1,NaN
18,1,1,4,1.01161716199567,1.50746838800114,1,1,NaN
18,1,1,1,1.71956370100088,2.03556494000077,1,1,NaN
18,1,1,3,1.2043022229991,1.52459454099881,1,1,NaN
18,4,2,2,0.999696320999647,1.56022912000481,1,1,NaN
18,4,4,2,1.20967643900076,1.62620838099974,1,1,NaN
18,1,1,4,0.889287229998445,1.20134030200279,1,1,NaN
18,1,1,4,0.920182617999671,1.23460467400582,1,1,NaN
18,1,2,4,0.967893920998904,1.28707446800399,1,1,NaN
18,1,1,3,1.02823622200231,1.62049540700536,1,1,NaN
18,3,3,2,1.17133838000154,1.92386887699831,1,1,NaN
18,2,2,3,1.23888710000028,1.97468717700394,1,1,NaN
18,4,2,2,1.15972959200008,1.63986527999805,1,1,NaN
18,2,2,3,0.965748367001652,1.28489919500134,1,1,NaN
18,4,4,3,1.33090367099794,2.17875427699619,1,1,NaN
18,1,1,4,1.00354187999619,1.32392408699525,1,1,NaN
18,1,4,2,1.14337914100179,1.68698528600362,1,1,NaN
18,4,2,2,1.04312941100216,1.35168196599989,1,1,NaN
18,4,4,2,1.22069769799418,1.68422483899485,1,2,1
18,4,4,3,1.12069459299528,1.63324874799582,1,2,2
18,2,2,4,1.1353263580022,1.50371974200243,1,2,4
18,3,3,3,1.23538724600076,1.85970109000482,1,2,2
18,1,1,2,1.27322583599744,1.70525528500002,1,2,3
18,2,2,4,1.04441843899986,1.49237579499459,1,2,4
18,3,3,3,1.24147640899901,1.5775687130008,1,2,4
18,1,3,2,2.0903363260004,2.90676876100042,1,2,3
18,4,4,2,2.00506678799866,2.5176403689984,1,2,1
18,2,2,2,1.91966028400202,2.44781961600529,1,2,3
18,3,3,3,1.35731491399929,2.10919938699953,1,2,4
18,1,1,2,1.28800778699951,1.80013351099478,1,2,3
18,4,4,2,1.60034497999732,2.33605779500067,1,2,1
18,2,2,4,1.02617387899954,1.33489568599907,1,2,4
18,3,3,4,1.1162463360015,1.43498061900027,1,2,1
18,2,2,4,1.09112364999601,1.4015321209954,1,2,4
18,1,1,4,1.08211967100215,1.40175586100668,1,2,2
18,1,1,3,1.26631584000279,2.00194014800218,1,2,2
18,4,1,1,3.08997583200107,3.66568451999774,1,2,1
18,3,3,4,1.16526909799722,1.4852246149967,1,2,4
18,4,2,2,1.0263559619998,1.76192885699857,1,2,2
18,1,1,4,0.988076406996697,1.51563186999556,1,2,4
18,4,4,4,1.16802353700041,1.56729613999778,1,2,2
18,2,2,3,0.880876555995201,1.21744511099678,1,2,3
18,3,3,4,1.23277869400044,1.55183610299719,1,2,1
18,4,4,2,1.25047923000238,1.74617977700109,1,2,1
18,3,2,2,1.2132477319974,1.53505757200037,1,2,2
18,2,2,3,1.43959551800071,1.75181660700036,1,2,4
18,2,2,4,1.01712849300384,1.33512904300005,1,2,4
18,2,2,4,1.04409564399975,1.36826499199378,1,2,3
18,1,3,1,2.60500695600058,3.91688182399957,1,2,3
18,4,4,4,1.10253702599584,1.4183999109955,1,2,1
18,4,2,1,2.06892875199992,3.22109396899759,1,2,2
18,3,3,3,1.09074517700355,1.49076141200203,1,2,4
18,2,2,4,0.87156827000581,1.18465659000503,1,2,3
18,2,2,3,1.30856958100048,1.86919209099869,1,3,3
18,2,2,2,2.20999506400403,3.76191140599985,1,3,3
18,2,2,4,1.0177089869976,1.33492900800047,1,3,3
18,2,2,4,0.867833573000098,1.18461206900247,1,3,3
18,3,3,4,0.980677674000617,1.30142058699857,1,3,2
18,2,2,4,0.816974686997128,1.13461827699939,1,3,3
18,3,3,4,1.26833839000028,1.58504992799863,1,3,2
18,3,3,4,0.996310771995923,1.31826347299648,1,3,2
18,3,3,4,0.911522602997138,1.23472978199425,1,3,2
18,2,2,4,0.926223200003733,1.23467030499887,1,3,3
18,2,2,4,0.89315198300028,1.20134641599725,1,3,3
18,3,3,2,1.27784353499737,1.661994246002,1,3,2
18,3,3,3,1.01992053700087,1.35565851299907,1,3,2
18,2,2,3,1.10998750200088,1.79725693399814,1,3,3
18,3,3,4,1.06982790700567,1.43762672100274,1,3,2
18,2,2,4,1.01308594299917,1.33503594099602,1,3,3
18,3,3,4,1.039300876997,1.35166473299614,1,3,2
18,2,2,4,0.841851053999562,1.15114611699391,1,3,3
18,3,3,4,0.971015842005727,1.28491783700156,1,3,2
18,2,2,4,0.856846861999657,1.16796419100137,1,3,3
18,3,3,4,1.00166520800121,1.31797218599968,1,3,2
18,2,2,4,1.18849885199597,1.52531356400141,1,3,3
18,2,2,4,0.920181274996139,1.23474970700045,1,3,3
18,3,3,4,1.04651784300222,1.3682591770048,1,3,2
18,2,2,4,1.02385104200221,1.33472522500233,1,3,3
18,3,2,1,1.17920857100398,1.67517265499919,1,3,2
18,3,3,3,1.20777547000034,1.92821858800016,1,3,2
18,3,3,1,1.6426401380013,2.42655752800056,1,3,2
18,2,2,3,0.968922422005562,1.30535371000587,1,3,3
18,3,3,4,1.06173038099951,1.3850980290008,1,3,2
18,3,3,4,0.941428230995371,1.25132809699426,1,3,2
18,3,3,4,0.891572409993387,1.20136259199353,1,3,2
18,2,2,4,0.891699671999959,1.20119405599689,1,3,3
18,2,2,4,0.908171328999742,1.21790965599939,1,3,3
18,2,2,4,0.795096260997525,1.35541467899748,1,3,3
18,1,1,2,1.42018462099804,2.09239966199675,1,2,4
18,3,3,3,1.24032766099845,1.72024137999688,1,2,4
18,2,2,3,1.02793339000345,1.37970401700295,1,2,1
18,3,3,3,1.24486392700055,1.56475281700114,1,2,2
18,4,4,3,1.02293654000096,1.33503035500325,1,2,1
18,2,2,4,1.01804285599792,1.3349880389942,1,2,3
18,4,4,2,1.22004440399905,1.66775769500236,1,2,3
18,1,1,3,0.945382616002462,1.28107794099924,1,2,4
18,3,3,2,1.40648949099705,2.07912911199674,1,2,4
18,3,3,3,1.06771420300356,1.38740795299964,1,2,4
18,1,1,4,0.996223590002046,1.31835438000417,1,2,2
18,3,3,2,1.45552916700399,2.01606274400547,1,2,2
18,4,4,2,1.37520485900313,1.71086535300128,1,2,3
18,1,1,1,2.57138084199687,2.8865483030022,1,2,3
18,3,3,4,1.14138537999679,1.49361833900184,1,2,1
18,2,2,2,1.258478112999,2.28207624099741,1,2,4
18,1,1,4,1.50282139000046,1.90259229300136,1,2,2
18,3,3,3,1.23430475199712,1.66577265899832,1,2,2
18,2,2,3,0.991171416993893,1.3015986850005,1,2,1
18,1,1,3,1.0194539189979,1.38752995400137,1,2,4
18,4,4,1,1.58864686600282,2.11637879699992,1,2,1
18,1,1,4,1.08741868600191,1.4227243389978,1,2,2
18,1,2,4,1.0628369430051,1.46222031700017,1,2,2
18,3,3,3,1.27657210500183,1.61227351699927,1,2,2
18,1,1,4,1.19682217099762,1.51851066100062,1,2,3
18,3,3,3,1.16785788700508,1.48491682700114,1,2,2
18,1,1,3,1.42801642900304,1.73504396800126,1,2,3
18,3,3,4,1.08620142700238,1.40148727800261,1,2,2
18,3,3,1,2.72577928600367,3.28641202099971,1,2,4
18,4,4,3,1.12118889499834,1.44127547700191,1,2,2
18,3,3,3,1.35135769000044,1.67201288900105,1,2,2
18,1,1,4,0.949119670993241,1.26818309800001,1,2,3
18,2,2,3,1.23447967800166,1.55162877999828,1,2,3
18,3,3,2,1.15631531499821,1.70029192999937,1,2,1
18,3,4,1,2.38371982199897,3.23217075099819,1,2,4
18,2,2,3,1.0918206589995,1.62059833600506,1,1,NaN
18,3,3,4,1.04392405800172,1.36848462899798,1,1,NaN
18,2,2,2,1.30870798099932,1.70926775800035,1,1,NaN
18,1,1,4,1.00079195199942,1.32081569400179,1,1,NaN
18,3,3,3,1.18843145699793,1.60406732200499,1,1,NaN
18,1,1,3,0.98051928300265,1.30166694700165,1,1,NaN
18,4,2,2,1.07186521800031,1.56729389099928,1,1,NaN
18,3,3,4,1.16859755099722,1.79266711399396,1,1,NaN
18,2,2,4,0.936952756004757,1.25159453100059,1,1,NaN
18,1,1,1,1.52791146899835,1.83527173799666,1,1,NaN
18,1,1,3,1.30962657100463,1.63026986600016,1,1,NaN
18,4,4,1,1.42150715400203,1.82160155999736,1,1,NaN
18,3,1,1,1.87649757200415,2.18570290800562,1,1,NaN
18,1,1,4,1.16421369199816,1.48500896900077,1,1,NaN
18,3,3,4,1.56831288599642,1.93718751699635,1,1,NaN
18,2,2,3,1.13899919400137,1.93920120700204,1,1,NaN
18,4,4,2,1.49320941199403,1.8126848979955,1,1,NaN
18,2,2,3,1.38842562199716,1.86894145899714,1,1,NaN
18,2,2,4,0.913596867001615,1.39374308600236,1,1,NaN
18,3,3,4,1.22667434799951,1.61074596599792,1,1,NaN
18,1,1,1,1.35446505800064,1.81838530200184,1,1,NaN
18,1,2,2,1.4256108030022,2.46534765000251,1,1,NaN
18,4,4,2,1.21472777699819,1.59812129599595,1,1,NaN
18,2,2,4,1.51914975900581,1.8355312700005,1,1,NaN
18,2,2,1,1.65365277099772,2.40489097099635,1,1,NaN
18,2,2,3,1.06060278999939,1.62028222200024,1,1,NaN
18,4,1,1,1.37960269400355,1.77912724300404,1,1,NaN
18,1,1,4,0.972402109000541,1.28477910700167,1,1,NaN
18,4,3,2,1.11339954799769,1.56184267199569,1,1,NaN
18,1,1,3,0.986973318002129,1.40343673800089,1,1,NaN
18,3,3,4,1.17145160200016,1.5398266129996,1,1,NaN
18,3,3,4,1.34980969900062,1.70172774900129,1,1,NaN
18,3,3,2,1.07367831100419,1.44181519099948,1,1,NaN
18,2,2,4,1.09615413100255,1.41844417399989,1,1,NaN
18,2,2,4,1.05645695899875,1.36828278699977,1,1,NaN
18,2,2,1,1.33238656100002,1.87668732099701,1,1,NaN
18,1,1,4,0.985892199001682,1.30146891299955,1,1,NaN
18,1,1,1,1.844793106,2.34075343300356,1,1,NaN
18,4,4,2,1.15883840699826,1.54284048100089,1,1,NaN
18,4,4,2,1.16133877800166,1.62593008299882,1,1,NaN
18,3,3,3,1.20877233800275,1.51824409199617,1,1,NaN
18,1,1,4,1.25983496899426,1.56850669299456,1,1,NaN
18,2,2,2,1.30981586599955,1.78960325499793,1,1,NaN
18,2,2,4,0.918207508002524,1.62181832799979,1,1,NaN
18,2,2,4,1.02935792000062,1.41336215800402,1,1,NaN
18,4,4,2,1.64531777199591,2.22067637999862,1,1,NaN
18,3,4,1,1.65173518800293,2.93132759300352,1,1,NaN
18,2,2,3,1.18103054499807,1.96543422299874,1,1,NaN
18,1,1,4,0.974787854996976,1.58315433400276,1,1,NaN
18,4,4,1,1.4874076039996,1.80760015499982,1,1,NaN
18,4,2,1,1.27109653800289,1.62351607400342,1,1,NaN
18,3,3,3,1.03008651299751,2.02267376399686,1,1,NaN
18,4,4,3,1.12555111700203,1.70121465199918,1,1,NaN
18,3,3,4,0.976950655996916,1.37730774899683,1,1,NaN
18,4,4,4,0.985947982997459,1.30097849099548,1,1,NaN
18,4,3,1,1.35080554500018,1.71901331999834,1,1,NaN
18,2,2,4,0.930099476994656,1.25157663899881,1,1,NaN
18,2,2,4,1.02304506099608,1.33469826999499,1,1,NaN
18,1,1,4,1.03366366099362,1.35151464099908,1,1,NaN
18,2,2,4,0.867638167997939,1.18436300200119,1,1,NaN
18,4,4,3,1.02937487500458,1.35163174600166,1,1,NaN
18,2,2,4,1.05595433500275,1.36844354000641,1,1,NaN
18,4,4,1,1.01721582300524,1.33488420300273,1,1,NaN
18,3,3,3,1.23562790600408,1.55178035599965,1,1,NaN
18,2,2,3,0.918085547004011,1.23474786300358,1,1,NaN
18,2,2,3,0.915739602998656,1.2344872850008,1,1,NaN
18,4,4,1,1.25135801400029,1.69915041800414,1,1,NaN
18,3,3,3,1.03984668900375,1.53567067899712,1,1,NaN
18,3,3,3,0.962291954994726,1.28489903199807,1,1,NaN
18,1,4,1,1.31096892800269,1.6356191560044,1,1,NaN
18,2,2,1,1.30044075699698,1.7966047039954,1,3,4
18,4,4,3,0.988815065997187,1.30872221999743,1,3,2
18,2,4,1,2.24887747700268,3.03299744999822,1,3,4
18,4,4,4,0.974610506003955,1.28488006200496,1,3,2
18,4,4,4,0.859704829003022,1.16805870600365,1,3,2
18,2,2,3,0.893620599999849,1.21818128100131,1,3,4
18,2,2,4,0.828424560997519,1.15134643000056,1,3,4
18,2,2,3,0.750233402999584,1.06793838799786,1,3,4
18,2,2,3,0.980397755003651,1.30153078400326,1,3,4
18,2,2,4,0.864743019999878,1.18487599200307,1,3,4
18,2,2,4,1.08975014700263,1.40161526799784,1,3,4
18,2,2,3,0.873567793998518,1.20970374999888,1,3,4
18,4,4,2,1.01791921500262,1.40163102299994,1,3,2
18,4,2,2,0.898575825005537,1.21806032200402,1,3,2
18,4,4,2,1.02603696200094,1.36205857399909,1,3,2
18,2,2,4,0.844242774001032,1.16815195199888,1,3,4
18,4,4,4,0.862055664998479,1.1848683069984,1,3,2
18,2,2,4,0.878193987999111,1.20131881700217,1,3,4
18,2,2,4,0.73488386599638,1.05131770699518,1,3,4
18,2,2,4,0.773396897995553,1.08451591199992,1,3,4
18,2,2,4,0.730844339996111,1.05130859199562,1,3,4
18,2,2,3,0.817025005002506,1.13466757199785,1,3,4
18,2,2,4,0.835829495001235,1.15131631200347,1,3,4
18,4,4,2,1.07828058200539,1.40161150600034,1,3,2
18,2,2,4,0.910389734999626,1.21804246900138,1,3,4
18,4,4,1,1.22996668500127,1.6139692680008,1,3,2
18,4,4,1,1.42243788499763,1.73554237099597,1,3,2
18,4,2,1,2.20079896300012,2.51959296299901,1,3,2
18,4,4,3,1.05776137199427,1.52213118899817,1,3,2
18,4,4,4,1.029240089003,1.79747203300212,1,3,2
18,4,4,2,1.08615527499933,1.59824409599969,1,3,2
18,2,2,2,1.27861308700085,1.69473152800492,1,3,4
18,2,2,2,0.954647230995761,1.26830756999698,1,3,4
18,4,4,3,1.17677955899853,1.67277897799795,1,3,2
18,2,2,4,0.997244551996118,1.31826242800162,1,3,4
18,2,2,4,1.08018696799991,1.40163948400004,1,2,1
18,4,4,1,1.951708710003,2.65625742300472,1,2,3
18,4,4,4,1.23709238900483,1.55676060599944,1,2,2
18,2,2,4,0.98280125400197,1.30161106000014,1,2,4
18,4,4,3,1.10683248400164,1.41847284499818,1,2,2
18,1,1,4,1.17851288000384,1.50190921800095,1,2,3
18,3,3,3,1.08645957599947,1.64653021599952,1,2,2
18,3,3,2,1.22888320399943,1.70931312700122,1,2,1
18,3,3,4,1.06466902999819,1.43299945799663,1,2,4
18,4,4,1,1.69573045499419,2.12751302899414,1,2,3
18,3,3,3,1.49807051099924,1.81881029400392,1,2,1
18,2,4,1,1.40949752199958,1.88872883199656,1,2,4
18,4,4,3,0.885277991001203,1.20138816599501,1,2,1
18,3,3,4,1.22177435800404,1.54152300100395,1,2,4
18,1,1,4,1.14449419499579,1.68841882799461,1,2,3
18,4,3,2,1.2370992340002,1.68453807100013,1,2,3
18,3,3,4,0.961091397002747,1.31313138800033,1,2,4
18,4,4,3,1.66170306200365,2.1735572960024,1,2,1
18,3,3,3,1.12625838799431,1.5420448359946,1,2,2
18,1,1,4,0.920309326000279,1.23485223500029,1,2,2
18,1,1,4,0.967365569995309,1.28481522799848,1,2,3
18,1,1,2,2.14875562299858,2.78874664299656,1,2,4
18,4,4,1,1.73152458900586,2.05242241800443,1,2,1
18,1,2,3,3.31306659200345,3.95284952600196,1,2,2
18,3,3,3,1.08887718500046,1.44073079100053,1,2,4
18,1,1,4,1.01524628399784,1.33503878399642,1,2,3
18,3,3,4,1.10578466000152,1.42615326400119,1,2,2
18,4,4,4,1.20970544799638,1.51827023099759,1,2,1
18,2,2,2,1.29295082099998,1.77242228800606,1,2,3
18,1,1,4,1.12584390799748,1.43492822899861,1,2,4
18,4,4,2,1.19652220200078,1.69215087400516,1,2,2
18,4,4,1,1.38544547399943,1.94506422999984,1,2,1
18,1,1,4,1.00337008499628,1.31819439100218,1,2,2
18,4,4,4,0.998794487997657,1.31836514799943,1,2,1
18,1,1,3,1.28252252500533,1.69838849100051,1,2,3
19,2,2,4,1.82781251000006,2.61210107900001,1,1,NaN
19,4,2,3,1.642727154,2.02669055700005,1,1,NaN
19,2,2,4,1.36914529699993,1.96117981399993,1,1,NaN
19,2,2,4,1.35513672000002,1.66843594500006,1,1,NaN
19,1,1,2,1.46413746899998,1.96021427400001,1,1,NaN
19,4,2,4,1.36845925600005,1.68470055900002,1,1,NaN
19,3,3,3,1.25389551800004,1.56839125600004,1,1,NaN
19,4,4,2,1.68639036399998,2.23019876800004,1,1,NaN
19,4,4,3,2.33340472500004,3.11724312499996,1,1,NaN
19,3,3,4,1.61486057900004,1.93562538500009,1,1,NaN
19,3,3,1,3.21770493200006,3.66565619200003,1,1,NaN
19,4,2,1,2.109306855,2.41946926800006,1,1,NaN
19,2,2,4,1.275319244,1.58520980800006,1,1,NaN
19,3,2,3,2.9558598430001,3.27045666400011,1,1,NaN
19,4,4,2,1.95891202799999,2.26918340099996,1,1,NaN
19,2,2,3,1.27533776400003,1.58541562799996,1,1,NaN
19,2,2,4,2.36423610099996,3.13233324299995,1,1,NaN
19,4,4,2,1.1817360849999,2.07814577399995,1,1,NaN
19,3,3,3,1.45058938399995,1.76875439499997,1,1,NaN
19,4,4,4,2.38781228400001,2.70317117599996,1,1,NaN
19,4,1,1,1.8145321799999,2.23042010099994,1,1,NaN
19,2,2,4,1.94889165100005,2.269382845,1,1,NaN
19,1,1,4,1.45702239900004,1.76870471899997,1,1,NaN
19,3,3,4,1.57822589500006,1.946498056,1,1,NaN
19,2,2,2,1.70887304999997,2.12487295199992,1,1,NaN
19,3,1,4,2.16716666299999,2.48601497499999,1,1,NaN
19,1,2,3,1.77840611400006,2.08561091700005,1,1,NaN
19,3,3,3,1.29484377400001,1.64731925199999,1,1,NaN
19,1,2,4,1.86946675500008,2.18627772900004,1,1,NaN
19,2,2,3,1.66943779199994,1.98538074600003,1,1,NaN
19,2,2,4,3.50915999800009,4.18109815900004,1,1,NaN
19,1,1,3,1.61185397399993,2.76394002099994,1,1,NaN
19,1,1,3,1.24415315599992,1.55173532699996,1,1,NaN
19,2,4,2,1.93395765600008,2.41476750100003,1,1,NaN
19,3,3,4,1.69389209899998,2.00233103099993,1,1,NaN
19,1,1,1,2.08210742799997,2.40282310399994,2,2,4
19,3,3,4,2.11363685499998,2.43619490100002,2,2,1
19,4,4,1,2.27107205599998,3.08718445499994,2,2,2
19,1,1,3,2.35310191099995,3.63343281799996,2,2,2
19,1,1,3,2.15861435499994,2.92658053299999,2,2,3
19,1,1,4,1.44793573699997,1.81588311100006,2,2,4
19,1,1,3,1.61543371300002,2.49532994200001,2,2,3
19,3,3,3,2.31509559599999,3.13116500900003,2,2,1
19,1,1,4,2.25234711899998,2.71678695100002,2,2,2
19,4,4,4,1.90374374700002,2.21936039000002,2,2,3
19,2,2,3,1.62181490899991,1.98988747899989,2,2,4
19,3,3,4,2.18185929599997,2.50295901599998,2,2,4
19,3,3,4,1.72850420899999,2.05221936299995,2,2,1
19,4,4,4,1.94965079600001,2.26926173499999,2,2,3
19,2,2,3,2.5461392279999,2.8699187599999,2,2,1
19,2,2,4,1.26187124,1.78988908700001,2,2,3
19,2,2,4,1.92642802700004,2.59877825699994,2,2,4
19,3,3,4,1.93402562699998,2.25266682699998,2,2,4
19,4,4,1,2.85101818500004,3.17018525800006,2,2,2
19,3,3,4,1.41008860800002,1.71864866700002,2,2,1
19,1,1,4,2.30157582499999,2.61945928600005,2,2,4
19,2,2,4,1.87156417400001,2.181997841,2,2,3
19,2,3,3,1.27534519900007,1.59583194499999,2,2,3
19,1,1,4,2.95633699899997,3.27032479299999,2,2,3
19,3,3,4,1.36765578699999,1.68536389799999,2,2,4
19,2,4,1,2.89988266,4.02020197299998,2,2,4
19,2,3,4,1.552907882,1.86865163999994,2,2,1
19,3,3,4,2.32533700499994,2.63636375599992,2,2,2
19,4,4,1,2.95507287700002,3.32250583400003,2,2,1
19,3,3,4,1.331781632,1.65189864500007,2,2,4
19,2,2,4,1.36171635900007,1.66835078500003,2,2,4
19,3,3,4,2.15914220699995,2.46945198099991,2,2,4
19,2,2,4,1.43550961099993,1.75194580699997,2,2,3
19,1,4,4,2.27674051299994,2.58609089799995,2,2,4
19,3,3,4,1.46896861499999,1.788637193,2,2,1
19,3,3,4,1.54767336899999,1.86876923599993,1,3,2
19,3,3,4,1.10503272400001,1.41816346600001,1,3,2
19,2,2,4,1.62450761399998,1.93534345599994,1,3,3
19,3,3,4,1.16270301899999,1.48516411100002,1,3,2
19,2,2,3,1.74319911800001,2.05226911600005,1,3,3
19,3,3,2,1.53199703600001,1.85211171999993,1,3,2
19,2,2,3,1.23370710500012,1.71362204000002,1,3,3
19,2,2,4,1.02178968599992,1.33505814399996,1,3,3
19,2,2,4,0.904147840000178,1.2181002530001,1,3,3
19,2,2,4,1.75221132399997,2.13618928400001,1,3,3
19,3,2,3,1.24984119499982,1.57029362099979,1,3,2
19,2,2,4,1.01045636699996,1.31810533099997,1,3,3
19,3,3,4,1.23024066500011,1.64669896999999,1,3,2
19,2,2,3,1.35697839300019,1.69263940900009,1,3,3
19,3,2,2,1.89755740299984,2.21930961999988,1,3,2
19,3,3,4,1.72826547199998,2.03546111700007,1,3,2
19,2,2,4,1.88556809900001,2.55791748399997,1,3,3
19,2,2,3,1.25525220000009,1.97495141200011,1,3,3
19,2,2,4,1.57551446000002,1.88542042099994,1,3,3
19,2,2,1,2.0440119179998,2.507690981,1,3,3
19,2,2,4,1.55801268999994,1.89392024800009,1,3,3
19,2,2,2,2.05922770100005,2.36931643499997,1,3,3
19,3,3,4,1.24299432299995,1.55183914999998,1,3,2
19,2,2,4,1.35731185299983,2.029424414,1,3,3
19,3,3,3,1.74016233299994,2.12437866300002,1,3,2
19,2,2,4,1.51126951599986,1.81903300699992,1,3,3
19,2,2,4,1.59806480600014,2.15755512200008,1,3,3
19,3,3,4,1.75072580799997,2.06890790600005,1,3,2
19,2,2,4,0.996145884999805,1.31816627299986,1,3,3
19,2,2,2,2.79943274999982,3.12028670299992,1,3,3
19,3,3,3,1.93723057300008,2.2525957790001,1,3,2
19,3,3,3,2.32576059500002,2.63632076700014,1,3,2
19,2,2,4,2.65101311700005,2.97008844400011,1,3,3
19,2,3,4,3.69873299899996,4.02121278000004,1,3,3
19,2,2,3,3.00727653099989,3.34371793499986,1,3,3
19,2,2,4,1.31577381399984,1.63516080399995,1,2,4
19,3,3,4,1.36295259300005,1.68543828599991,1,2,4
19,3,3,4,1.69479945100011,2.00212498700012,1,2,4
19,2,2,3,1.5822075179999,2.55872760199986,1,2,3
19,3,3,4,1.35162584199998,1.66862891699998,1,2,4
19,1,2,4,1.55615544299985,2.132495737,1,2,2
19,2,2,4,1.11875824000003,1.58348770600014,1,2,1
19,3,3,3,2.27145227799997,2.586314421,1,2,1
19,2,2,4,1.25479840399998,1.568444946,1,2,3
19,4,4,4,1.36802824799997,1.96032171899992,1,2,1
19,1,1,1,3.09806714399997,3.42062333800004,1,2,3
19,2,2,3,1.63076728199985,1.95226341599982,1,2,1
19,4,4,4,1.63269672499996,2.20881271600001,1,2,1
19,1,1,1,2.91983727499996,3.23726344400006,1,2,3
19,4,3,3,2.78846006100002,3.10892572700004,1,2,3
19,3,3,4,2.40663668000002,2.96697253900015,1,2,1
19,4,4,4,1.66370477100008,2.27141815900018,1,2,1
19,1,1,4,1.57132746399998,1.88532168000006,1,2,3
19,4,4,2,2.95193340200012,3.54377855500002,1,2,3
19,2,2,4,1.5129400159999,1.83577369799991,1,2,1
19,4,3,3,2.54236808699989,2.85329561899994,1,2,3
19,4,4,3,2.97111343999995,3.28717433799989,1,2,3
19,4,4,3,2.05351455699997,2.36936814899991,1,2,3
19,3,3,1,3.07794781000007,3.387237035,1,2,4
19,1,3,1,3.66041016700001,4.01298087600003,1,2,2
19,3,3,3,2.32998913199981,2.65307332099997,1,2,4
19,3,2,2,2.76673387999995,3.08687382799985,1,2,2
19,1,2,4,2.22560637800007,2.53601882500016,1,2,2
19,2,2,4,1.73941211199985,2.37928249499987,1,2,1
19,4,4,4,2.04333680900004,2.35282961600001,1,2,2
19,3,3,3,1.66081151200001,2.20463132099985,1,2,4
19,3,3,3,1.81247731500002,2.72392353500004,1,2,2
19,1,1,2,2.74169707800002,3.92596474599986,1,2,3
19,1,1,3,1.91044348600008,2.21924926499992,1,2,2
19,1,1,4,1.48483331099987,1.80202286099984,1,2,4
19,1,2,3,1.85130328500009,2.52396688500016,2,3,2
19,2,2,3,1.36550577799994,1.68532711400007,2,3,1
19,1,1,4,1.234144001,1.74660637500006,2,3,2
19,1,2,4,1.34087502000011,1.65208787900019,2,3,2
19,2,2,3,1.22682399900009,1.93067079100001,2,3,1
19,2,2,4,1.19762459899994,1.53368933999991,2,3,1
19,1,1,2,1.34427557799995,1.65186294900013,2,3,2
19,2,2,4,0.989809644999923,1.43789235599979,2,3,1
19,1,1,3,1.98826697000004,2.30267367900001,2,3,2
19,2,2,3,1.51136051599997,2.13592434600014,2,3,1
19,1,1,4,1.23322951600016,1.95403812500012,2,3,2
19,1,1,4,1.61891504799996,1.93565735099992,2,3,2
19,1,2,3,1.26939961200014,1.58511983800008,2,3,2
19,2,2,4,1.28565365500003,1.75014215100009,2,3,1
19,2,2,4,1.63199677000011,2.19138038300002,2,3,1
19,1,2,3,1.83186774000001,2.23179165199986,2,3,2
19,2,2,3,1.38997805700001,1.7020347130001,2,3,1
19,1,1,4,1.3379692699998,1.65180616999987,2,3,2
19,2,2,3,1.11210284900017,1.43499669300013,2,3,1
19,2,2,4,1.165682006,1.48499195500017,2,3,1
19,1,1,2,2.29007357299997,2.91437199699999,2,3,2
19,2,2,4,1.45250300000021,1.76864228600016,2,3,1
19,2,2,4,1.03013334799994,1.35159094400001,2,3,1
19,2,2,4,1.82368363,2.13587797299988,2,3,1
19,2,2,3,0.921549237000136,1.56151315200009,2,3,1
19,1,1,3,1.29151384500005,1.60196659200005,2,3,2
19,1,2,3,1.85160782399998,2.16894333899995,2,3,2
19,1,2,4,1.71589498699996,2.03567810499999,2,3,2
19,2,2,3,2.09788135400004,2.41954904799991,2,3,1
19,2,2,4,1.04058032800003,1.39208025699986,2,3,1
19,2,2,4,1.11303366800007,2.29668863000006,2,3,1
19,2,2,4,0.909365778999927,1.21802170699993,2,3,1
19,1,1,2,1.45258294100017,1.76855476200012,2,3,2
19,1,1,2,2.24596107799994,2.59740503599983,2,3,2
19,2,2,3,2.39734982200002,2.71991983299995,2,3,1
19,4,4,4,1.86138548300005,2.1690676390001,1,1,NaN
19,3,4,3,1.4703068849999,1.78548736699986,1,1,NaN
19,4,3,3,1.68705565999994,2.26222489599991,1,1,NaN
19,3,3,4,1.11592743899996,1.43521634000012,1,1,NaN
19,3,3,3,1.15422683399993,1.46822402999987,1,1,NaN
19,2,2,2,1.39956074199995,1.84830294300014,1,1,NaN
19,3,3,3,1.63070476400003,1.95236523900007,1,1,NaN
19,2,2,4,1.43944785000008,1.75217616700002,1,1,NaN
19,1,1,3,1.89766298999984,2.21921076699982,1,1,NaN
19,3,3,2,2.17606202299999,2.86384142300017,1,1,NaN
19,2,1,2,1.66068329099994,1.96894835199987,1,1,NaN
19,1,4,1,2.36511466299999,2.95636345100002,1,1,NaN
19,3,3,3,1.34943990600004,1.66861961200016,1,1,NaN
19,3,4,3,1.47380407399987,1.80995392199998,1,1,NaN
19,3,1,2,1.65771832099995,2.55360867699983,1,1,NaN
19,4,1,3,2.78724206399988,3.103700205,1,1,NaN
19,2,4,1,1.86107362899997,2.16897830800008,1,1,NaN
19,4,3,2,1.9179380669998,2.23586001099989,1,1,NaN
19,4,3,3,1.17147245700016,1.48490965300016,1,1,NaN
19,3,3,4,1.160378842,1.46820911899999,1,1,NaN
19,3,3,3,1.29347636900002,1.60187270200004,1,1,NaN
19,1,1,3,2.20569001700005,2.54147861600018,1,1,NaN
19,3,3,3,1.287219521,1.60186275299998,1,1,NaN
19,1,2,1,3.41444570800013,4.05441766000013,1,1,NaN
19,3,3,3,1.58650954799987,1.92168233899997,1,1,NaN
19,3,3,3,1.28494296600002,1.6021026200001,1,1,NaN
19,1,2,4,2.78921221399992,3.10338161999994,1,1,NaN
19,4,2,3,1.57551574700005,1.88546325199991,1,1,NaN
19,3,3,4,1.24355108199984,1.55162376999988,1,1,NaN
19,1,1,4,1.21325600900013,1.53540091700006,1,1,NaN
19,3,3,3,1.32750618299997,1.64798690799989,1,1,NaN
19,3,3,4,1.19863033199999,1.61469980900006,1,1,NaN
19,3,1,4,1.19831505899992,1.51852953699995,1,1,NaN
19,3,3,4,1.23350995400006,1.55174761900003,1,1,NaN
19,3,2,2,1.65126336700018,2.09919873700005,1,1,NaN
19,4,4,1,3.00263393,3.723514303,1,2,1
19,2,3,1,3.20437244699997,3.71647456799997,1,2,3
19,4,4,3,3.5180305949998,4.31734198999993,1,2,3
19,4,4,3,2.270797442,2.58634796000001,1,2,2
19,2,2,3,2.05405403499981,2.36933919299986,1,2,3
19,3,3,3,2.1978689120001,2.90215629700015,1,2,1
19,1,1,4,1.92107104900015,2.23594270500007,1,2,2
19,3,3,3,2.88666315699993,3.52699071400002,1,2,2
19,1,1,4,1.96021215400015,2.26917770800014,1,2,4
19,2,2,1,2.52434849199994,3.08434089399998,1,2,3
19,2,2,2,1.61589712900013,1.93562438200001,1,2,3
19,3,3,4,1.92201347600007,2.23589656900003,1,2,1
19,2,2,3,1.97582317999991,2.28585293499987,1,2,1
19,2,2,4,1.45148506300006,1.76863142000002,1,2,4
19,1,3,1,2.86899446599978,3.49282288999984,1,2,3
19,3,3,3,2.75903421399994,3.07033638400003,1,2,2
19,2,2,4,1.9784486279998,2.31499057699989,1,2,1
19,3,3,2,3.24600050999993,5.02161183399994,1,2,4
19,2,2,4,1.681076222,2.22510596999996,1,2,1
19,3,3,3,2.19992323499991,2.51981706700008,1,2,2
19,3,3,4,1.20214977299997,1.51815185300006,1,2,1
19,2,2,3,1.39746850200004,1.71859700999994,1,2,1
19,1,1,4,1.34460865799997,1.65172795900003,1,2,4
19,4,4,4,2.12675293899997,2.43594231999987,1,2,1
19,3,3,4,1.34032165400004,1.65174128400008,1,2,1
19,1,1,3,1.29017786400004,1.60179913100001,1,2,2
19,4,4,1,3.65731122000011,3.97095987600005,1,2,3
19,1,1,1,2.24817221499984,2.84035731499989,1,2,4
19,1,1,3,1.79805429800012,2.11924077900017,1,2,2
19,1,1,3,1.61665206299995,1.93568943600008,1,2,2
19,4,4,4,1.73078497899996,2.05228579999994,1,2,3
19,1,4,1,2.59155777499996,2.90321184999993,1,2,4
19,4,4,1,1.482650509,1.80198646899998,1,2,1
19,3,3,2,2.30616652200001,2.78606755399983,1,2,1
19,1,1,1,3.69754765500011,4.57754205900005,1,2,3
19,2,2,4,2.38142103899986,3.05392532799988,1,1,NaN
19,1,3,1,2.45019699199997,3.68174335200001,1,1,NaN
19,3,3,1,1.56548156400004,2.12553385499996,1,1,NaN
19,1,3,1,2.79196999800001,3.1034276979999,1,1,NaN
19,2,2,3,1.28977777,1.6017471350001,1,1,NaN
19,4,4,4,1.46589103299993,2.01014076899992,1,1,NaN
19,1,4,4,1.75337628099987,2.29730103499992,1,1,NaN
19,3,3,4,1.61331929599987,1.9356829039998,1,1,NaN
19,4,3,1,2.35136233899993,2.87941996099994,1,1,NaN
19,4,2,2,1.59511008300001,2.69966347400009,1,1,NaN
19,2,2,1,1.4548821620001,1.76866053700019,1,1,NaN
19,3,3,4,1.44786706000014,1.76869702299996,1,1,NaN
19,2,2,1,2.08081576399991,2.57670063099999,1,1,NaN
19,3,3,3,2.13654764499984,2.45284699699982,1,1,NaN
19,3,3,2,2.94961131600007,3.27035245100001,1,1,NaN
19,3,3,3,1.32891702400002,1.65200445100004,1,1,NaN
19,2,3,2,2.73518333199991,3.05357971400008,1,1,NaN
19,1,1,3,1.77875827499997,2.65866409299997,1,1,NaN
19,4,4,4,1.62348170899986,1.93552616599982,1,1,NaN
19,2,2,4,1.49764938899989,1.81872040199983,1,1,NaN
19,4,3,2,2.09680754400006,2.41948566400015,1,1,NaN
19,2,2,3,1.40655175699999,1.718497286,1,1,NaN
19,2,1,3,1.54592378899997,1.99406865300011,1,1,NaN
19,4,4,4,1.59409675899997,2.07404780599995,1,1,NaN
19,4,2,2,2.98233790199993,3.30388414399999,1,1,NaN
19,3,2,2,2.08077014100013,2.40284839000014,1,1,NaN
19,1,1,3,2.23958342699984,2.97604814199985,1,1,NaN
19,1,1,3,1.65548663100003,2.24748738200014,1,1,NaN
19,2,2,3,1.54919162199985,1.86886354099988,1,1,NaN
19,3,3,4,1.90644802099996,2.21926580499985,1,1,NaN
19,2,2,2,1.32089995199999,1.67235333899998,1,1,NaN
19,1,1,3,1.49405842399983,1.80219926299992,1,1,NaN
19,2,2,2,1.69323752699984,2.28562135499988,1,1,NaN
19,2,2,1,2.59341891400004,2.90325123100001,1,1,NaN
19,4,2,1,1.0997639589998,1.41825495999979,1,1,NaN
19,4,4,2,1.85016306800003,2.68225759799998,1,3,2
19,4,4,2,1.67851741499999,2.00256236000018,1,3,2
19,2,2,3,1.19754851700009,1.51839417300016,1,3,4
19,4,2,4,2.28865431899999,2.602768922,1,3,2
19,4,4,4,1.19151419700006,1.863771606,1,3,2
19,2,2,3,1.54897731400001,1.86905497200019,1,3,4
19,2,2,4,1.314150617,1.63522299100009,1,3,4
19,4,2,2,1.96855776100006,2.51302515900011,1,3,2
19,4,2,3,1.75536224200005,2.06916723600011,1,3,2
19,4,2,2,1.97603206700001,2.5361186749999,1,3,2
19,2,2,4,2.32180417000018,2.75390216300002,1,3,4
19,2,2,3,1.84269688899985,2.15266633799979,1,3,4
19,4,4,4,1.73998765800002,2.05220350500008,1,3,2
19,4,2,3,1.22522784200009,1.53506757100013,1,3,2
19,4,4,2,2.37987897099993,2.98734882999997,1,3,2
19,2,4,1,2.77109229999996,3.08703976400011,1,3,4
19,2,2,4,1.22190293800031,1.53510733500025,1,3,4
19,2,2,4,1.3045996779997,1.61864734799974,1,3,4
19,4,4,2,1.60708327799966,1.91888196399987,1,3,2
19,4,2,3,1.290126246,1.62646852299986,1,3,2
19,2,2,4,1.06531899699985,1.38499365200005,1,3,4
19,2,2,4,1.23407164699984,1.55182058599985,1,3,4
19,2,4,3,1.94005565599991,2.25252277499976,1,3,4
19,2,2,3,2.55287351000015,3.3845500299999,1,3,4
19,2,2,4,1.61644537799975,2.44779048700002,1,3,4
19,2,2,4,1.27777576200015,1.60221572599994,1,3,4
19,4,4,2,1.27756820500008,1.58502508800029,1,3,2
19,2,2,3,1.42206545399995,1.773715799,1,3,4
19,4,2,3,0.982861126999978,1.30156912700022,1,3,2
19,2,2,4,1.04344777000006,1.35161461899997,1,3,4
19,4,4,3,1.26171001199964,1.58516451899959,1,3,2
19,4,4,3,1.82226480500003,2.13585891699995,1,3,2
19,4,4,4,1.56002876000002,1.86883061300023,1,3,2
19,4,2,2,1.29213853600004,1.60190917099999,1,3,2
19,4,2,3,1.64394363099973,1.95224977499993,1,3,2
19,1,3,3,1.62695755599998,1.93537901599984,1,1,NaN
19,4,4,4,1.24502932599989,1.83687583199981,1,1,NaN
19,1,3,3,1.82701459400005,2.13582115300005,1,1,NaN
19,3,3,4,1.42087876899996,1.73521042099992,1,1,NaN
19,3,4,2,1.62325528600013,1.93552671999987,1,1,NaN
19,2,2,2,1.65772372099991,2.34574456500013,1,1,NaN
19,2,2,3,1.17899741299971,1.75543769299975,1,1,NaN
19,1,4,4,1.50956499299991,1.94144831999984,1,1,NaN
19,2,2,2,1.559720492,1.86864259499998,1,1,NaN
19,1,2,3,1.69259954000017,2.15592266800013,1,1,NaN
19,1,1,4,0.741837466999641,1.05129395599988,1,1,NaN
19,1,1,3,1.00370617099998,1.3181964080004,1,1,NaN
19,2,2,2,1.28763119199994,1.87990203499976,1,1,NaN
19,2,2,4,1.16487925900037,1.48526957600006,1,1,NaN
19,2,2,3,1.968845547,2.89679595200005,1,1,NaN
19,4,4,4,1.85254078400021,2.16938640499984,1,1,NaN
19,3,3,3,1.18868593199977,1.5016058629999,1,1,NaN
19,4,4,4,1.43297655800006,1.88114121799981,1,1,NaN
19,1,1,2,1.67753526599972,1.98565443299958,1,1,NaN
19,3,4,4,1.85355052099976,2.16924987499988,1,1,NaN
19,2,4,3,1.06235482000011,1.384994431,1,1,NaN
19,1,2,1,1.34294684299994,2.8797150370001,1,1,NaN
19,1,2,1,1.43562595699996,1.75177417399982,1,1,NaN
19,2,2,3,1.14083393700002,1.45160597300037,1,1,NaN
19,1,4,4,1.08299052700022,1.401570429,1,1,NaN
19,3,3,3,1.20246498400002,1.5183925729998,1,1,NaN
19,1,1,2,1.39772707799966,1.71864828199978,1,1,NaN
19,1,4,1,1.40877578199979,2.46488585199995,1,1,NaN
19,4,4,4,1.48545559400009,1.80201892500008,1,1,NaN
19,1,2,3,1.55778713900008,1.86880626000038,1,1,NaN
19,3,3,3,1.2588470149999,1.59474405099991,1,1,NaN
19,3,2,4,1.37107612299997,1.68527402900008,1,1,NaN
19,3,3,3,3.17498836200002,3.48722693800028,1,1,NaN
19,1,1,2,1.40138270499983,2.0261447099997,1,1,NaN
19,3,4,4,0.984254144999795,1.56074959499983,1,1,NaN
19,1,1,3,1.55347107800026,1.86882924500014,1,3,4
19,4,4,4,0.838640418000068,1.3981190049999,1,3,1
19,4,4,4,1.05494714299994,1.36839293599996,1,3,1
19,1,1,1,3.27178347000017,3.83143424499985,1,3,4
19,1,1,3,1.61301524400005,1.93575836499986,1,3,4
19,4,4,4,1.29388572900007,1.61836218500002,1,3,1
19,1,4,3,1.56486089100008,1.8854880240001,1,3,4
19,4,4,4,1.29798460699976,1.61843057799979,1,3,1
19,1,1,2,1.47299205700028,1.80213479600025,1,3,4
19,4,4,1,1.88011026100003,2.68009558800031,1,3,1
19,4,4,4,1.26103547299999,1.56841899199981,1,3,1
19,1,1,3,1.16619545599997,1.75759116100016,1,3,4
19,1,4,3,1.47994057899996,1.80210309099994,1,3,4
19,1,1,4,1.40674145599996,2.12696873499999,1,3,4
19,1,1,3,0.954077755999606,1.6100029549998,1,3,4
19,1,4,4,1.30596389699986,1.61873562300025,1,3,4
19,4,4,4,1.30494266599999,1.61853983400033,1,3,1
19,4,4,3,1.49616376199992,1.81887025300011,1,3,1
19,1,1,2,1.16705028700017,1.72704505399997,1,3,4
19,1,1,4,1.8186569049999,2.61847012399994,1,3,4
19,1,1,4,1.50443101600013,1.81897811099998,1,3,4
19,1,1,4,0.998814634000155,1.41447413500009,1,3,4
19,1,4,3,1.19909078399996,1.51849664899964,1,3,4
19,4,4,3,1.65030731099978,1.96878935399991,1,3,1
19,4,4,4,1.71482780700035,2.4825666290003,1,3,1
19,1,1,3,1.2473591009998,1.66354716299975,1,3,4
19,1,1,3,1.37308136000001,1.68547306399978,1,3,4
19,1,4,4,1.28821808400016,1.60178034299997,1,3,4
19,4,4,4,1.27227105500015,1.58514010399995,1,3,1
19,4,1,3,1.64134564599999,2.24944471800018,1,3,1
19,4,4,3,1.95107601900008,2.26919010799975,1,3,1
19,4,4,2,1.36275052800011,1.68517897900028,1,3,1
19,4,4,3,2.12700984699995,2.43606592000015,1,3,1
19,4,4,4,1.1331744449999,1.45161459400015,1,3,1
19,4,4,3,0.963354033000087,1.28479425700016,1,3,1
19,4,4,4,1.87891053800013,2.59847059399999,1,2,2
19,3,3,4,1.4222534139999,1.73536516600007,1,2,2
19,1,3,3,1.59208447299989,1.97673858799999,1,2,3
19,2,3,4,1.20973687900005,1.51874126800021,1,2,3
19,2,2,3,1.18045697300022,1.78880904000016,1,2,4
19,2,2,2,2.26128782100022,2.5696191650004,1,2,1
19,1,1,2,2.30095093099999,3.27747152599977,1,2,3
19,4,4,4,1.91270345399971,2.23606371300002,1,2,3
19,2,3,3,1.96681870100019,2.57397536200006,1,2,4
19,2,2,3,1.71898658300006,2.03572493699994,1,2,1
19,1,1,3,1.58826583999962,3.20476978499983,1,2,3
19,4,1,1,2.73861653799986,3.05357508399993,1,2,1
19,4,4,4,1.39904915299985,1.71870403200001,1,2,2
19,2,2,2,1.85830902199996,2.16906663200007,1,2,3
19,4,3,1,2.8431691679998,3.15340493099984,1,2,3
19,1,2,2,2.68228633399985,3.40190140799996,1,2,2
19,1,1,3,1.64801322599988,2.12831874799986,1,2,2
19,4,4,4,2.09103944000026,2.40330575600001,1,2,3
19,4,4,4,1.72211924700014,2.20146279900018,1,2,1
19,1,2,2,1.40871484099989,1.71868771700019,1,2,2
19,2,2,3,1.53168601799962,1.85209579000002,1,2,4
19,2,2,4,1.53796947499995,1.85214297199991,1,2,1
19,1,1,4,1.19179389700003,1.50169640800004,1,2,2
19,2,2,2,1.85144347200003,2.16907357900027,1,2,1
19,4,3,3,2.01989807600012,2.33599102299968,1,2,3
19,4,4,4,2.03799802100002,2.35253281899986,1,2,1
19,2,2,3,2.37438267000016,2.68640720300027,1,2,4
19,3,3,1,2.63385595499994,3.25818829799982,1,2,1
19,3,3,3,1.75071748500022,2.23046215000022,1,2,1
19,4,1,1,2.62125575599975,2.93659636699977,1,2,1
19,1,4,2,2.34179697399986,2.966149116,1,2,4
19,2,3,3,1.8543939860001,2.16907798900002,1,2,3
19,1,2,3,4.59850463400016,4.92220867500009,1,2,2
19,3,3,4,1.66241352999987,1.98561993600015,1,2,2
19,2,4,3,2.23866506600007,2.55275694300008,1,2,4
19,1,3,4,1.31144296999992,1.61836627299999,1,3,3
19,1,3,3,0.990453358000195,1.30132536100018,1,3,3
19,3,3,4,1.22653556199975,1.53503375199989,1,3,1
19,3,3,4,1.45284905800008,2.33302193200007,1,3,1
19,3,3,4,0.928042787999857,1.25161459999981,1,3,1
19,3,3,4,1.05401489300039,1.36843106800006,1,3,1
19,3,3,4,1.23976533399991,1.55169921900006,1,3,1
19,3,3,3,1.36874298299972,1.6853179779996,1,3,1
19,1,1,3,1.07665319099988,1.71710623099989,1,3,3
19,3,3,4,0.960184264999953,1.26820938899982,1,3,1
19,1,3,3,2.19005201900018,2.50290873899985,1,3,3
19,3,3,4,0.904631058999712,1.21806544099991,1,3,1
19,3,3,2,2.05657615000018,2.36943898199979,1,3,1
19,1,1,4,1.36846103900007,1.68518739499996,1,3,3
19,3,3,3,1.54086218700013,1.85208368099984,1,3,1
19,1,3,2,1.48238055899992,1.80304261799984,1,3,3
19,1,3,2,1.15503357999978,1.95508946900009,1,3,3
19,3,3,3,1.31596929499983,1.92370978200006,1,3,1
19,1,1,2,1.60662930099988,1.92655669999976,1,3,3
19,3,3,4,0.873407649000001,1.18483287299978,1,3,1
19,1,3,4,2.28286678199993,2.60306732000026,1,3,3
19,1,1,2,1.74569663500006,2.06905925599995,1,3,3
19,1,3,3,1.18249602000014,1.50223919700011,1,3,3
19,3,3,4,1.05806771900006,1.36874799099996,1,3,1
19,3,3,3,1.72381981000035,2.03566834900039,1,3,1
19,1,1,2,1.49710836099985,2.16888144599989,1,3,3
19,1,1,2,1.79351745900021,2.13025249300017,1,3,3
19,3,3,1,2.36425867199978,3.35686549100001,1,3,1
19,3,3,4,1.06068513499986,1.36819930599995,1,3,1
19,3,3,3,1.22980092800026,1.55183960900013,1,3,1
19,1,1,2,2.96032030100014,3.72817679700029,1,3,3
19,3,1,4,1.67296422899972,1.98554909599989,1,3,1
19,1,1,4,1.30504138300012,1.61852517399984,1,3,3
19,3,3,3,1.25652156900014,1.56841104700015,1,3,1
19,3,3,4,1.54557807299989,2.34540972199966,1,3,1
19,2,3,3,1.21768426800008,1.74543513300023,1,1,NaN
19,4,1,2,1.35635803700006,1.6686548040002,1,1,NaN
19,3,4,3,1.43354404000002,1.75201126000002,1,1,NaN
19,1,1,3,1.53879972300001,1.85211574200002,1,1,NaN
19,2,2,3,1.73675381800012,2.0521000560002,1,1,NaN
19,3,3,4,1.28600064800003,1.60189916099989,1,1,NaN
19,2,2,3,1.41346918099998,1.73525440399999,1,1,NaN
19,3,3,4,1.16815312999961,1.48497890699991,1,1,NaN
19,1,1,3,1.36462565500005,1.68497569600004,1,1,NaN
19,3,3,4,1.08956265100005,1.40148429999999,1,1,NaN
19,2,2,2,1.7219828770003,2.04166260200009,1,1,NaN
19,3,3,3,1.04748792700002,1.36837358000002,1,1,NaN
19,2,3,3,1.79357795199985,2.4494604839997,1,1,NaN
19,3,3,3,1.05482187100006,1.36830746399983,1,1,NaN
19,2,2,4,1.08042651999995,1.40177290700012,1,1,NaN
19,2,4,4,1.32815428200001,1.65208882200022,1,1,NaN
19,1,1,3,1.54996245400025,1.86865202400031,1,1,NaN
19,2,2,3,1.26677836699992,1.84314319600026,1,1,NaN
19,3,3,4,1.24163036000027,1.55184184600012,1,1,NaN
19,1,1,3,1.78716245199985,2.10251619700011,1,1,NaN
19,3,3,4,1.28657500400004,1.60180731299988,1,1,NaN
19,3,4,4,2.05458997699998,2.50242934799962,1,1,NaN
19,2,2,3,1.37772117600025,1.84165731800022,1,1,NaN
19,2,2,3,1.41558553499999,1.99170875600021,1,1,NaN
19,2,2,2,1.83219026500001,2.15258735799989,1,1,NaN
19,1,4,3,1.68126362400017,2.00238335599988,1,1,NaN
19,2,2,3,1.87292503399976,2.3684110979998,1,1,NaN
19,3,3,4,1.10477486900027,1.41843796700005,1,1,NaN
19,3,4,4,1.44837325299977,1.76877540199985,1,1,NaN
19,3,2,1,2.3537610049998,2.84933107799998,1,1,NaN
19,3,3,3,1.56728966399987,1.88559766300023,1,1,NaN
19,1,1,2,1.3470737280004,1.68313796300026,1,1,NaN
19,1,2,3,2.35217969599989,2.66964655599986,1,1,NaN
19,4,4,2,1.39655045800009,1.71878134000008,1,1,NaN
19,2,2,3,2.41576320200011,2.7366325869998,1,1,NaN
19,3,3,3,1.33540540199965,1.65178212799992,1,2,4
19,3,3,4,1.30074292800009,1.61842953799987,1,2,4
19,2,2,3,1.68417132000013,2.00223900699984,1,2,1
19,1,1,1,2.34024486900034,3.15622928500034,1,2,2
19,2,2,4,1.29984074100003,1.61857563800004,1,2,4
19,1,1,1,2.49864256699993,2.81975638599988,1,2,3
19,4,4,4,1.74461019099999,2.05220798500022,1,2,1
19,1,4,3,1.54989651400001,1.86877613900015,1,2,4
19,1,1,2,2.67498491799961,2.98673106499973,1,2,4
19,1,2,1,2.21661524499996,2.87310899300019,1,2,2
19,1,3,3,2.02068491299997,2.50107081400029,1,2,3
19,4,4,4,1.42412128000024,1.73530503800021,1,2,1
19,2,2,3,1.30641394900022,1.78655346100004,1,2,1
19,4,4,4,1.41033487999994,1.71863665799992,1,2,1
19,1,1,2,2.33358899900031,2.65294622100009,1,2,3
19,3,2,1,3.09053599300023,3.40388306800014,1,2,2
19,4,2,4,1.94476972100028,2.25270990700028,1,2,1
19,4,4,4,1.35738605799997,1.66876595700023,1,2,3
19,1,1,2,1.41872116700006,1.73519275099989,1,2,2
19,3,1,3,2.05309403899992,2.36953169400022,1,2,1
19,2,2,4,1.15762693099987,1.46822226299992,1,2,4
19,4,4,4,1.53032402700001,2.2024369400001,1,2,1
19,4,4,3,2.27304162900009,2.58640151000009,1,2,1
19,2,2,3,1.44909734900011,1.76884728100003,1,2,4
19,2,2,2,1.2657913500002,1.58523116400011,1,2,3
19,1,2,3,1.76285895500041,2.08582532200035,1,2,4
19,3,4,4,1.53438251500029,1.85209614700034,1,2,4
19,1,4,2,1.81161845900033,2.13572842000031,1,2,4
19,3,4,1,2.51011810900036,2.819859318,1,2,1
19,1,1,2,1.75567998899987,2.06905478599992,1,2,4
19,4,3,3,1.92889869300006,2.25268831700032,1,2,3
19,1,1,2,1.83836623500019,2.15241830400009,1,2,4
19,3,3,3,1.94306712000025,2.25250099300001,1,2,2
19,3,2,2,1.62761251700022,1.9791516500004,1,2,2
19,2,2,3,1.62817453600019,1.96475303199986,1,2,1
19,3,3,3,1.53420636500005,1.85213064100026,2,3,4
19,4,4,4,1.07575057700024,1.38492725900005,2,3,3
19,3,3,3,1.08504126900016,1.40154088899999,2,3,4
19,3,3,4,0.980909626999619,1.30153668599996,2,3,4
19,4,4,3,2.03334390300006,2.35260474500001,2,3,3
19,4,4,4,1.23389646100031,1.55173193300016,2,3,3
19,3,3,3,1.15628010199998,1.4683873619997,2,3,4
19,4,4,3,1.11319056599996,2.20122764799999,2,3,3
19,3,3,3,1.3125084469998,1.63535337199983,2,3,4
19,3,3,4,2.4624134300002,2.84672550799996,2,3,4
19,4,3,2,2.58751615999972,3.18027970200001,2,3,3
19,4,4,4,1.38759963599978,1.70208587599973,2,3,3
19,4,3,3,1.5592803100003,1.86870996500011,2,3,3
19,3,3,2,0.97231689399996,1.29234356399957,2,3,4
19,4,4,3,1.96066530799999,2.26930225199976,2,3,3
19,3,3,4,3.13367167499973,3.45394294700009,2,3,4
19,4,4,4,1.34527017399978,1.66851285099983,2,3,3
19,3,3,3,1.15011697299997,1.46839273599971,2,3,4
19,3,3,3,1.0274169889999,1.33467017099974,2,3,4
19,3,4,3,1.80669497099962,2.11927860900005,2,3,4
19,3,3,3,1.57741054899998,1.88551556399989,2,3,4
19,3,3,4,1.10197923700025,1.41829245899999,2,3,4
19,4,4,4,1.18928521700036,1.50176938000004,2,3,3
19,4,4,3,1.32036296100023,1.63523028400004,2,3,3
19,4,4,4,1.46323877699979,1.785530354,2,3,3
19,3,3,3,1.11861170599968,1.43488229099967,2,3,4
19,4,4,4,1.07786931100009,1.74955534599985,2,3,3
19,4,4,3,1.77574008400006,2.08585579400005,2,3,3
19,4,4,3,1.48404538000023,1.80220445100031,2,3,3
19,3,4,3,1.36294630899965,2.00327616899995,2,3,4
19,3,3,3,1.10694474699994,1.45867062000025,2,3,4
19,3,4,4,1.30502719900005,1.61868369000013,2,3,4
19,4,4,2,3.12848346099963,3.60769161099961,2,3,3
19,4,4,3,1.36597163199986,1.68541502300013,2,3,3
19,4,3,3,1.7783539510001,2.08563946000004,2,3,3
19,1,1,3,2.19719151400022,2.99689504300022,1,2,2
19,4,4,4,1.3084114950002,1.61859948700021,1,2,2
19,4,4,4,1.14723258699996,1.46851182799992,1,2,1
19,2,3,1,1.42400755699964,2.59204322400001,1,2,3
19,4,2,3,1.35150501699991,1.66859640699977,1,2,2
19,2,2,2,1.25240038999982,1.56838792799999,1,2,1
19,2,2,3,1.33367796999983,1.65184836700018,1,2,1
19,1,1,3,1.12355296499982,1.43483156299999,1,2,3
19,4,4,1,2.39405873999976,2.70297719899963,1,2,3
19,2,2,3,1.40539729500006,1.71878304399979,1,2,3
19,2,2,3,1.48037895100015,1.8021755120003,1,2,1
19,4,4,1,3.39227512000025,3.7041033380001,1,2,3
19,4,4,1,2.08914380000033,2.40268118400036,1,2,1
19,2,2,3,1.19272363099981,1.50179253499982,1,2,3
19,4,4,4,1.37278729899981,1.68540184099993,1,2,3
19,4,4,1,1.737307547,2.05238061399996,1,2,3
19,1,1,3,1.3979015900004,1.718666536,1,2,3
19,1,1,3,1.32963847999963,1.65192946299976,1,2,2
19,1,1,2,1.93538197199996,2.59114665199968,1,2,4
19,4,4,4,1.15876187799995,1.48460931399995,1,2,3
19,2,2,2,1.45130829299978,1.76866091600004,1,2,4
19,1,1,1,2.61239824099994,2.91974006400005,1,2,3
19,4,4,1,1.40652584399959,1.7186979979997,1,2,1
19,1,4,2,2.18512559700002,2.50285837799993,1,2,4
19,4,4,4,1.12442513199994,1.43505558499965,1,2,1
19,4,4,2,2.21860340900002,2.53616170100031,1,2,3
19,4,3,2,2.64400571899978,2.95349178599963,1,2,3
19,3,1,1,2.46069399999988,2.76983469600009,1,2,1
19,1,1,3,1.29276913100011,1.60190151000006,1,2,3
19,1,1,3,2.25299727399988,2.71634081699995,1,2,4
19,1,1,4,1.34344969999984,1.65189637399999,1,2,2
19,1,1,3,1.70944892500029,2.41322757100033,1,2,4
19,2,2,3,1.35663771899999,1.6686453909997,1,2,3
19,2,3,4,1.44965186299987,2.39329282900007,1,2,1
19,2,2,3,1.48087956300014,1.80220523200023,1,2,4
19,1,1,4,1.1917673490002,1.50178923400017,1,1,NaN
19,2,2,4,1.19554023599994,1.51847225099982,1,1,NaN
19,2,1,3,1.24693867199994,1.5684969670001,1,1,NaN
19,3,3,3,1.05638192300012,1.7444178210003,1,1,NaN
19,3,3,3,1.25802131599994,1.75461871200014,1,1,NaN
19,3,4,2,2.22837949799987,2.55303990199991,1,1,NaN
19,1,1,3,1.21250922400031,1.5351050940003,1,1,NaN
19,1,1,1,1.744017773,2.05249395300007,1,1,NaN
19,3,3,2,2.26895132500022,2.92542431699985,1,1,NaN
19,4,1,3,1.49460466799974,1.83113011199976,1,1,NaN
19,3,3,3,1.43823591299997,1.75209100799975,1,1,NaN
19,2,3,2,1.51178914299999,2.13520453799993,1,1,NaN
19,3,3,2,1.521417595,1.83556081300003,1,1,NaN
19,3,3,2,0.934999220999998,1.25149209999972,1,1,NaN
19,2,2,3,1.42902943400031,1.752061486,1,1,NaN
19,3,3,2,3.37533921299973,3.68765132199997,1,1,NaN
19,4,4,3,1.32170516600036,1.65715256000021,1,1,NaN
19,4,3,2,1.65538438900012,1.96907738399977,1,1,NaN
19,1,1,4,1.3200889310001,1.63535407300014,1,1,NaN
19,1,4,2,2.48665173300014,2.80322626200041,1,1,NaN
19,3,3,3,1.76479752700016,2.08561413200005,1,1,NaN
19,3,3,3,1.61683769299998,1.93548804900001,1,1,NaN
19,3,3,4,1.8908631940003,2.20240733100036,1,1,NaN
19,2,2,3,2.21876846099985,2.53641557099991,1,1,NaN
19,1,1,4,1.26773034999997,1.58512057799999,1,1,NaN
19,1,1,3,0.884889804000068,1.97228516599989,1,1,NaN
19,1,1,3,1.12537059499982,1.43505509899978,1,1,NaN
19,1,1,3,0.844244917999731,1.15129755699991,1,1,NaN
19,1,4,3,1.2785221500003,1.60185068700002,1,1,NaN
19,1,4,2,1.83881345099962,2.60638759999983,1,1,NaN
19,4,4,4,1.30159694900021,1.61862704099985,1,1,NaN
19,4,4,2,1.31676927700028,1.63534249700024,1,1,NaN
19,1,3,3,2.81862673600017,3.13693038200017,1,1,NaN
19,3,4,1,1.20350712899972,1.66831379299992,1,1,NaN
19,1,1,3,1.9365717820001,2.25271484400037,1,1,NaN
20,1,3,0.501666666666667,2.0352526759998,3.21469928799979,2,1,NaN
20,2,2,0.616666666666667,1.35139718800019,2.13892779399976,2,1,NaN
20,4,2,0.425,2.07315126400044,2.78044037800009,2,1,NaN
20,4,2,0.263333333333333,2.76761937899937,3.97787809799956,2,1,NaN
20,2,2,0.371666666666667,1.65276302199982,2.80719138099994,2,1,NaN
20,3,3,0.673333333333333,1.40302390399938,2.62129418299992,2,1,NaN
20,3,3,0.543333333333333,1.27181693700004,2.92993312399994,2,1,NaN
20,2,2,0.593333333333333,1.48037967399978,2.22744207199958,2,1,NaN
20,1,1,0.508333333333333,1.66931162000037,3.04158900499988,2,1,NaN
20,2,2,0.616666666666667,2.25802322900017,4.47604709299958,2,1,NaN
20,1,3,0.263333333333333,3.45882759899996,5.03086333099964,2,1,NaN
20,4,3,0.386666666666667,2.06175330000042,3.18409725600031,2,1,NaN
20,2,2,0.566666666666667,1.44341276299929,2.11917420600003,2,1,NaN
20,4,2,0.428333333333333,1.90961381200032,4.00002146600036,2,1,NaN
20,1,2,0.415,2.44124633799947,3.81153387499944,2,1,NaN
20,4,3,0.573333333333333,2.21372308300033,3.14555061900046,2,1,NaN
20,1,3,0.5,2.79793775500002,3.28204090399959,2,1,NaN
20,3,3,0.95,1.07176796699969,2.25150577600016,2,1,NaN
20,3,3,0.943333333333333,0.988185313000031,2.00621067599968,2,1,NaN
20,1,1,0.378333333333333,3.4904645380002,4.57304218399986,2,1,NaN
20,3,3,0.683333333333333,1.19938502800051,1.88353692600049,2,1,NaN
20,4,3,0.558333333333333,1.1946261310004,1.90887010000006,2,1,NaN
20,1,1,0.345,2.1011623509994,3.21762031399976,2,1,NaN
20,3,3,0.403333333333333,2.25017634200049,3.46062003000043,2,1,NaN
20,1,2,0.563333333333333,1.63734770100018,2.19999087100041,2,1,NaN
20,2,2,0.895,0.931016827000349,2.23048699600076,2,1,NaN
20,3,3,0.8,1.55220316099985,2.44290358800026,2,1,NaN
20,4,3,0.491666666666667,2.88536227499935,3.80880319500011,2,1,NaN
20,3,3,0.75,0.977256881999892,2.09237789100007,2,1,NaN
20,1,3,0.245,2.1966536459995,3.87992223800029,2,1,NaN
20,1,1,0.501666666666667,1.45455599399975,2.23251602499931,2,1,NaN
20,3,3,0.748333333333333,1.7716347000005,3.30251109900018,2,1,NaN
20,3,3,0.501666666666667,3.1808763099998,3.71999481799958,2,1,NaN
20,4,3,0.416666666666667,2.26896427500014,3.58400946600068,2,1,NaN
20,3,3,0.6,2.49771253899962,3.61251322399949,2,1,NaN
20,2,2,0.825,2.85981489000005,3.52749765099998,2,2,3
20,1,1,0.885,1.28477821100023,2.24684283500028,2,2,4
20,2,2,0.98,2.09665824600052,2.91681422300007,2,2,1
20,2,2,0.56,2.09733241899994,2.77355666599942,2,2,3
20,2,2,0.748333333333333,2.69646450100026,4.28379878800024,2,2,3
20,4,4,0.526666666666667,2.84883720200014,5.26764903099956,2,2,1
20,3,3,0.73,1.66550928299966,2.54029846699996,2,2,1
20,1,2,0.671666666666667,2.64234131000012,3.96536872400065,2,2,2
20,1,1,0.761666666666667,2.10383995899974,3.23501598199982,2,2,4
20,2,2,0.923333333333333,1.77170098399984,2.73442829199939,2,2,4
20,1,1,0.993333333333333,1.15600268899925,1.83865717599929,2,2,3
20,2,2,0.981666666666667,0.945280867000292,2.61213098999997,2,2,3
20,3,3,0.99,1.80707238099967,2.96913380099977,2,2,4
20,4,2,0.785,1.43774203500016,3.00827959199978,2,2,2
20,4,3,0.731666666666667,2.34740969199993,3.22243213199999,2,2,3
20,2,2,0.925,1.43958311299957,2.68957356099963,2,2,3
20,3,3,0.748333333333333,1.70595073499953,2.46940928299955,2,2,2
20,4,4,0.506666666666667,4.33313453299979,5.77544372700049,2,2,3
20,1,1,0.501666666666667,2.7127212309997,3.18006722599966,2,2,2
20,1,3,0.806666666666667,1.87093369600007,2.84132690200022,2,2,3
20,2,2,0.766666666666667,1.47491550699942,2.42250599999988,2,2,1
20,2,2,0.935,1.04885489299977,2.55674519000058,2,2,3
20,2,2,0.94,1.4162135359993,2.73991457000011,2,2,1
20,3,2,0.79,1.84043874100007,3.25184057300066,2,2,2
20,2,2,0.753333333333333,1.34744968700033,2.02256519999992,2,2,3
20,4,2,0.725,1.4496098970003,2.53245785699983,2,2,2
20,1,1,0.616666666666667,3.43420221399992,4.23760734799998,2,2,3
20,3,3,0.876666666666667,1.66864760199951,2.27938266899946,2,2,4
20,3,3,0.983333333333333,0.991816317000485,2.08271356300065,2,2,4
20,1,1,0.608333333333333,2.83419266100009,5.61305020700001,2,2,3
20,3,3,0.695,2.82110640500014,3.71150857900011,2,2,2
20,2,2,0.813333333333333,1.73410189199967,2.36108120500012,2,2,1
20,3,3,0.768333333333333,1.8374319909999,2.81713489699996,2,2,4
20,3,3,0.661666666666667,2.70639028300047,4.11016859000028,2,2,1
20,1,1,0.85,1.26675960000011,2.18991847300003,2,2,2
20,2,2,0.641666666666667,2.60037732500041,4.65217941599985,2,3,3
20,2,2,0.87,1.02631259499958,2.11718612899949,2,3,3
20,3,4,0.648333333333333,1.79552726499969,3.70237801099938,2,3,2
20,3,3,0.946666666666667,1.52468254400083,4.04840516600052,2,3,2
20,2,2,0.795,1.79856394000035,3.56911693700022,2,3,3
20,3,3,0.721666666666667,1.13293646000056,2.55932947900055,2,3,2
20,2,2,0.861666666666667,0.989139616000102,1.8629111650007,2,3,3
20,3,3,0.655,0.920412041999953,1.65981364100026,2,3,2
20,3,2,0.803333333333333,2.20601019199967,3.25570639800026,2,3,2
20,3,3,0.82,1.04086637100045,2.2508230200001,2,3,2
20,3,3,0.91,1.43730119599968,2.56903997100017,2,3,2
20,3,3,0.686666666666667,1.61187058199994,2.53553678800017,2,3,2
20,2,2,0.526666666666667,2.26897200100029,3.56789022799967,2,3,3
20,3,3,0.708333333333333,2.56277568199948,3.48675210999954,2,3,2
20,3,3,0.946666666666667,1.00476130900006,2.29472525999972,2,3,2
20,2,2,0.505,2.29487600900029,3.13046264900004,2,3,3
20,3,3,0.865,1.03908909500024,1.73722352000004,2,3,2
20,2,2,0.833333333333333,1.77623656899959,2.62679599799958,2,3,3
20,2,2,0.93,0.957801319999817,2.09716863799986,2,3,3
20,3,3,0.775,1.1518067449997,2.13976406900019,2,3,2
20,2,2,0.76,0.945274902999699,2.80332728800022,2,3,3
20,2,2,0.751666666666667,1.14313684599983,2.53778567399968,2,3,3
20,3,3,0.848333333333333,1.06382003500039,2.55478139300067,2,3,2
20,2,2,0.696666666666667,1.76749204200041,3.72211564999998,2,3,3
20,3,3,0.818333333333333,1.11121941599959,3.3712726549993,2,3,2
20,2,2,0.765,1.41399144600018,4.00026191300003,2,3,3
20,3,3,0.728333333333333,1.19415232200026,3.38080157100012,2,3,2
20,2,2,0.881666666666667,1.15974825699959,1.89032726400001,2,3,3
20,2,2,0.833333333333333,1.68336815700059,3.02221295199979,2,3,3
20,3,3,0.79,1.00800835999962,1.93963558599989,2,3,2
20,3,3,0.755,1.59317937100059,3.67499705900082,2,3,2
20,2,2,0.841666666666667,1.11534448600014,1.9097466029998,2,3,3
20,2,2,0.813333333333333,0.789760287000718,1.98552798800029,2,3,3
20,2,2,0.771666666666667,1.40465585499987,2.34285710899985,2,3,3
20,3,3,0.571666666666667,2.14935645600053,4.03356973900009,2,3,2
20,1,3,0.405,2.63388290300009,4.94874681800047,2,1,NaN
20,4,2,0.411666666666667,4.03953497299972,5.13129886899969,2,1,NaN
20,4,2,0.288333333333333,2.31722015000014,4.9514503219998,2,1,NaN
20,3,3,0.293333333333333,1.05038646799949,2.55697351099934,2,1,NaN
20,3,3,0.461666666666667,1.46623997699953,3.15707143599957,2,1,NaN
20,4,3,0.451666666666667,2.89728510500026,3.96375653700034,2,1,NaN
20,4,3,0.501666666666667,10.1349836210002,10.87486842,2,1,NaN
20,3,3,0.765,1.29638659500051,1.86760417700043,2,1,NaN
20,2,2,0.768333333333333,0.971685096999863,1.59202965199984,2,1,NaN
20,4,3,0.52,1.53888925899992,2.27863348699975,2,1,NaN
20,4,2,0.393333333333333,2.79700242999934,3.91209631799939,2,1,NaN
20,4,2,0.568333333333333,4.03782676500032,4.7928898680002,2,1,NaN
20,2,2,0.62,1.19346065399986,1.94075791199975,2,1,NaN
20,3,3,0.845,3.44309474799957,4.32631932099957,2,1,NaN
20,3,3,0.258333333333333,9.7543748549997,11.1253670799997,2,1,NaN
20,3,3,0.501666666666667,1.09773440100071,2.60559165700033,2,1,NaN
20,1,1,0.598333333333333,1.33493954999994,3.76982139699976,2,1,NaN
20,1,3,0.411666666666667,2.21200950799994,3.070463518,2,1,NaN
20,4,3,0.443333333333333,1.48684855299962,2.8176463639993,2,1,NaN
20,2,2,0.828333333333333,1.47575907199916,2.45435279499998,2,1,NaN
20,3,3,0.848333333333333,1.8474548460008,2.70699396800046,2,1,NaN
20,1,3,0.78,1.71345226400081,2.91562223100027,2,1,NaN
20,3,3,0.765,1.2503107069997,2.72597712100014,2,1,NaN
20,2,2,0.515,1.96365053500085,3.30223499100066,2,1,NaN
20,3,3,0.818333333333333,1.11620025800039,1.83890036200046,2,1,NaN
20,4,2,0.501666666666667,1.89740752899979,2.48482171999967,2,1,NaN
20,2,3,0.5,2.02861284900064,2.58272392000072,2,1,NaN
20,1,1,0.361666666666667,1.69080231799944,2.7652089889998,2,1,NaN
20,4,3,0.358333333333333,1.31399787600003,3.14111803500055,2,1,NaN
20,4,3,0.501666666666667,2.20250790099999,2.52541035400009,2,1,NaN
20,3,3,0.291666666666667,2.07535584500056,3.22260570599974,2,1,NaN
20,1,1,0.643333333333333,1.36024977299985,2.54695527199965,2,1,NaN
20,4,3,0.381666666666667,2.65623401399989,5.02656647000003,2,1,NaN
20,1,1,0.595,1.37033020600029,2.44552697100062,2,1,NaN
20,1,1,0.53,1.3741912710002,2.62525198999992,2,1,NaN
20,4,4,0.893333333333333,2.4022886900002,3.013519395,2,3,1
20,4,1,0.815,1.19911619499999,2.88225571599924,2,3,1
20,1,1,0.966666666666667,0.881366962000357,1.57159500200032,2,3,4
20,1,1,0.741666666666667,1.89769590100059,2.9086193560006,2,3,4
20,4,1,0.541666666666667,2.0593162490004,3.15020155799994,2,3,1
20,1,1,0.771666666666667,1.0908761339997,2.66142157800004,2,3,4
20,1,1,0.87,1.32631107499947,1.97696714499943,2,3,4
20,1,1,0.82,1.20638237399999,2.95288436800001,2,3,4
20,1,1,0.648333333333333,1.20603764799944,1.92830336099996,2,3,4
20,1,1,0.895,1.05529936099992,2.10651575799966,2,3,4
20,4,4,0.926666666666667,0.801821643999574,1.56478972299919,2,3,1
20,1,1,0.971666666666667,1.1461259559992,2.15796081000008,2,3,4
20,1,1,1,0.842291195999678,2.06817051399958,2,3,4
20,1,1,0.94,1.99729234499955,3.27148994700019,2,3,4
20,4,4,0.95,1.37575781600026,2.2117897320004,2,3,1
20,4,4,0.9,2.89350143699994,3.81668192500001,2,3,1
20,4,1,0.626666666666667,1.84947397499946,3.12324738999996,2,3,1
20,4,1,1,1.02570085199932,1.789956394,2,3,1
20,4,1,0.958333333333333,1.10498314300003,1.77197636300025,2,3,1
20,1,1,0.69,1.76159256199935,3.2775688239999,2,3,4
20,1,1,0.788333333333333,3.0598600150006,3.90197094300038,2,3,4
20,1,1,0.765,1.62802969699987,3.14260971299973,2,3,4
20,1,1,0.906666666666667,0.916540600000189,3.13509720399998,2,3,4
20,4,4,0.938333333333333,1.96474403399952,2.76829443800034,2,3,1
20,4,4,0.823333333333333,0.947492877000514,1.77534936900065,2,3,1
20,4,1,0.688333333333333,1.73146861199984,2.73550878399965,2,3,1
20,1,1,0.625,0.956268915999317,1.83808805099943,2,3,4
20,1,1,0.983333333333333,0.856828496000162,1.98768643699987,2,3,4
20,4,4,0.78,1.18406927399974,2.003205858,2,3,1
20,1,1,0.696666666666667,1.03074667500005,1.72946482600037,2,3,4
20,4,4,0.97,0.888961724000183,1.61944652900002,2,3,1
20,1,1,0.995,0.751082980000319,2.12153010299971,2,3,4
20,1,1,0.911666666666667,0.832993715000157,2.23596010900019,2,3,4
20,1,1,0.783333333333333,1.0216332050004,1.75178576200051,2,3,4
20,1,1,0.973333333333333,0.86213449799925,1.96179503999974,2,3,4
20,4,4,0.501666666666667,3.85297773799994,4.70318399999996,2,2,1
20,1,1,0.87,2.30894768599956,3.18392635799955,2,2,4
20,1,1,0.793333333333333,0.794921775999683,1.41283814300004,2,2,3
20,1,1,0.606666666666667,1.22529794999991,2.02893918500013,2,2,4
20,2,1,0.505,1.80662724800004,4.46498126000006,2,2,1
20,2,2,0.665,5.13564952100023,10.3227684080002,2,2,3
20,2,2,0.781666666666667,2.75200520399994,3.97097992599993,2,2,4
20,4,2,0.901666666666667,2.08545738700013,2.84795071400004,2,2,2
20,3,2,0.578333333333333,5.8016258560001,6.67563207000057,2,2,2
20,2,1,0.921666666666667,1.87248353699943,2.4505965139997,2,2,1
20,4,1,0.763333333333333,1.95597624000038,2.80647251400023,2,2,1
20,3,3,0.721666666666667,3.00174710099964,3.91672465600004,2,2,4
20,1,3,0.663333333333333,1.23340748200008,3.09227960799944,2,2,2
20,4,1,0.005,1.59576299000037,7.16611120300058,2,2,3
20,4,4,0.548333333333333,2.60660728600033,4.04849670100066,2,2,3
20,3,3,0.646666666666667,1.76031841700024,2.64378948299964,2,2,2
20,4,2,0.615,6.28546461500082,7.96814776400061,2,2,2
20,3,3,0.76,1.34265902399966,2.242218159,2,2,2
20,2,2,0.955,1.65932277499996,3.17527894899922,2,2,1
20,4,1,0.526666666666667,3.49050187600005,4.94114844199976,2,2,1
20,1,1,0.501666666666667,2.22395133999999,2.80227464699965,2,2,3
20,4,2,0.745,1.7817470910004,2.27289824000036,2,2,2
20,2,2,0.836666666666667,1.77704352599994,2.82864650100055,2,2,4
20,2,2,0.808333333333333,1.06121610600076,1.85572433900052,2,2,4
20,4,2,0.881666666666667,2.53005103499981,3.41369541800032,2,2,2
20,2,2,0.993333333333333,1.43851506400006,2.17850220899982,2,2,1
20,1,1,0.595,2.98915068399947,3.93692309400012,2,2,2
20,2,2,0.841666666666667,1.9246759990001,2.91115465199982,2,2,3
20,1,1,0.575,1.3824593219997,2.01731157599988,2,2,4
20,4,4,0.79,2.38047234799978,3.19800142900021,2,2,1
20,4,2,0.75,1.9694288970004,2.74795103799988,2,2,2
20,2,2,0.761666666666667,1.33690998100064,2.34783289000006,2,2,4
20,3,3,0.926666666666667,1.50502040799984,2.63622401999964,2,2,2
20,2,2,0.678333333333333,2.49377853799979,3.61757303400009,2,2,1
20,2,2,0.85,1.93767168799968,2.63672872700045,2,2,1
20,4,4,0.501666666666667,2.19087070599926,2.54505597199932,2,2,3
20,1,1,0.711666666666667,1.58205584400002,2.40847082000073,2,2,4
20,3,3,0.92,1.44413834100033,2.07126831900041,2,2,2
20,4,3,0.826666666666667,1.81608756300011,2.6666444550001,2,2,3
20,1,1,0.868333333333333,1.13962891900064,1.77502116000051,2,2,3
20,1,1,0.845,1.01187627699983,1.89533093299997,2,2,2
20,2,2,0.756666666666667,1.51871170200047,2.33706023000013,2,2,1
20,3,3,0.883333333333333,1.23936680000043,2.8824687639999,2,2,4
20,4,2,0.571666666666667,2.76114013400002,3.65987600399967,2,2,2
20,1,1,0.991666666666667,1.3077718859995,3.4400590209998,2,2,3
20,4,4,0.515,3.3515401249997,4.13092517299992,2,2,2
20,3,3,0.606666666666667,1.62228300400056,2.12958751300084,2,2,2
20,4,3,0.801666666666667,1.86261682300028,2.53783128800023,2,2,1
20,4,4,0.611666666666667,2.00757451800018,2.80258216499988,2,2,3
20,4,4,0.566666666666667,2.06096267500016,3.27127736700004,2,2,1
20,2,2,0.946666666666667,2.27170315100011,3.53105431099993,2,2,4
20,2,2,0.973333333333333,1.55913325600068,2.49769158400068,2,2,1
20,2,2,0.831666666666667,1.0329389640001,1.86801059299978,2,2,1
20,4,4,0.563333333333333,1.90886814700025,2.8562844650005,2,2,1
20,3,4,0.666666666666667,1.76875147200008,2.62767814900053,2,2,4
20,4,4,0.501666666666667,4.48619059500015,5.08862590499939,2,2,1
20,2,2,0.883333333333333,1.21425921300033,2.29683522400046,2,2,4
20,2,2,0.905,1.01578274900021,1.91592823999963,2,2,1
20,3,3,0.815,1.98585877299956,2.70017712399931,2,2,1
20,2,2,0.783333333333333,0.892247607999707,1.64672624699961,2,2,1
20,3,3,0.898333333333333,1.2648790180001,3.09904418199949,2,2,4
20,3,3,0.998333333333333,1.27423643800012,2.11628162499983,2,2,2
20,4,4,0.55,2.02751011199962,3.19068746799985,2,2,1
20,1,1,0.951666666666667,1.3780949890006,2.24458305799999,2,2,3
20,1,1,0.666666666666667,1.11809785199966,1.9600742169996,2,2,2
20,3,2,0.0433333333333333,1.51054927400037,3.34465027000078,2,2,4
20,4,4,0.855,1.97399258499991,2.92977877200065,2,2,2
20,2,2,0.825,1.54247873700024,3.18515866500002,2,2,3
20,4,1,0.773333333333333,1.38814941600049,2.22441865899964,2,2,1
20,1,1,0.656666666666667,1.77036528299959,3.17404144099964,2,2,4
20,4,3,0.55,10.8234033239996,11.4341946690001,2,3,3
20,4,3,0.706666666666667,1.51409999900079,1.97486034900066,2,3,3
20,4,3,0.75,1.40949788200032,2.29205966999962,2,3,3
20,4,4,0.8,1.83522648799953,4.30358045100002,2,3,3
20,3,3,0.891666666666667,0.931911956000476,1.89367765000043,2,3,4
20,3,3,0.978333333333333,0.783421680000174,1.33857396099938,2,3,4
20,3,3,0.935,0.784597999999278,1.41160142299941,2,3,4
20,4,4,0.743333333333333,1.05564028299978,2.00285300300038,2,3,3
20,4,3,0.675,2.08616353299931,2.92856552600006,2,3,3
20,4,4,0.65,1.33375741199961,2.23312924400034,2,3,3
20,3,3,0.848333333333333,0.99539746299979,1.62239607999982,2,3,4
20,4,3,0.763333333333333,0.873699608000607,1.61159657999997,2,3,3
20,3,3,0.845,0.78416869099965,1.43432339599985,2,3,4
20,3,3,0.998333333333333,0.717261149000478,1.33678449200033,2,3,4
20,3,3,0.981666666666667,0.703922269000032,1.40997924000021,2,3,4
20,3,3,1,0.798835941000107,1.6967126290001,2,3,4
20,3,3,0.955,1.13772277799944,1.76485442299963,2,3,4
20,3,3,1,0.801725014999647,1.54802343899973,2,3,4
20,3,3,0.968333333333333,0.763116267999976,1.50136862999989,2,3,4
20,3,3,0.936666666666667,0.806029903999843,1.3853213299999,2,3,4
20,3,3,0.866666666666667,0.901442045000294,1.72091365899996,2,3,4
20,3,4,0.53,2.39166435099924,4.77978055499989,2,3,4
20,3,3,0.675,1.06885427500038,1.6967780190007,2,3,4
20,3,3,0.851666666666667,1.1832205970004,2.74701849600024,2,3,4
20,4,4,0.535,4.39147761999993,5.19365847000063,2,3,3
20,3,3,0.835,0.762835260999964,1.55698056900019,2,3,4
20,3,3,0.791666666666667,2.14826808199996,3.09427111599962,2,3,4
20,3,3,0.976666666666667,1.34232548100044,2.0246222450005,2,3,4
20,3,3,0.92,0.756136138999864,1.47124124899983,2,3,4
20,3,3,0.778333333333333,1.08887646699986,1.95467734400063,2,3,4
20,4,3,0.591666666666667,1.72130509500039,2.78715407900017,2,3,3
20,4,4,0.588333333333333,1.3117068749998,1.969834902,2,3,3
20,3,3,0.796666666666667,0.887307699999837,2.04217493000033,2,3,4
20,3,3,0.901666666666667,0.828840521000529,1.46441719700033,2,3,4
20,4,4,0.67,1.32088390400077,2.37145520800004,2,3,3
20,1,1,0.716666666666667,1.70337244599978,2.17746505000014,2,1,NaN
20,3,3,0.873333333333333,1.59089038500042,2.14537349700004,2,1,NaN
20,4,2,0.443333333333333,2.10345961599978,3.48964187399997,2,1,NaN
20,3,3,0.686666666666667,1.40906714199991,2.56291940499977,2,1,NaN
20,2,2,0.501666666666667,2.09603445500034,2.50768370400056,2,1,NaN
20,2,2,0.621666666666667,0.91409398199994,1.98067158899994,2,1,NaN
20,2,2,0.72,0.808904708999762,1.43711421300031,2,1,NaN
20,1,1,0.415,1.17468024900063,2.18539451700053,2,1,NaN
20,2,2,0.655,1.02999849600019,1.55328738200024,2,1,NaN
20,4,3,0.26,2.41506758000014,3.9373958770002,2,1,NaN
20,2,2,0.538333333333333,1.36584541200045,2.14515827100058,2,1,NaN
20,4,3,0.25,2.18223353800022,3.59371012400061,2,1,NaN
20,4,3,0.258333333333333,1.7564751029995,3.05465856199953,2,1,NaN
20,3,3,0.678333333333333,0.95119184899977,1.9142928830006,2,1,NaN
20,1,1,0.728333333333333,1.00942623900028,1.79547820900007,2,1,NaN
20,4,4,0.508333333333333,1.50431321399992,2.35448136299965,2,1,NaN
20,2,2,0.561666666666667,1.44869640100023,3.77093094100019,2,1,NaN
20,3,3,0.866666666666667,2.45399713400002,3.12842520100003,2,1,NaN
20,4,2,0.501666666666667,3.1830761730007,3.78541788200073,2,1,NaN
20,4,2,0.34,2.53974267099966,3.70280695000019,2,1,NaN
20,1,1,0.641666666666667,1.22884713399981,2.18459097999948,2,1,NaN
20,4,2,0.411666666666667,1.564134663,2.07184489400061,2,1,NaN
20,2,3,0.336666666666667,1.98378827299985,3.09095163399979,2,1,NaN
20,2,2,0.733333333333333,1.25782279800023,1.82881518900012,2,1,NaN
20,3,3,0.835,1.23857203900025,1.92105902399999,2,1,NaN
20,1,1,0.255,4.68920851599978,7.75690420899991,2,1,NaN
20,2,2,0.703333333333333,2.61909602099968,4.83901943000001,2,1,NaN
20,4,2,0.393333333333333,1.70954988799986,3.14355801000056,2,1,NaN
20,1,1,0.881666666666667,1.07765226399988,4.29629749800006,2,1,NaN
20,3,3,0.528333333333333,1.16572298000028,1.84139524500006,2,1,NaN
20,4,2,0.505,1.38760971900047,1.7976998360009,2,1,NaN
20,3,3,0.381666666666667,1.01799408599982,1.76458677099981,2,1,NaN
20,1,2,0.643333333333333,0.905718150999746,1.68446204999964,2,1,NaN
20,1,1,0.735,1.27772667000045,1.89782728600039,2,1,NaN
20,3,3,0.915,1.49603682699944,2.17240878299981,2,1,NaN
20,2,2,0.87,1.96036005499991,2.77846150000005,2,3,1
20,1,1,0.755,1.11868629899982,2.15283954200004,2,3,2
20,1,1,0.795,0.814948003000609,1.83322962800048,2,3,2
20,2,2,0.858333333333333,0.924079245999565,1.57538889099942,2,3,1
20,1,1,0.583333333333333,1.58860941000057,2.20784712100067,2,3,2
20,2,2,0.84,1.60247084799994,2.42882583199935,2,3,1
20,1,1,1,1.12777958999959,2.25138727600006,2,3,2
20,2,2,1,1.18766255199989,1.94385871699978,2,3,1
20,2,1,0.565,0.796494339000674,4.60734967000008,2,3,1
20,1,1,0.826666666666667,1.33577923199937,2.03616142600004,2,3,2
20,1,1,0.903333333333333,1.80500917600057,2.70451770300042,2,3,2
20,1,1,0.898333333333333,1.12691162900046,1.70615717400051,2,3,2
20,2,2,0.708333333333333,1.38567516500007,2.50808080600018,2,3,1
20,2,2,0.876666666666667,1.8196060600003,2.80590043899974,2,3,1
20,1,1,0.853333333333333,2.12991131600029,4.20533141000033,2,3,2
20,1,1,0.603333333333333,2.01336155399986,3.44155915899955,2,3,2
20,1,1,0.825,1.28917386899957,2.50131205300022,2,3,2
20,2,2,0.735,1.24316257899955,2.45455467699958,2,3,1
20,1,1,0.851666666666667,0.831076710999696,2.0028856859999,2,3,2
20,2,2,0.738333333333333,1.47765584799981,2.73725859000024,2,3,1
20,1,2,0.66,1.91823929499969,3.54544786299994,2,3,2
20,1,1,0.755,3.34867410900006,4.60052466099933,2,3,2
20,2,2,0.753333333333333,1.936981629,2.89169745700019,2,3,1
20,2,2,0.913333333333333,1.07513671900051,1.91818009500003,2,3,1
20,2,2,0.87,0.828848101999938,1.58344259600017,2,3,1
20,1,1,0.58,0.837061547000303,1.59068144100002,2,3,2
20,1,1,0.615,1.62779315900025,3.84623948399985,2,3,2
20,1,1,0.853333333333333,1.55859098200017,2.65743581999959,2,3,2
20,2,2,0.696666666666667,1.73062194600061,3.99834414199995,2,3,1
20,1,2,0.555,3.17456750299971,4.50522243900014,2,3,2
20,1,1,0.836666666666667,1.04677011700005,2.48068501600028,2,3,2
20,1,1,0.628333333333333,2.04127714200058,4.08534717700059,2,3,2
20,2,1,0.7,1.88236655399942,2.39687195399983,2,3,1
20,2,2,0.755,0.864354302999345,1.26846256499994,2,3,1
20,1,1,0.886666666666667,1.07675277199996,1.51269654600037,2,3,2
20,3,3,0.553333333333333,1.47833698799968,2.66597287900004,2,1,NaN
20,4,1,0.61,1.04143493500032,1.47636711700034,2,1,NaN
20,2,1,0.391666666666667,0.781797814000129,2.77717485599987,2,1,NaN
20,4,4,0.691666666666667,1.26884438700017,1.78365632900022,2,1,NaN
20,2,2,0.638333333333333,1.09258742600014,1.73549711899977,2,1,NaN
20,1,1,0.548333333333333,1.39748273100031,2.68077856300079,2,1,NaN
20,1,1,0.603333333333333,1.21637542200006,1.87418429900026,2,1,NaN
20,2,2,0.568333333333333,1.49995171899991,2.93612523899992,2,1,NaN
20,4,4,0.796666666666667,1.8833662699999,4.26336456599984,2,1,NaN
20,2,2,0.685,1.95751400900008,2.66397440800029,2,1,NaN
20,3,3,0.743333333333333,1.32839818999946,1.91566279200015,2,1,NaN
20,2,2,0.713333333333333,1.25835487600034,1.76471139500063,2,1,NaN
20,2,2,0.653333333333333,0.762511189999714,1.23652397200021,2,1,NaN
20,4,2,0.558333333333333,1.71275714199965,2.21912460800013,2,1,NaN
20,2,2,0.418333333333333,1.23041328099953,1.87334186699991,2,1,NaN
20,1,1,0.501666666666667,1.72205184399991,1.98833297099918,2,1,NaN
20,4,3,0.446666666666667,2.41715803399984,3.46943883400036,2,1,NaN
20,4,3,0.703333333333333,1.19518148499992,1.63028860299983,2,1,NaN
20,2,2,0.651666666666667,1.36094972899991,2.47557306599992,2,1,NaN
20,1,1,0.62,1.20462423200024,2.11198347899972,2,1,NaN
20,4,1,0.341666666666667,3.38247269399926,4.79258786399987,2,1,NaN
20,3,3,0.771666666666667,1.65813969899955,2.48447977700016,2,1,NaN
20,4,1,0.351666666666667,1.98109165400001,2.60787305900067,2,1,NaN
20,4,1,0.416666666666667,1.56280678799976,3.10257485299917,2,1,NaN
20,3,3,0.875,1.10810637800023,1.94398826999986,2,1,NaN
20,4,4,0.638333333333333,1.27794484599963,2.16140414100028,2,1,NaN
20,4,2,0.713333333333333,1.80488336899998,2.42467825700078,2,1,NaN
20,4,3,0.785,1.3150397469999,2.33437015800064,2,1,NaN
20,3,3,0.616666666666667,0.811196847999781,1.24685906200011,2,1,NaN
20,2,2,0.95,0.784604181999384,1.37097569499929,2,1,NaN
20,2,2,0.803333333333333,0.785760674999437,1.29220136099957,2,1,NaN
20,2,2,0.675,0.757573544000479,1.14443907300029,2,1,NaN
20,1,2,0.518333333333333,1.32694201699996,2.12283255900002,2,1,NaN
20,4,1,0.478333333333333,2.35313297199991,3.37081834499986,2,1,NaN
20,3,3,0.796666666666667,1.10328525000023,1.65709168699959,2,1,NaN
20,3,3,0.858333333333333,1.77070171600008,2.30126291600027,2,2,4
20,3,2,0.911666666666667,1.79680839699995,2.2328010150004,2,2,4
20,3,3,0.831666666666667,1.00974037000015,1.61192226999992,2,2,4
20,4,4,0.68,2.18430169600015,2.85041580199959,2,2,1
20,3,3,0.921666666666667,1.19598202400084,1.92801182000039,2,2,1
20,2,2,1,1.10953951800002,2.04030657899966,2,2,1
20,4,3,0.595,1.69001090500024,2.35796549299994,2,2,3
20,2,2,0.628333333333333,1.28274925200003,1.84592388700003,2,2,3
20,3,3,0.578333333333333,1.40679059400009,2.0830271599998,2,2,1
20,2,2,0.831666666666667,1.41011944099955,2.45366002399987,2,2,4
20,3,3,0.908333333333333,1.33474896500047,2.17723018700053,2,2,4
20,1,1,0.501666666666667,6.62973512700046,7.26445983100075,2,2,3
20,4,4,0.501666666666667,2.34043842899973,2.87824208300026,2,2,3
20,4,1,0.513333333333333,2.90271593099988,3.66531273799956,2,2,1
20,2,2,0.923333333333333,1.19235435500013,1.71555758600061,2,2,1
20,1,1,0.943333333333333,1.1148009110002,1.89249280700005,2,2,2
20,2,2,0.823333333333333,1.23833426799956,2.35327067099934,2,2,4
20,2,2,0.683333333333333,0.798188642999776,3.48153518100025,2,2,4
20,2,2,0.541666666666667,11.2719572800006,13.018676146,2,2,3
20,3,3,0.598333333333333,1.17742152699975,2.15674891700019,2,2,2
20,2,2,0.665,2.0092333800003,2.43539983099981,2,2,3
20,4,2,0.548333333333333,2.9086064130006,3.47234564100017,2,2,2
20,2,2,0.893333333333333,0.903611892999834,1.55480189699938,2,2,3
20,2,2,0.626666666666667,0.752348193999751,1.29215925799963,2,2,1
20,3,3,0.901666666666667,1.06055575099981,1.53552392399979,2,2,4
20,2,2,0.533333333333333,4.43027108099977,5.17702733199985,2,2,1
20,2,2,0.863333333333333,1.89039678900008,3.17431813199983,2,2,4
20,1,1,0.496666666666667,2.20108499800062,2.60522515600042,2,2,3
20,4,3,0.501666666666667,2.67879369900038,3.45082720000028,2,2,3
20,4,4,0.501666666666667,3.17030147199966,3.40441538199957,2,2,2
20,1,1,0.686666666666667,1.18277893300001,1.74583179500041,2,2,3
20,2,2,0.626666666666667,1.37581884999963,1.85078191199955,2,2,1
20,1,1,0.885,1.14847035599996,1.79049274699992,2,2,4
20,1,1,1,1.05228046399952,1.42301935900014,2,2,4
20,1,1,0.686666666666667,1.53074152499994,2.29450340600033,2,2,3
20,1,2,0.795,1.29701831300008,1.69981640500009,2,2,2
20,4,3,0.728333333333333,0.899662807000823,1.27171704000011,2,2,3
20,2,2,0.501666666666667,0.824580434999916,1.03601433899985,2,2,3
20,4,4,0.56,2.79115359699972,3.30582408000009,2,2,2
20,4,4,0.501666666666667,2.0564983130007,2.42839635000018,2,2,2
20,4,2,0.721666666666667,1.98118720000002,2.55229972300003,2,2,2
20,4,4,0.795,0.940524124000149,1.44722543700027,2,2,1
20,3,3,0.618333333333333,2.00972337599978,3.06903134500044,2,2,4
20,4,1,1,1.97233633499945,2.22381007500007,2,2,1
20,1,1,0.981666666666667,0.88270303399986,1.41398607600058,2,2,4
20,4,2,0.685,1.02517584400084,1.49973690800016,2,2,2
20,2,2,0.811666666666667,0.828314666999177,1.45441044199924,2,2,1
20,3,3,0.771666666666667,1.36940049799978,1.85905680899941,2,2,4
20,4,4,1,1.36611008599994,2.05689404199984,2,2,3
20,2,2,1,0.874421620999783,1.26947014899997,2,2,4
20,4,4,0.546666666666667,2.41516453599979,2.92202466700019,2,2,1
20,3,3,0.796666666666667,1.34411507799996,2.16341448800085,2,2,4
20,3,3,0.858333333333333,0.927658577000329,3.05010871300055,2,2,1
20,4,4,0.553333333333333,1.62647125200056,2.34128710700043,2,2,3
20,4,4,0.501666666666667,1.34738632599965,1.52694712799985,2,2,3
20,3,2,0,0.862318662000689,2.59375641000042,2,2,1
20,4,2,0.915,1.30893528800061,1.96736044699992,2,2,2
20,1,1,0.85,3.44503342900043,3.88697752999997,2,2,3
20,4,1,0.501666666666667,7.27745468800003,7.87221251399933,2,2,1
20,2,2,0.853333333333333,1.20273573800023,1.95770501999959,2,2,4
20,1,1,0.983333333333333,1.14809423600036,1.75003400400055,2,2,2
20,2,2,1,1.08457857299982,1.92749469899991,2,2,4
20,1,4,0.681666666666667,2.05387117999999,2.52120185599961,2,2,4
20,1,1,0.613333333333333,1.23926692999976,1.64999365299991,2,2,2
20,1,1,0.815,1.08421413800079,1.50230845000078,2,2,3
20,3,3,0.811666666666667,1.43143033599972,2.0652795750002,2,2,4
20,3,3,0.823333333333333,0.971265055000003,1.56665690199952,2,2,2
20,1,1,1,1.39572673800012,1.86334389600052,2,2,2
20,4,1,0.668333333333333,1.82369393600038,2.45057687600001,2,2,1
20,3,3,0.76,1.95557127200027,2.44729012800053,2,2,2
20,1,1,0.855,2.43003433400008,27.2087219750001,2,1,NaN
20,2,2,0.608333333333333,1.04935989400019,1.46069200900001,2,1,NaN
20,4,1,0.39,1.60722187899955,2.30510137399961,2,1,NaN
20,3,3,0.501666666666667,1.00915767400056,1.65232100000048,2,1,NaN
20,3,3,0.618333333333333,1.04604955600007,1.3843646080004,2,1,NaN
20,4,4,0.501666666666667,1.58973387800052,2.07213325900011,2,1,NaN
20,1,1,0.708333333333333,1.00122710200048,1.34034309800063,2,1,NaN
20,3,3,0.576666666666667,1.06791414800045,1.51809538600082,2,1,NaN
20,1,1,0.665,1.26984284799983,1.64797538499988,2,1,NaN
20,2,2,0.718333333333333,1.27494842800024,1.70896605899998,2,1,NaN
20,2,2,0.851666666666667,0.845782480999333,1.20774681999956,2,1,NaN
20,2,2,1,0.708814169999641,1.05550090599991,2,1,NaN
20,2,2,1,0.690452705999633,1.1824374630005,2,1,NaN
20,2,2,1,0.699368182999933,1.08662417599953,2,1,NaN
20,1,1,0.845,1.17534382299982,1.69790733199989,2,1,NaN
20,4,4,0.625,1.24244412600001,1.8621306619998,2,1,NaN
20,3,2,0.678333333333333,1.01411989600001,1.86441555100009,2,1,NaN
20,4,1,0.428333333333333,2.7702456979996,3.63727952599947,2,1,NaN
20,2,2,0.713333333333333,0.949490064000202,1.2328459270002,2,1,NaN
20,3,3,0.943333333333333,0.763672034000592,1.05519330100014,2,1,NaN
20,3,3,0.855,0.905457023000054,1.35702840899921,2,1,NaN
20,2,2,0.93,0.858481625000422,1.30926240000008,2,1,NaN
20,3,2,1,1.11778000000049,1.45599026899981,2,1,NaN
20,4,3,0.58,0.795022577000054,1.11030122000011,2,1,NaN
20,1,1,0.646666666666667,0.885280718999638,1.39321930299957,2,1,NaN
20,3,2,0.501666666666667,1.84572049100007,2.09661878299994,2,1,NaN
20,1,1,0.626666666666667,0.887692290999439,1.42768971300029,2,1,NaN
20,4,3,0.501666666666667,1.79806404400006,2.01658379800028,2,1,NaN
20,1,1,0.61,1.25937422199968,2.11919707400011,2,1,NaN
20,4,3,0.418333333333333,2.23734281599991,2.99308181099968,2,1,NaN
20,2,2,0.561666666666667,0.844002046999776,1.22307489499963,2,1,NaN
20,3,3,0.501666666666667,1.02604515100029,1.66863220100004,2,1,NaN
20,3,3,0.518333333333333,0.90290862800066,1.12099837800088,2,1,NaN
20,2,2,0.501666666666667,0.929229311000199,1.10750246099997,2,1,NaN
20,1,1,0.753333333333333,1.5167961040006,2.06493506600054,2,1,NaN
20,3,1,0.885,3.70340808400033,4.58763760500005,2,3,1
20,3,3,1,1.18749429000036,1.6621637219996,2,3,1
20,1,2,0,1.01589425800012,3.00264381699981,2,3,3
20,3,3,0.881666666666667,1.22143001500081,2.4650699620006,2,3,1
20,3,3,0.978333333333333,1.06489732800037,1.72389369800021,2,3,1
20,1,1,0.59,0.842845715000294,1.31892999800039,2,3,3
20,1,1,0.603333333333333,1.14950900499935,1.7689401789994,2,3,3
20,1,1,0.718333333333333,0.958178393999333,1.50565214899962,2,3,3
20,3,3,0.961666666666667,1.03263715699995,1.45290488000046,2,3,1
20,3,3,0.976666666666667,0.630408768000052,1.06525385999976,2,3,1
20,3,3,0.988333333333333,0.514995073999671,1.0696005359996,2,3,1
20,1,2,0.566666666666667,1.88777921600013,2.95470954699977,2,3,3
20,3,3,0.55,2.31972415499968,3.20253241499995,2,3,1
20,1,1,0.773333333333333,1.06094398500045,1.63115167900014,2,3,3
20,3,3,0.956666666666667,0.762046099999679,1.15678096099964,2,3,1
20,1,1,0.603333333333333,1.09184366200043,2.10183007500018,2,3,3
20,1,1,0.691666666666667,1.65450747600062,2.2578361650003,2,3,3
20,1,1,0.891666666666667,1.15463465500034,1.65266377700027,2,3,3
20,3,3,1,0.711356759999944,1.19360725300066,2,3,1
20,3,3,0.876666666666667,1.24671842400039,2.12132471099994,2,3,1
20,3,3,0.996666666666667,0.736132443000315,1.37876176899954,2,3,1
20,1,1,1,1.4088748690001,1.87556719999975,2,3,3
20,3,3,1,0.748542755000017,1.15988608900079,2,3,1
20,3,3,1,0.676989708999827,1.08794160900015,2,3,1
20,1,1,0.805,1.85781543699977,2.74944775199947,2,3,3
20,3,3,0.72,1.11282081599984,1.85277448400029,2,3,1
20,1,1,0.646666666666667,0.981872835999638,2.84195508100038,2,3,3
20,1,1,0.501666666666667,1.77018125499944,2.10929425399991,2,3,3
20,1,3,0.555,3.32494395399954,5.19068870799947,2,3,3
20,1,1,0.63,1.15270766799949,1.43634259099963,2,3,3
20,1,1,0.785,1.00616101500054,1.35307403700062,2,3,3
20,1,3,0.57,1.37518643800013,1.96226161100003,2,3,3
20,1,3,0.508333333333333,1.25502092099941,1.77070168799946,2,3,3
20,3,3,0.973333333333333,0.743590453999786,1.12944743200023,2,3,1
20,3,3,0.955,0.961547670999607,1.63639437700022,2,3,1
20,2,2,0.815,2.51543456300078,3.03041761200075,2,3,4
20,2,2,1,0.736068942999736,1.06679213200005,2,3,4
20,4,4,1,0.621131204999983,1.65674734099957,2,3,2
20,4,4,0.93,1.2179455659998,1.79619920500045,2,3,2
20,2,2,0.771666666666667,0.752358220000133,0.962598747999436,2,3,4
20,4,4,0.841666666666667,0.785095821000141,1.55661531199985,2,3,2
20,4,4,0.591666666666667,1.09870282100019,1.8446939559999,2,3,2
20,4,2,0.781666666666667,0.951283467999929,2.45917250899947,2,3,2
20,2,4,0.501666666666667,0.683096888999899,1.66157394499987,2,3,4
20,2,2,0.713333333333333,0.671209775000534,1.2751490820001,2,3,4
20,2,2,0.656666666666667,1.2523679979995,2.80633414899967,2,3,4
20,2,2,0.963333333333333,0.69750725600079,1.01234514600037,2,3,4
20,4,4,0.64,1.08067238400054,2.42885502100035,2,3,2
20,2,2,0.785,0.733103931000187,1.09592563000024,2,3,4
20,4,2,0.501666666666667,0.921062263999374,1.2916753949994,2,3,2
20,4,2,0.788333333333333,1.2292299339997,1.92034284900001,2,3,2
20,2,2,0.95,1.09473344799972,1.4970100190003,2,3,4
20,2,2,0.813333333333333,0.770138505000432,1.60409815700041,2,3,4
20,4,4,0.751666666666667,0.777165394000804,2.98074510700008,2,3,2
20,4,2,0.715,1.31899249399976,2.57905519300039,2,3,2
20,2,2,0.713333333333333,0.741675524000129,1.43321687200023,2,3,4
20,4,4,0.93,0.739291352000691,1.3353963110003,2,3,2
20,4,4,0.761666666666667,1.41328523299944,2.53721742499965,2,3,2
20,2,2,0.851666666666667,1.25364495199938,2.39411823499995,2,3,4
20,2,2,0.826666666666667,1.7406717899994,2.5032592409998,2,3,4
20,2,2,0.745,0.557991891999336,1.16039713999999,2,3,4
20,4,4,0.623333333333333,0.966932219999762,1.80161896000027,2,3,2
20,4,4,0.991666666666667,0.757492022000406,1.15268569799991,2,3,2
20,2,2,0.73,0.751178325000183,1.64994262100026,2,3,4
20,4,4,0.965,0.708257554999363,1.11140751099992,2,3,2
20,2,2,0.785,1.0868596549999,1.56153918100063,2,3,4
20,4,4,0.736666666666667,0.950987090000126,2.05839497699981,2,3,2
20,4,2,0.573333333333333,1.17968529100017,1.66299261200038,2,3,2
20,4,4,0.665,1.10387950899985,1.56322908999937,2,3,2
20,4,2,0.625,0.824528273000396,1.21991262300071,2,3,2
20,3,3,0.665,1.09430401300051,1.45642756000052,2,2,1
20,4,4,0.465,1.93927385500047,2.78243364300033,2,2,3
20,3,3,0.53,1.24144464100027,1.66924585800007,2,2,1
20,4,4,0.545,2.87749187499958,4.21792296199965,2,2,3
20,2,2,0.778333333333333,1.03300246099934,1.62825872399935,2,2,4
20,2,2,0.825,0.814395159000014,1.43470575399988,2,2,4
20,2,2,0.941666666666667,0.940470933000142,1.28001994500028,2,2,4
20,1,1,0.905,0.912220318999971,1.59563727199929,2,2,3
20,1,1,0.65,1.07909266699971,1.41840411599969,2,2,4
20,1,1,0.766666666666667,0.933026263000102,1.45730322700001,2,2,3
20,1,1,0.666666666666667,2.40238065500034,3.27735978500004,2,2,4
20,3,3,0.696666666666667,1.26868027899945,1.87209192799946,2,2,4
20,1,1,0.903333333333333,1.15320765099932,1.54697583599955,2,2,3
20,2,2,0.738333333333333,1.08221482200042,1.58046787700005,2,2,4
20,4,4,0.508333333333333,2.08128645699981,2.68402089199935,2,2,3
20,3,3,0.816666666666667,1.17976358100077,1.60692227600066,2,2,4
20,1,1,0.596666666666667,1.05935660700015,2.10288693700022,2,2,2
20,4,1,0.713333333333333,1.86140251599954,3.83179423699949,2,2,1
20,1,1,0.843333333333333,1.00891187700017,2.73947938800029,2,2,3
20,2,2,0.871666666666667,1.32110468199971,2.04428762099997,2,2,4
20,1,1,0.736666666666667,1.39007396200032,2.97563151000031,2,2,2
20,1,1,1,1.1963588790004,1.5828160179999,2,2,4
20,1,1,0.66,1.28376619699975,1.8461448829994,2,2,3
20,3,3,0.786666666666667,1.24932260900005,2.38787682499969,2,2,2
20,3,3,0.706666666666667,1.22403602800023,1.76351814000009,2,2,4
20,1,1,0.833333333333333,1.17534547800005,1.63478491299975,2,2,4
20,4,4,0.696666666666667,2.12520321200009,2.64039356899957,2,2,2
20,2,2,0.841666666666667,0.985546136000266,1.50977551199958,2,2,3
20,3,1,0.643333333333333,1.57335449999937,2.40726933599944,2,2,1
20,2,2,0.843333333333333,1.13123582799926,1.51743877599984,2,2,4
20,2,2,0.691666666666667,1.41351711700008,1.92922885499956,2,2,4
20,3,3,0.81,1.50304458499977,2.08105037899986,2,2,2
20,2,2,0.891666666666667,0.78593444299986,1.39762684200014,2,2,1
20,4,2,0.561666666666667,2.46498591799991,4.44376753300003,2,2,2
20,2,2,0.881666666666667,0.803675797000324,1.38286363099996,2,2,1
20,2,2,0.606666666666667,1.91441020399998,3.18144572799974,2,1,NaN
20,4,1,0.366666666666667,1.00860037700022,2.10705797900027,2,1,NaN
20,3,2,0.543333333333333,0.770983044999412,1.34969143799935,2,1,NaN
20,2,2,0.625,0.852081695999914,1.18245631299942,2,1,NaN
20,3,4,0.423333333333333,1.22778729499987,1.99054556200008,2,1,NaN
20,4,1,0.285,1.66740315900006,3.4057577020003,2,1,NaN
20,1,1,0.635,1.23228221800036,1.5787335189998,2,1,NaN
20,1,1,0.795,0.808420762000424,1.37198646800061,2,1,NaN
20,2,2,0.878333333333333,0.760832291000042,1.2585539089996,2,1,NaN
20,2,2,0.961666666666667,0.75022650200026,1.14456177000011,2,1,NaN
20,3,3,0.625,0.935747511000045,1.6738851680002,2,1,NaN
20,2,2,0.966666666666667,1.08325054400029,1.94226014700052,2,1,NaN
20,2,2,0.79,0.72517618799975,1.30368027199984,2,1,NaN
20,4,1,0.531666666666667,1.40044713899988,2.23531627300054,2,1,NaN
20,2,2,0.501666666666667,1.46107511700029,1.92048032799994,2,1,NaN
20,1,1,0.61,1.11937876799948,1.79481006999958,2,1,NaN
20,1,1,0.435,1.86985442599962,2.6566493170003,2,1,NaN
20,2,2,0.501666666666667,2.36160586400001,3.09237174699956,2,1,NaN
20,4,1,0.323333333333333,1.90735575000053,2.72628493400043,2,1,NaN
20,4,4,0.575,1.58083936999992,2.1271809990003,2,1,NaN
20,4,1,0.268333333333333,2.3345570370002,3.70511273600005,2,1,NaN
20,1,1,0.566666666666667,0.990680477000751,2.05765515300027,2,1,NaN
20,3,2,0.371666666666667,1.53924668499985,2.62170385299942,2,1,NaN
20,3,3,0.44,1.04047056499985,2.42714447599974,2,1,NaN
20,2,2,0.568333333333333,0.997965568000836,1.57719667000038,2,1,NaN
20,3,2,0.501666666666667,1.72522205000041,2.12786729199979,2,1,NaN
20,1,1,0.631666666666667,1.05412009300017,2.23245561500062,2,1,NaN
20,1,1,0.775,1.01955793700017,1.52602309300073,2,1,NaN
20,2,2,0.845,1.42935980099992,2.07985182199991,2,1,NaN
20,2,2,0.728333333333333,0.776951485999234,1.49234350499955,2,1,NaN
20,1,1,0.851666666666667,0.868923398999868,1.32842265899944,2,1,NaN
20,4,1,0.255,4.10268235400054,5.76093899100033,2,1,NaN
20,2,2,0.506666666666667,2.41872762200001,3.31727717899957,2,1,NaN
20,1,1,0.538333333333333,2.05142514199997,2.9817998260005,2,1,NaN
20,4,1,0.481666666666667,2.01768333600012,2.8368985269999,2,1,NaN
21,3,3,0.585,2.32573401000082,3.12190807000115,2,1,NaN
21,1,1,0.978333333333333,1.42266938899957,2.46565693999946,2,1,NaN
21,2,2,0.946666666666667,1.05776148999939,2.11791262900078,2,1,NaN
21,3,2,0.586666666666667,1.17215797099925,2.25548495899966,2,1,NaN
21,1,1,0.96,1.15207235700109,2.29169435299991,2,1,NaN
21,4,4,0.513333333333333,1.32338585600155,2.17464097500124,2,1,NaN
21,3,2,0.63,1.14689865599939,1.89404661899971,2,1,NaN
21,1,1,0.82,0.949040387000423,2.46441829200012,2,1,NaN
21,4,4,0.691666666666667,1.33708436300003,5.81266103100097,2,1,NaN
21,3,3,0.516666666666667,2.43485737099945,6.19851316200038,2,1,NaN
21,2,2,0.958333333333333,1.14949137599979,2.03242238100029,2,1,NaN
21,4,3,0.386666666666667,3.15445580800042,4.01468132900118,2,1,NaN
21,1,2,0.485,1.76656111600096,2.78448223099986,2,1,NaN
21,3,1,0.59,2.20507304499915,3.42333840299943,2,1,NaN
21,4,4,0.943333333333333,1.40089631699993,2.72369409800012,2,1,NaN
21,2,2,0.926666666666667,1.17040784799974,2.22970662300031,2,1,NaN
21,4,3,0.396666666666667,2.25500086699867,3.21924484299961,2,1,NaN
21,4,2,0.886666666666667,1.61991958699946,4.63833119799892,2,1,NaN
21,2,2,0.941666666666667,1.05445163200056,2.06652282900177,2,1,NaN
21,3,4,0.406666666666667,2.76968753099936,3.46870590699837,2,1,NaN
21,3,1,0.578333333333333,1.38833958100076,2.43933645300058,2,1,NaN
21,3,2,0.485,4.89654209799846,5.73883490899971,2,1,NaN
21,4,4,0.621666666666667,1.67787402000067,4.52141375500105,2,1,NaN
21,3,1,0.728333333333333,1.02100643799895,3.1608500479997,2,1,NaN
21,1,2,0.688333333333333,1.47632378600065,2.7433169750002,2,1,NaN
21,3,2,0.605,1.46865265300039,2.07228568699975,2,1,NaN
21,1,1,0.9,1.13669387699883,1.94756396699995,2,1,NaN
21,2,2,0.985,1.0486652489999,2.2351701080006,2,1,NaN
21,1,1,0.636666666666667,1.71811333799997,2.48895660699964,2,1,NaN
21,1,1,0.755,1.40093815699947,2.05971790600051,2,1,NaN
21,4,3,0.615,1.8533602589996,3.62459895599932,2,1,NaN
21,4,4,0.453333333333333,3.40890426999977,4.73954124499869,2,1,NaN
21,4,4,0.726666666666667,1.51114736899945,2.22618937799962,2,1,NaN
21,3,4,0.748333333333333,1.66928253900005,2.60897867099993,2,1,NaN
21,4,4,0.643333333333333,1.05886585600092,2.04589137699986,2,1,NaN
21,4,3,0.716666666666667,2.3980324059994,3.75363595999988,2,3,3
21,4,4,0.931666666666667,1.0848100610001,1.81535590899875,2,3,3
21,4,4,0.856666666666667,1.0989403450003,2.02290086500034,2,3,3
21,3,3,0.641666666666667,1.23319806299878,2.02065099399988,2,3,4
21,3,3,0.778333333333333,1.52671399099927,2.16113451899946,2,3,4
21,3,3,0.828333333333333,1.35027167500084,2.23393971800033,2,3,4
21,4,4,0.665,1.20331804600028,1.87019871700068,2,3,3
21,3,3,0.728333333333333,1.07112767699982,4.97118186999978,2,3,4
21,3,3,0.96,1.00414462400113,1.83190917499996,2,3,4
21,4,4,0.9,0.809373432999564,1.74137030699967,2,3,3
21,3,3,0.983333333333333,0.890884353999354,2.10910565700033,2,3,4
21,4,4,0.683333333333333,1.14952710599937,1.74530394700014,2,3,3
21,4,4,0.685,2.44608872000026,3.28191840599902,2,3,3
21,4,4,0.645,0.895884662999379,2.60250433900001,2,3,3
21,4,4,0.896666666666667,1.13343691999944,1.82405914499941,2,3,3
21,3,4,0.945,1.03625230199941,1.82374663100018,2,3,4
21,4,4,0.715,1.08229352799935,2.10189511499993,2,3,3
21,3,3,0.941666666666667,0.844436650999342,1.69459923899922,2,3,4
21,3,4,0.0666666666666667,0.767684746999294,4.69825138099986,2,3,4
21,4,3,0.931666666666667,1.57502160900003,2.65084449400092,2,3,3
21,4,4,0.978333333333333,0.866821751000316,1.89367913000024,2,3,3
21,4,3,0.835,1.11699311200027,1.82353614299973,2,3,3
21,3,3,0.938333333333333,0.874907755000095,1.81485154900111,2,3,4
21,4,4,0.911666666666667,0.937754470998698,1.7087105139999,2,3,3
21,4,4,0.845,1.2126381550006,3.50291305800056,2,3,3
21,4,4,0.618333333333333,1.71702156900028,2.27235749700048,2,3,3
21,3,3,0.99,1.13711222399979,2.06009653599904,2,3,4
21,3,3,0.836666666666667,1.44532108099884,3.10452965199875,2,3,4
21,3,3,0.968333333333333,1.39072624599976,2.28232218800076,2,3,4
21,3,3,0.923333333333333,1.24104711499967,2.10008970700073,2,3,4
21,4,4,0.67,1.06756224699893,1.78915593999955,2,3,3
21,4,4,0.91,1.08307239100031,1.8465677690001,2,3,3
21,4,4,0.69,1.11151995299952,2.09150324000075,2,3,3
21,4,4,0.681666666666667,1.24256767000043,1.83749411499957,2,3,3
21,4,3,0.61,1.24010875100066,2.21906836900052,2,3,3
21,2,2,0.755,2.92430183999932,4.28832992900061,2,2,4
21,1,1,0.806666666666667,2.4853279630006,3.41549874399971,2,2,3
21,1,3,0.913333333333333,1.23332820799988,2.34793439200075,2,2,3
21,4,4,0.951666666666667,2.18490093499895,3.24412873700021,2,2,2
21,1,1,0.843333333333333,1.25984089100166,2.68723560400031,2,2,3
21,4,4,0.666666666666667,2.95061902099951,4.33026265199987,2,2,2
21,4,4,0.605,3.32526132500061,3.92802463400039,2,2,3
21,3,3,0.548333333333333,2.48444641899914,3.743961614,2,2,4
21,2,2,0.921666666666667,1.66823398799897,2.49517648899928,2,2,1
21,3,3,0.918333333333333,1.23819877300048,2.03257026000028,2,2,2
21,1,1,0.98,1.0833080249995,2.02998778800065,2,2,4
21,1,1,0.976666666666667,0.992480078000881,1.87505292400056,2,2,4
21,3,3,0.86,1.83644164200086,2.95996059100071,2,2,4
21,2,2,0.995,1.08349262399861,2.02193771899874,2,2,4
21,1,1,0.953333333333333,2.24159518800116,3.004244406,2,2,2
21,1,1,0.948333333333333,0.927136223001071,1.78710364200015,2,2,3
21,3,3,0.735,2.67061875699983,3.7783504250001,2,2,4
21,4,2,0.938333333333333,1.16440187099943,2.09610437999982,2,2,2
21,4,4,0.568333333333333,3.1991717689998,3.76307821599949,2,2,3
21,3,3,1,1.46910569800093,2.44808422400092,2,2,1
21,1,1,0.953333333333333,1.29683757100065,2.52480043200012,2,2,4
21,2,2,0.926666666666667,1.07401417699839,1.94134235099955,2,2,4
21,3,3,0.71,2.10792582199974,2.87007279999852,2,2,4
21,4,3,0.91,2.27070109299893,4.04871242199988,2,2,3
21,3,3,0.665,2.48095819899936,3.00372231499932,2,2,1
21,1,1,0.863333333333333,1.16638385399892,1.84963370599871,2,2,4
21,1,1,0.865,1.1306188260005,1.74103817799914,2,2,4
21,3,3,0.771666666666667,1.4848857399993,3.44017867000002,2,2,1
21,4,1,0.926666666666667,0.952030380998622,1.8425910499991,2,2,1
21,2,2,0.985,1.02981205600008,2.15343339100036,2,2,3
21,2,2,0.945,1.49392348999936,2.48073354100052,2,2,4
21,2,2,0.986666666666667,1.01610879500004,2.06841948400142,2,2,4
21,2,1,0.918333333333333,1.32386795899947,2.03228924200084,2,2,1
21,4,2,0.728333333333333,2.83374826900035,3.91702036200149,2,2,2
21,4,2,0.861666666666667,1.64164519200131,2.32479019600032,2,2,2
21,1,1,0.888333333333333,1.07546602399998,2.40693946600004,2,2,2
21,3,3,0.936666666666667,1.40211906600052,2.38956612500078,2,2,2
21,1,1,0.963333333333333,0.88066084699858,1.53230871899905,2,2,3
21,4,3,0.711666666666667,1.76995863999946,2.34863342499921,2,2,3
21,3,3,0.635,2.64195260399902,3.52541263199964,2,2,4
21,3,1,0.815,1.8341681210004,2.39665227600017,2,2,1
21,4,2,0.916666666666667,2.12830696199853,2.95594040499964,2,2,2
21,1,1,0.581666666666667,2.62457981399893,3.53219811599956,2,2,2
21,3,3,0.711666666666667,2.32753058099843,2.91406473999996,2,2,1
21,2,2,0.978333333333333,1.12868058300046,1.97163144500155,2,2,4
21,1,1,0.873333333333333,1.18430249199992,2.27562407999903,2,2,2
21,4,2,0.8,2.85998911500064,3.48004012300044,2,2,2
21,2,2,0.953333333333333,1.01322253400031,1.85636298999998,2,2,3
21,3,3,0.815,2.17799820999971,3.61233577100029,2,2,4
21,3,3,0.978333333333333,1.57542252199892,2.35353934799969,2,2,4
21,4,4,0.963333333333333,1.03946122899833,1.85044084799847,2,2,1
21,3,3,0.758333333333333,1.29195792000064,1.99199332200078,2,2,4
21,3,2,0.635,2.75552678599888,3.75022068499857,2,2,2
21,3,2,0.658333333333333,1.61759466299918,2.30861554100011,2,2,2
21,1,1,0.73,1.25976000999981,1.77515106000101,2,2,3
21,2,2,0.976666666666667,1.14855725099915,2.08004280500063,2,2,1
21,2,2,0.943333333333333,0.89558548399873,1.74734847299987,2,2,3
21,4,3,0.605,4.79976925499977,5.85135762100072,2,2,3
21,3,3,0.921666666666667,2.45641102599984,3.33056348399987,2,2,2
21,2,2,0.958333333333333,1.01644659600061,1.85121743399941,2,2,3
21,4,4,0.978333333333333,1.28444626300006,1.91257146799944,2,2,2
21,2,2,0.84,1.34282723000069,2.01831739900081,2,2,3
21,1,1,0.958333333333333,0.932986808000351,1.66374473200085,2,2,4
21,2,2,0.97,0.90524038500007,1.58072804899894,2,2,4
21,4,2,0.745,1.45646545100135,2.37208939999982,2,2,2
21,4,2,0.746666666666667,2.10366458899989,2.90732028999992,2,2,2
21,1,1,0.99,0.969826919999832,2.08411942300154,2,2,4
21,4,4,0.633333333333333,3.06824066099944,4.36668413599909,2,2,1
21,1,1,0.936666666666667,1.02632279800127,1.7163857780015,2,2,3
21,4,3,0.656666666666667,2.67583085700062,3.34218141200108,2,2,3
21,1,1,0.911666666666667,1.29064669800027,4.79682776600021,2,3,2
21,2,2,0.968333333333333,1.29369948399835,2.05668293999952,2,3,1
21,2,2,0.97,1.04241306800031,2.41365568400033,2,3,1
21,1,1,1,0.75972401800027,1.56359251899994,2,3,2
21,1,1,0.903333333333333,0.848519981000209,1.52237117700133,2,3,2
21,2,2,0.6,1.88308358299946,2.56590130199947,2,3,1
21,2,2,0.985,0.793872277001356,1.67728899900067,2,3,1
21,2,2,0.941666666666667,0.765520762999586,1.66412673100058,2,3,1
21,1,1,0.936666666666667,0.754101385999093,1.70857587499995,2,3,2
21,1,1,0.81,1.23706665299869,2.207178957,2,3,2
21,2,2,0.918333333333333,1.42666434399871,3.35811628299962,2,3,1
21,2,1,0.97,0.817986362999363,1.95652242699907,2,3,1
21,1,1,0.938333333333333,0.778797672999644,1.68632844800049,2,3,2
21,2,1,0.935,1.00654475900046,2.27412136000021,2,3,1
21,2,2,0.945,0.745940161999897,1.74076000800051,2,3,1
21,2,2,0.925,1.30760795999959,2.98925593599961,2,3,1
21,2,2,0.968333333333333,1.73782161200143,2.87641558300129,2,3,1
21,2,2,0.98,0.796116661998894,2.07836626700009,2,3,1
21,1,1,0.895,0.911138014998869,1.95480843800033,2,3,2
21,1,1,0.761666666666667,1.43217891200038,2.65048078499967,2,3,2
21,1,1,0.763333333333333,1.29945374900126,2.24708691300111,2,3,2
21,1,1,0.975,0.751794899999368,1.69903543699911,2,3,2
21,1,1,0.813333333333333,1.1234034249992,2.17424851199939,2,3,2
21,1,1,0.851666666666667,0.83509699699971,1.81277227599821,2,3,2
21,1,1,0.955,0.785280799000247,1.9148835470005,2,3,2
21,2,2,0.913333333333333,0.907088111998746,2.86100839499886,2,3,1
21,1,1,0.948333333333333,1.02270139699976,2.64868983500128,2,3,2
21,2,2,0.868333333333333,0.810450551000031,1.46900857199944,2,3,1
21,1,1,0.936666666666667,0.758851471000526,1.64141516299969,2,3,2
21,1,1,0.995,0.764194299999872,1.93465218900019,2,3,2
21,2,2,0.965,0.885093728000356,2.07294274500055,2,3,1
21,1,1,0.975,0.968954545000088,1.96363157900123,2,3,2
21,1,1,0.966666666666667,0.768944352999824,1.66098181400048,2,3,2
21,1,1,0.905,2.11786082599974,2.92836762700063,2,3,2
21,1,2,0.805,1.20561740999983,2.18399370400039,2,3,2
21,4,2,0.448333333333333,1.41970705899985,2.43051508200006,2,1,NaN
21,4,2,0.696666666666667,1.36055236099855,2.35544506099905,2,1,NaN
21,2,2,0.883333333333333,0.984473135998996,2.13091145900034,2,1,NaN
21,2,2,0.815,0.905630807001216,1.61297745800039,2,1,NaN
21,3,3,0.968333333333333,1.82387543000004,2.85971151499871,2,1,NaN
21,4,4,0.588333333333333,1.74724486299965,2.65419757000018,2,1,NaN
21,1,2,0.658333333333333,1.05510768299973,5.17083910499969,2,1,NaN
21,1,1,0.811666666666667,1.69954992999919,2.55104535899954,2,1,NaN
21,3,3,0.613333333333333,2.41971790999924,3.26282863800043,2,1,NaN
21,4,1,0.405,4.10174325199841,5.81000089999907,2,1,NaN
21,4,2,0.618333333333333,1.96833543499997,2.42809942799977,2,1,NaN
21,1,1,0.818333333333333,1.15689348499836,1.87184456499926,2,1,NaN
21,3,2,0.796666666666667,1.10527571700004,1.94113708700024,2,1,NaN
21,2,2,0.78,0.921978214999399,1.61386546199901,2,1,NaN
21,2,2,0.966666666666667,0.832613015998504,2.10865411899977,2,1,NaN
21,3,3,0.533333333333333,2.7227781849997,3.63817937800013,2,1,NaN
21,4,1,0.663333333333333,0.982307485001002,1.7462190490005,2,1,NaN
21,1,1,0.906666666666667,1.31964736000009,2.32194066999909,2,1,NaN
21,3,3,0.766666666666667,1.93696473300042,2.56311768900014,2,1,NaN
21,1,1,0.928333333333333,0.87990012499904,2.08391721999942,2,1,NaN
21,3,2,0.481666666666667,2.40307266399941,3.33345675500095,2,1,NaN
21,2,2,0.698333333333333,1.23531059900051,1.87713398699998,2,1,NaN
21,4,3,0.641666666666667,1.54981911800132,2.79266753100092,2,1,NaN
21,2,2,0.796666666666667,1.01289311099936,1.58355523699902,2,1,NaN
21,4,1,0.661666666666667,2.2204320159999,3.10429793599906,2,1,NaN
21,1,1,0.953333333333333,0.981218975999582,1.96945605399924,2,1,NaN
21,3,3,0.706666666666667,1.94921591499951,3.2009326970001,2,1,NaN
21,1,1,0.916666666666667,1.60282857899983,2.82950792500014,2,1,NaN
21,4,1,0.466666666666667,2.61484207299873,3.46590622699841,2,1,NaN
21,3,3,0.811666666666667,1.66554952799925,2.59707978799997,2,1,NaN
21,3,2,0.473333333333333,1.21532127499995,2.37021112500042,2,1,NaN
21,4,3,0.386666666666667,3.97439162199953,5.22497451799973,2,1,NaN
21,2,2,0.94,1.40105533899987,2.73259941700053,2,1,NaN
21,1,1,0.691666666666667,1.55349902000125,3.28450208499999,2,1,NaN
21,3,3,0.91,1.71551334200012,2.85350473500148,2,1,NaN
21,4,4,0.886666666666667,1.62533838200034,4.49244039000041,2,3,1
21,1,1,0.993333333333333,1.12938274999942,2.26878494899938,2,3,4
21,4,4,0.645,2.91680325400011,3.71246079200137,2,3,1
21,4,1,0.875,1.02897554000083,1.63118399099949,2,3,1
21,1,1,0.998333333333333,0.810612010998739,1.65362312699835,2,3,4
21,4,1,0.901666666666667,1.16753355800029,2.27484744200046,2,3,1
21,1,1,0.941666666666667,0.827259644000151,1.57526818599945,2,3,4
21,1,1,0.96,0.867896059000486,2.43012418800026,2,3,4
21,4,4,0.696666666666667,1.25634029799949,1.9154569429993,2,3,1
21,1,1,0.961666666666667,0.690740525000365,1.93258329400123,2,3,4
21,4,1,0.906666666666667,1.21128765799949,3.89535725899987,2,3,1
21,4,1,0.736666666666667,1.31682527700104,1.93567534500107,2,3,1
21,1,4,0.62,1.40567639499932,1.90513781700065,2,3,4
21,1,1,0.92,1.0807461280001,1.76308078500006,2,3,4
21,4,4,0.946666666666667,1.20855114599908,2.44302716399943,2,3,1
21,4,1,0.711666666666667,1.26182910399984,2.20823695299987,2,3,1
21,1,1,0.963333333333333,0.731881693000105,1.49464031299976,2,3,4
21,1,1,0.868333333333333,0.806765634999465,1.48936082299952,2,3,4
21,4,1,0.808333333333333,0.738977810000506,1.48657124599958,2,3,1
21,1,1,0.928333333333333,1.55086646400014,2.32223987299949,2,3,4
21,1,1,0.95,0.776047133000247,1.82753898999908,2,3,4
21,1,1,0.913333333333333,0.805811258998801,1.54374827999891,2,3,4
21,4,1,0.915,1.79037340200011,2.68221355200149,2,3,1
21,1,1,0.815,1.27282132000073,2.11541104299977,2,3,4
21,1,1,0.731666666666667,1.53061918300045,2.94873103999998,2,3,4
21,1,1,0.746666666666667,1.05056651400082,2.42174008999973,2,3,4
21,4,4,0.711666666666667,1.03992080600074,3.92328339100095,2,3,1
21,1,1,0.845,0.758954187000199,1.40229597500002,2,3,4
21,1,1,0.918333333333333,0.790431723000438,1.53025790200081,2,3,4
21,1,1,0.97,0.800439651999113,1.97899380199851,2,3,4
21,1,1,0.961666666666667,0.615450478000639,1.63550498299992,2,3,4
21,1,1,0.968333333333333,0.781465136999032,1.63970262399926,2,3,4
21,1,1,0.613333333333333,1.52263565800058,2.06131675300094,2,3,4
21,1,1,0.816666666666667,0.918258074998448,1.76193554899874,2,3,4
21,1,1,0.918333333333333,0.758708911000213,1.57729488800032,2,3,4
21,2,1,0.698333333333333,1.1890510129997,2.35149874299896,2,1,NaN
21,4,4,0.765,1.19684224400044,3.90324620700085,2,1,NaN
21,2,2,0.79,1.94202585099993,2.85631650299911,2,1,NaN
21,1,1,0.761666666666667,0.93714461899981,1.58129156300129,2,1,NaN
21,2,2,0.773333333333333,1.26478739600134,2.14031729900125,2,1,NaN
21,4,4,0.505,2.03425526399951,4.26123034600096,2,1,NaN
21,1,1,0.926666666666667,0.988361834999523,1.88635185800013,2,1,NaN
21,4,4,0.655,1.62358211799983,2.52217852300055,2,1,NaN
21,2,2,0.81,0.968650224998783,4.37232122599926,2,1,NaN
21,3,2,0.758333333333333,1.80637175899938,10.6966855219998,2,1,NaN
21,1,1,0.908333333333333,0.720056158999796,1.51547221699911,2,1,NaN
21,1,1,0.836666666666667,0.87437983900054,1.43685144499977,2,1,NaN
21,3,2,0.91,0.983914484999332,3.02691402899836,2,1,NaN
21,4,4,0.588333333333333,1.68438325600073,2.39094653000029,2,1,NaN
21,3,3,0.443333333333333,2.10782773000028,2.71895432900055,2,1,NaN
21,1,1,0.736666666666667,1.2684987699995,2.21524918199975,2,1,NaN
21,2,1,0.683333333333333,1.49044680599945,2.24592190299882,2,1,NaN
21,3,1,0.653333333333333,1.10265822099973,1.61692262699944,2,1,NaN
21,2,2,0.905,1.3806496319994,2.24848237299921,2,1,NaN
21,3,3,0.441666666666667,2.59333212799902,3.55529377200037,2,1,NaN
21,3,3,0.655,1.54393225100102,2.12336630200116,2,1,NaN
21,2,2,0.79,1.76936005800053,2.79559411700029,2,1,NaN
21,1,1,0.815,1.00770300900149,1.55337969100037,2,1,NaN
21,4,1,0.66,1.83209100700151,2.482983281001,2,1,NaN
21,3,3,0.456666666666667,1.93097768799998,2.6216875329992,2,1,NaN
21,3,3,0.541666666666667,2.07223304500076,3.85193056299977,2,1,NaN
21,2,2,0.721666666666667,1.10677698899963,2.08569354900101,2,1,NaN
21,4,2,0.548333333333333,3.4617724289983,4.16158916699897,2,1,NaN
21,1,1,0.876666666666667,0.996318157998758,2.03846057299961,2,1,NaN
21,1,2,0.608333333333333,1.48065766999935,2.04445401799967,2,1,NaN
21,4,4,0.536666666666667,1.54982593500063,2.12810800599982,2,1,NaN
21,2,2,0.71,1.29487317199892,2.32997541799887,2,1,NaN
21,3,3,0.441666666666667,2.74400892400081,3.27525639000123,2,1,NaN
21,3,3,0.823333333333333,1.12974796900016,2.74197689600078,2,1,NaN
21,4,3,0.673333333333333,3.12248809700031,18.4938948399995,2,1,NaN
21,2,2,0.938333333333333,1.16283676999956,2.48528402299962,2,2,4
21,2,2,0.956666666666667,1.06971392299965,1.85557439900003,2,2,3
21,4,1,0.631666666666667,2.34600845999921,3.30050087699965,2,2,1
21,1,2,0.75,1.43495721599902,1.98279702800028,2,2,2
21,2,2,0.89,0.915031775999523,1.8054144839989,2,2,1
21,1,1,0.905,0.944921206000799,1.65240180500041,2,2,4
21,4,1,0.65,2.87032733100023,3.62466985100036,2,2,1
21,2,2,0.936666666666667,1.06612253000094,1.8537013030018,2,2,4
21,1,1,0.605,2.79087531599907,4.04105018599876,2,2,4
21,3,2,0.746666666666667,2.64962765899872,15.9646298019998,2,2,2
21,3,1,0.751666666666667,1.66664551099893,11.637625632,2,2,4
21,1,1,0.831666666666667,0.95784634300071,2.06569136399958,2,2,2
21,1,1,0.793333333333333,1.12169888699827,2.28455418699923,2,2,4
21,1,1,0.946666666666667,0.94075421100024,1.82268198699967,2,2,2
21,4,4,0.85,1.226602267001,2.15757513900098,2,2,1
21,3,3,0.66,2.25117494199912,3.07075215999976,2,2,4
21,3,3,0.958333333333333,1.55728489000103,2.28128417900007,2,2,4
21,4,2,0.761666666666667,1.4884964289995,2.17916279999918,2,2,2
21,4,2,0.685,1.74336150599993,2.49890200900154,2,2,2
21,1,1,0.621666666666667,2.59316405999925,3.99554569899919,2,2,4
21,2,2,0.911666666666667,1.25458591000097,2.02615043100013,2,2,3
21,1,3,0.67,2.89208239200161,3.52019547700002,2,2,3
21,4,3,0.683333333333333,3.92461152400028,4.57455104600012,2,2,3
21,2,2,0.921666666666667,1.12143981600093,2.45996603000094,2,2,3
21,3,3,0.701666666666667,5.49344177199964,6.77675096500025,2,2,4
21,4,4,0.866666666666667,2.39202724399911,3.10815706299945,2,2,1
21,3,3,0.813333333333333,1.93733748100021,9.83692686100039,2,2,1
21,2,2,0.93,1.28634281599989,2.48102033099894,2,2,4
21,1,1,0.893333333333333,1.11299425400102,2.00361228200018,2,2,4
21,1,1,0.93,0.799678868999763,1.79464929000096,2,2,3
21,3,3,0.923333333333333,1.32619995999994,2.73792697600038,2,2,4
21,2,2,0.92,0.998044117000973,2.01728994600126,2,2,4
21,1,1,0.936666666666667,1.27644506300021,2.82440581400078,2,2,4
21,1,1,0.926666666666667,1.28132248600014,2.82069664000119,2,2,2
21,3,3,0.641666666666667,3.0137435150009,4.16119940300086,2,2,4
21,2,2,0.65,1.73890771900005,2.50138874500044,2,3,3
21,3,2,0.63,1.8211020409999,2.39248471300016,2,3,2
21,3,3,0.808333333333333,1.90757752900026,2.68769200699899,2,3,2
21,2,3,0.678333333333333,0.990341145999992,1.56152051199933,2,3,3
21,3,3,0.756666666666667,1.03090354500091,2.28090581600009,2,3,2
21,3,2,0.771666666666667,0.769901545998437,1.66161324399945,2,3,2
21,3,3,0.83,1.39748722900003,2.76076855300016,2,3,2
21,3,3,0.87,1.37333559899889,2.343539219999,2,3,2
21,3,3,0.958333333333333,0.854508033999082,1.93655239299915,2,3,2
21,3,3,0.698333333333333,1.29586000699965,2.05901261299914,2,3,2
21,2,2,0.826666666666667,1.54029928700038,2.96684034800091,2,3,3
21,2,2,0.898333333333333,1.28277507099847,3.21347830899867,2,3,3
21,2,2,0.926666666666667,0.967506885999683,2.0340654820011,2,3,3
21,2,2,0.921666666666667,1.75670892400012,2.55236728500131,2,3,3
21,3,3,0.608333333333333,1.51629180100099,2.32761077400028,2,3,2
21,2,2,0.92,1.04548629899909,2.52136556199912,2,3,3
21,2,2,0.946666666666667,0.758794900999419,1.64959572299995,2,3,3
21,3,3,0.945,1.53179593499954,2.17557639799998,2,3,2
21,3,3,0.91,1.29113982400122,2.09379163300036,2,3,2
21,3,3,0.943333333333333,0.765547364999293,1.52946379800051,2,3,2
21,2,2,0.968333333333333,0.935697382999933,1.75511576399913,2,3,3
21,3,3,0.92,1.30462474399974,2.21998976699979,2,3,2
21,2,2,0.933333333333333,0.853712049000023,1.84818086899941,2,3,3
21,3,3,0.675,1.15486539199992,1.83021215699955,2,3,2
21,2,2,0.86,0.768241247998958,1.61043712199898,2,3,3
21,2,2,0.85,1.0466643460004,2.24209209000037,2,3,3
21,2,2,0.626666666666667,2.85140008100097,3.64556885800084,2,3,3
21,3,2,0.375,2.03806421900117,6.8817088930009,2,3,2
21,3,2,0.595,1.42835958799878,2.07099471199945,2,3,2
21,3,3,0.736666666666667,1.15993754300143,1.9962434220015,2,3,2
21,3,3,0.693333333333333,1.48695060599857,2.15485081800034,2,3,2
21,3,3,0.585,8.68682722599988,11.6356943500014,2,3,2
21,3,3,0.765,1.69037901299998,2.49996149899926,2,3,2
21,3,3,0.891666666666667,0.795343160001721,1.42131903600057,2,3,2
21,3,3,0.936666666666667,0.74497582299955,1.48335595599929,2,3,2
21,4,3,0.85,1.88307626999995,3.39906549700027,2,2,3
21,4,1,0.67,1.97641938899869,3.01103333799983,2,2,1
21,1,2,0.598333333333333,2.38985657300145,3.03251631000057,2,2,2
21,3,3,0.906666666666667,0.993779499000084,1.83608793599888,2,2,2
21,4,2,0.681666666666667,1.6951459310003,2.90614985400134,2,2,2
21,4,2,0.588333333333333,3.5372396670009,4.94798210299996,2,2,2
21,3,3,0.926666666666667,1.48615007300032,2.23284805399999,2,2,1
21,4,1,0.561666666666667,2.34746595300021,3.01463884500117,2,2,1
21,2,2,0.903333333333333,1.49608032299875,2.20388110599924,2,2,1
21,3,3,0.905,1.27004193100038,2.21720321000066,2,2,1
21,2,2,0.895,1.47568496799977,2.59107235499869,2,2,4
21,3,3,0.918333333333333,1.15475885200067,1.98944611800107,2,2,1
21,4,2,0.848333333333333,2.2496687719995,3.16477641599886,2,2,2
21,3,3,0.933333333333333,1.07194446500034,2.04340229300033,2,2,2
21,3,3,0.926666666666667,1.09348919799959,1.93645091399958,2,2,4
21,3,3,0.885,1.29440418600097,2.10523082300097,2,2,1
21,4,4,0.615,2.99329622199912,5.6117578379999,2,2,1
21,2,2,0.606666666666667,2.72365984300086,10.2456667700008,2,2,4
21,3,3,0.785,1.44748863899986,2.00290714499897,2,2,4
21,1,1,0.84,1.18251035399953,1.7935368469989,2,2,2
21,2,2,0.865,1.21301132200097,1.96001545800027,2,2,3
21,4,1,0.698333333333333,1.86186529699989,2.66392198600079,2,2,1
21,2,2,0.783333333333333,1.02469764899979,1.69249176999983,2,2,4
21,2,2,0.826666666666667,1.95633709499998,2.71241892599937,2,2,1
21,1,2,0.616666666666667,3.61243495999952,9.87934466099978,2,2,2
21,4,4,0.565,2.64070159000039,3.58048850399973,2,2,1
21,2,2,0.611666666666667,1.95797953000147,2.58478748400012,2,2,1
21,3,3,0.933333333333333,1.26844134999919,1.82321146499999,2,2,2
21,2,2,0.791666666666667,1.01072446800026,1.79856732100052,2,2,4
21,1,3,0.605,1.82538247699995,2.533597095,2,2,3
21,1,1,0.661666666666667,1.26579090499945,2.39710713699969,2,2,4
21,1,3,0.505,1.88001566800085,2.97042639199935,2,2,3
21,4,4,0.581666666666667,4.93516146700131,5.64995722599997,2,2,1
21,3,3,0.618333333333333,2.42381036799998,3.1152767170006,2,2,4
21,4,4,0.645,2.3527212099998,2.914935933999,2,2,3
21,4,1,0.56,1.06424529699871,2.67534666899883,2,1,NaN
21,1,3,0.571666666666667,1.65085690599881,5.45470330499847,2,1,NaN
21,3,3,0.743333333333333,1.21200919799958,1.84697080399928,2,1,NaN
21,3,1,0.703333333333333,1.30423839000105,2.01877726699968,2,1,NaN
21,3,1,0.485,2.65396778600007,3.70637753999836,2,1,NaN
21,3,1,0.536666666666667,1.53483071400115,2.54528490600023,2,1,NaN
21,4,4,0.47,1.77511811300064,2.39315089100091,2,1,NaN
21,3,2,0.593333333333333,1.57398867700067,2.84153533599965,2,1,NaN
21,2,2,0.605,2.15436153399969,2.58958065299885,2,1,NaN
21,1,1,0.678333333333333,1.81655371499983,2.40417613099999,2,1,NaN
21,4,4,0.631666666666667,3.13482859299984,3.75326931900054,2,1,NaN
21,1,1,0.688333333333333,0.973554713998965,1.40028938199976,2,1,NaN
21,3,3,0.93,1.88432683999963,2.64031063599941,2,1,NaN
21,4,4,0.426666666666667,2.56878735400096,3.17237323600057,2,1,NaN
21,4,3,0.708333333333333,2.01532314399992,2.61030671200024,2,1,NaN
21,3,2,0.328333333333333,3.58171701100036,4.57592299099997,2,1,NaN
21,1,4,0.421666666666667,1.7383211840006,2.50978397600011,2,1,NaN
21,3,2,0.55,1.5007003160008,2.35901022500002,2,1,NaN
21,2,3,0.645,1.58874415500031,2.16794005799966,2,1,NaN
21,3,3,0.64,1.94055481699979,2.49590027499835,2,1,NaN
21,4,2,0.77,1.15826397300043,1.79427686800045,2,1,NaN
21,3,4,0.653333333333333,1.55670935399939,2.20729661400037,2,1,NaN
21,4,4,0.816666666666667,1.52323760000036,2.19767067199973,2,1,NaN
21,4,2,0.578333333333333,1.79332906899981,3.99653718799891,2,1,NaN
21,2,2,0.953333333333333,0.997600194001279,1.94490648099963,2,1,NaN
21,2,2,0.901666666666667,1.19843075000063,2.02513078099946,2,1,NaN
21,4,4,0.556666666666667,1.28484423600094,2.12663073300064,2,1,NaN
21,3,3,0.991666666666667,1.89465233800001,3.12915612600045,2,1,NaN
21,2,2,0.826666666666667,1.08594673299922,1.98425880099967,2,1,NaN
21,3,2,0.683333333333333,1.62152493299982,2.71283421800035,2,1,NaN
21,4,2,0.748333333333333,1.0868996499994,4.793951018999,2,1,NaN
21,1,1,0.82,1.20301081300022,1.89415651300078,2,1,NaN
21,1,2,0.808333333333333,1.11735837699962,1.76087013799952,2,1,NaN
21,4,2,0.46,2.46130416599954,3.19251448499926,2,1,NaN
21,2,2,0.91,0.995434223999837,1.99903394000103,2,1,NaN
21,3,3,0.603333333333333,2.32876229499925,6.07585310800096,2,2,4
21,2,2,0.873333333333333,1.00063795099959,1.64427236399933,2,2,4
21,2,2,0.87,0.764998909000496,1.43203922599969,2,2,3
21,3,2,0.786666666666667,1.13108375699994,1.67893595700116,2,2,2
21,4,3,0.74,1.95078780299991,2.54595579399938,2,2,3
21,2,2,0.97,0.926863397000488,1.73799627900007,2,2,1
21,4,1,0.7,1.82403379700008,2.51483974700022,2,2,1
21,2,2,0.951666666666667,1.05747900800088,1.8124875070007,2,2,3
21,2,2,0.921666666666667,1.19953446100044,2.31393708900032,2,2,4
21,2,2,0.935,0.824975458001063,1.72415895199993,2,2,1
21,3,2,0.928333333333333,0.747316535998834,2.00659036599973,2,2,1
21,2,2,0.926666666666667,0.785808114000247,1.85298826100006,2,2,1
21,3,1,0.795,1.40672051399997,2.7462668950011,2,2,1
21,4,2,0.886666666666667,0.918165582999791,1.75218208799924,2,2,2
21,1,1,0.995,0.966226317999826,1.81816197300031,2,2,4
21,2,2,0.97,1.0292559770005,2.02316570400035,2,2,3
21,2,2,0.928333333333333,0.858675199999198,1.62086785899919,2,2,4
21,4,1,0.885,1.26467359399976,2.56355135199919,2,2,1
21,1,1,0.966666666666667,0.848738294000214,1.70770151299985,2,2,3
21,3,3,0.891666666666667,1.58697264699913,2.38140866899994,2,2,4
21,3,3,0.701666666666667,1.24208819799969,2.42112914400059,2,2,4
21,2,2,0.931666666666667,0.927511501999106,1.63377916200079,2,2,4
21,2,2,0.915,1.6205868649995,4.199109692001,2,2,3
21,4,2,0.835,2.49673051699938,3.77140950299872,2,2,2
21,2,2,0.896666666666667,0.942720012999416,1.78644788800011,2,2,1
21,4,2,0.58,2.44611228800022,3.24973719199988,2,2,2
21,4,2,0.786666666666667,1.169303536999,1.97264532100053,2,2,2
21,2,2,0.848333333333333,0.954025905999515,1.60420102599892,2,2,3
21,4,4,0.67,2.70508375099962,3.32443183299984,2,2,2
21,4,4,0.77,1.5045955659989,2.03621505299998,2,2,3
21,3,4,0.683333333333333,2.95011847599926,3.73775262599884,2,2,4
21,2,2,0.706666666666667,1.97359484800108,2.56846476700048,2,2,1
21,1,1,0.928333333333333,0.948601670999778,1.77587928499997,2,2,4
21,1,1,0.885,1.17285789299967,1.91215796200049,2,2,2
21,1,1,0.896666666666667,1.07098485300048,1.8729199369991,2,2,3
21,1,2,0.575,1.26538875900042,1.96523325300041,2,1,NaN
21,2,2,0.896666666666667,0.745041758000298,1.4848551619998,2,1,NaN
21,2,2,0.836666666666667,1.58963303799828,15.4335201079994,2,1,NaN
21,1,1,0.651666666666667,0.980185064001489,1.67091436900046,2,1,NaN
21,2,2,0.94,0.920200852000562,1.82792381400031,2,1,NaN
21,2,2,0.685,1.27006466199964,30.321329765,2,1,NaN
21,2,2,0.815,0.897992322999926,1.43638422199911,2,1,NaN
21,4,3,0.555,1.50369879000027,3.35440143099913,2,1,NaN
21,1,2,0.608333333333333,1.26324512599967,1.71472495299895,2,1,NaN
21,4,1,0.365,3.05704806200083,3.81260330000077,2,1,NaN
21,1,1,0.66,1.08468978400015,1.86355283299963,2,1,NaN
21,3,2,0.616666666666667,1.22542590199919,1.73243017799905,2,1,NaN
21,2,2,0.795,1.09878564099927,1.71004868399905,2,1,NaN
21,3,3,0.853333333333333,1.14858966099928,1.88050499899873,2,1,NaN
21,2,2,0.885,0.999770569000248,1.67511627599924,2,1,NaN
21,2,2,0.938333333333333,0.956356792999941,1.57614737800031,2,1,NaN
21,3,2,0.89,1.31671612599894,2.0792294899984,2,1,NaN
21,1,2,0.628333333333333,1.67153680800038,2.30702687399935,2,1,NaN
21,3,2,0.603333333333333,1.79420723099975,2.48398431799978,2,1,NaN
21,3,2,0.615,1.0448325640009,1.61646535399996,2,1,NaN
21,2,1,0.455,2.61914118800087,3.32513395000024,2,1,NaN
21,4,2,0.745,0.939421663999383,1.73430370200003,2,1,NaN
21,3,3,0.758333333333333,1.27708688600069,1.75097564099997,2,1,NaN
21,1,1,0.665,2.04544820200135,2.60026256600031,2,1,NaN
21,4,2,0.735,0.987691220001579,1.45515111500026,2,1,NaN
21,2,2,0.786666666666667,1.08067343599942,1.53964996300056,2,1,NaN
21,4,2,0.766666666666667,1.2664102029994,1.69444821399884,2,1,NaN
21,3,3,0.78,2.91763245100083,3.47272604600039,2,1,NaN
21,2,2,0.755,1.10375813100109,1.5472336290004,2,1,NaN
21,4,2,0.648333333333333,1.04872142000022,1.38670654599991,2,1,NaN
21,2,2,0.755,1.24028621700018,1.59599304100084,2,1,NaN
21,3,3,0.855,1.37524822100022,2.30696953599909,2,1,NaN
21,3,3,0.858333333333333,1.44963813100003,1.9172032360002,2,1,NaN
21,4,1,0.455,2.08393042599891,3.03817731500021,2,1,NaN
21,3,3,0.588333333333333,1.24735949799833,1.60268962999908,2,1,NaN
21,4,4,0.951666666666667,1.00283796100121,2.65311825500066,2,3,2
21,4,2,0.825,1.6865252610005,2.27333516400176,2,3,2
21,4,2,0.593333333333333,0.978089847001684,1.45362553300038,2,3,2
21,2,2,0.976666666666667,0.751272804000109,1.91380303799997,2,3,4
21,4,4,0.688333333333333,1.38512812800036,2.43593219800096,2,3,2
21,4,2,0.751666666666667,0.973524462000569,1.42432390000067,2,3,2
21,2,2,0.843333333333333,1.08449131599991,2.05542190300002,2,3,4
21,4,2,0.72,1.2170936980001,1.605003734001,2,3,2
21,4,2,0.643333333333333,1.0799058169996,1.51446738300001,2,3,2
21,2,2,0.976666666666667,0.658469210000476,1.22878506699999,2,3,4
21,2,2,0.998333333333333,0.712122687998999,1.50711716799924,2,3,4
21,4,4,0.795,1.07577417500033,1.51119506699979,2,3,2
21,4,2,0.908333333333333,0.685481365000669,1.28898652000134,2,3,2
21,2,2,0.925,0.898133221000535,1.41243927799951,2,3,4
21,4,2,0.781666666666667,1.68057316599879,3.21111932299937,2,3,2
21,2,2,0.981666666666667,0.74195367700122,1.6333055060004,2,3,4
21,4,2,0.735,1.29146354899967,2.1101189760011,2,3,2
21,2,2,0.955,0.750109496999357,1.58456949200081,2,3,4
21,4,2,0.951666666666667,0.74149639999996,1.51254347999929,2,3,2
21,4,4,0.928333333333333,1.02396542300085,2.14699494200067,2,3,2
21,4,4,0.696666666666667,1.12064379799995,1.86021282000002,2,3,2
21,4,2,0.845,1.06924078699922,1.60058369799845,2,3,2
21,2,2,0.935,0.691662744999121,1.32721211199896,2,3,4
21,2,2,0.626666666666667,1.41356443900077,1.77756933199998,2,3,4
21,4,4,0.631666666666667,1.2855954029983,1.71928579199994,2,3,2
21,4,4,0.93,0.695890447999773,1.25955185299972,2,3,2
21,4,2,0.861666666666667,0.732835759999944,1.23228159999962,2,3,2
21,2,2,0.891666666666667,0.85088940499918,1.55860129899884,2,3,4
21,2,2,0.765,1.7074897859984,2.24742599399906,2,3,4
21,2,2,0.945,0.648685350999585,1.67624525599967,2,3,4
21,4,4,0.628333333333333,2.01185727700067,2.45418919800068,2,3,2
21,4,4,0.915,1.21598391599946,1.80220590799945,2,3,2
21,4,2,0.903333333333333,0.670425108999552,1.28867263999928,2,3,2
21,4,2,0.788333333333333,0.738550751999355,1.25356622099935,2,3,2
21,2,2,0.953333333333333,0.680243957998755,1.42701656399913,2,3,4
21,2,2,0.821666666666667,0.911552670999299,1.86614598499909,2,1,NaN
21,3,3,0.913333333333333,1.06811561300128,1.98287538900149,2,1,NaN
21,1,1,0.721666666666667,1.07515015699937,1.52634812100041,2,1,NaN
21,3,1,0.48,1.50194431099953,2.16817034999985,2,1,NaN
21,1,1,0.705,1.37307049399897,1.76116252799875,2,1,NaN
21,1,1,0.765,0.749422549000883,1.23130448300071,2,1,NaN
21,4,2,0.863333333333333,1.12302623399955,1.59950912999921,2,1,NaN
21,4,2,0.666666666666667,1.25856624500011,1.73374119800064,2,1,NaN
21,4,3,0.371666666666667,1.8843079090002,2.35120795900002,2,1,NaN
21,3,3,0.626666666666667,1.667749111999,2.39166313500027,2,1,NaN
21,1,1,0.928333333333333,1.003209986,2.18916733900005,2,1,NaN
21,2,2,0.931666666666667,0.954344863001097,1.55677425800059,2,1,NaN
21,1,2,0.0633333333333333,0.962883050999153,3.58224456899916,2,1,NaN
21,1,1,0.91,1.35281308100093,2.13879250300124,2,1,NaN
21,4,2,0.825,1.24187027299922,1.88427649900041,2,1,NaN
21,3,1,0.863333333333333,1.66865658300048,2.35185722999995,2,1,NaN
21,3,3,0.886666666666667,1.7886737000008,2.27206015800039,2,1,NaN
21,4,3,0.921666666666667,1.04855743699954,1.5231042989999,2,1,NaN
21,2,1,0.533333333333333,1.63488317300107,2.19787698500113,2,1,NaN
21,1,3,0.476666666666667,2.76953465999941,3.48434480300057,2,1,NaN
21,2,2,0.873333333333333,1.48314640699937,1.99788302200068,2,1,NaN
21,1,1,0.703333333333333,1.9054318819999,4.18834581600095,2,1,NaN
21,1,1,0.653333333333333,1.3424754560001,1.85836448999908,2,1,NaN
21,3,3,0.708333333333333,1.43536221199975,1.86268339399976,2,1,NaN
21,4,4,0.67,1.44699989200126,1.91505753199999,2,1,NaN
21,3,2,0.686666666666667,2.54452639699957,2.98756723999941,2,1,NaN
21,2,2,0.931666666666667,1.3267277319992,2.37813874200037,2,1,NaN
21,1,2,0.61,1.9419160840007,3.20951814,2,1,NaN
21,4,2,0.64,1.37113187999967,1.80708538200088,2,1,NaN
21,1,1,0.803333333333333,1.78595052399942,2.45997899000031,2,1,NaN
21,2,1,0.438333333333333,1.2622195949989,1.80952616499962,2,1,NaN
21,1,1,0.455,2.31672186099968,2.83243390699863,2,1,NaN
21,4,2,0.588333333333333,1.23277478500131,1.61993433300086,2,1,NaN
21,4,4,0.561666666666667,3.86282027900052,5.00976413699937,2,1,NaN
21,4,3,0.451666666666667,2.49814564400003,3.02075517900084,2,1,NaN
21,1,1,0.943333333333333,1.15518914300083,2.0941143100008,2,2,2
21,4,1,0.751666666666667,1.41373435300011,2.00879347099908,2,2,1
21,4,4,0.665,2.14004647799993,2.59856828900047,2,2,3
21,2,2,0.931666666666667,0.938036735000424,1.60463335999884,2,2,1
21,1,1,0.778333333333333,1.1367799339987,1.70823740099877,2,2,4
21,2,2,0.921666666666667,1.13988113499909,1.91830895599924,2,2,3
21,4,3,0.86,1.27800773499985,1.7523903679994,2,2,3
21,4,4,0.903333333333333,1.19837457600079,1.69676292400072,2,2,3
21,3,3,0.965,1.02589633300158,1.61197940600141,2,2,1
21,3,3,0.501666666666667,2.60011913999915,3.12337635999938,2,2,4
21,2,2,0.665,2.09644989700064,2.6525183570011,2,2,3
21,2,2,0.925,1.13264221600002,2.10410133400001,2,2,3
21,4,3,0.91,1.5349730300004,2.01051912900039,2,2,3
21,3,3,0.905,0.996211884999866,1.45579703600015,2,2,4
21,2,4,0.838333333333333,1.23348779799926,1.76554652199957,2,2,4
21,3,3,0.915,1.23428547000003,1.8599496629995,2,2,2
21,2,2,0.823333333333333,2.11097622300076,2.49713764400076,2,2,1
21,1,2,0.738333333333333,1.10439870599839,1.53174611399845,2,2,2
21,1,1,0.798333333333333,0.986302045001139,1.43674006100082,2,2,4
21,3,2,0.728333333333333,1.40055988400127,1.93127850200108,2,2,2
21,3,3,0.935,1.52138467399891,2.60421748299996,2,2,4
21,3,3,0.953333333333333,1.03966343799948,1.69903201299894,2,2,2
21,4,4,0.811666666666667,2.4179472729993,3.02890620700055,2,2,1
21,4,1,0.578333333333333,3.21434863600007,3.68145381100112,2,2,1
21,4,3,0.608333333333333,2.78382091300045,3.53834779200042,2,2,3
21,4,1,0.715,1.31928050100032,1.9628293679998,2,2,1
21,4,1,0.616666666666667,1.93484971499856,2.33700026399856,2,2,1
21,4,4,0.903333333333333,1.1117176860007,1.57070914799988,2,2,2
21,4,4,0.776666666666667,0.911868529001367,1.39574559300127,2,2,1
21,3,3,0.921666666666667,1.6473575989985,2.30628280899873,2,2,1
21,2,2,0.886666666666667,1.11348073299996,1.87772879600016,2,2,1
21,4,2,0.881666666666667,2.35708389200045,2.86473045800085,2,2,2
21,2,3,0.911666666666667,1.71977579700069,2.57797141500123,2,2,3
21,3,3,0.893333333333333,1.19076626199967,1.73643850100052,2,2,1
21,2,2,0.888333333333333,1.14376037800139,1.85111266600143,2,2,1
21,3,3,0.891666666666667,1.17664261800019,1.85072088299967,2,3,1
21,1,3,0.971666666666667,0.869489256998349,1.56924347799941,2,3,3
21,3,3,0.616666666666667,2.14149116899898,2.70473576299992,2,3,1
21,3,3,0.903333333333333,0.839181433000704,1.45881592099977,2,3,1
21,1,1,0.701666666666667,1.52472525800113,1.98271208300139,2,3,3
21,3,3,0.8,0.90812083200035,1.38319839999895,2,3,1
21,3,3,0.935,0.779805489000864,1.59161874900019,2,3,1
21,1,1,0.953333333333333,0.65960491900114,1.69361062400094,2,3,3
21,1,1,0.96,0.694856828000411,1.58438842000032,2,3,3
21,3,3,0.958333333333333,0.63845269400008,1.52944943799957,2,3,1
21,3,3,0.935,1.28789712599973,1.78643826299958,2,3,1
21,3,3,0.938333333333333,0.854781909998565,1.8732306339989,2,3,1
21,1,1,0.69,2.21166977100074,2.6221511549993,2,3,3
21,3,3,0.888333333333333,0.704867929000102,1.20269252000071,2,3,1
21,3,3,0.85,0.727894353000011,1.17985127099928,2,3,1
21,1,1,0.721666666666667,0.784230130999276,1.21012182699997,2,3,3
21,1,1,0.876666666666667,0.822576934000608,1.84145630400053,2,3,3
21,1,1,0.888333333333333,1.06044588300028,1.99829955799942,2,3,3
21,1,1,0.935,0.938929427999028,1.70230592299959,2,3,3
21,3,3,0.925,0.813914543999999,1.77654884100048,2,3,1
21,1,1,0.895,0.909580973000629,2.26471735599989,2,3,3
21,1,1,0.95,0.889204955999958,1.99643431599907,2,3,3
21,3,3,0.7,1.21626895200097,2.03414815900032,2,3,1
21,3,3,0.953333333333333,0.757208125000034,1.53610082500018,2,3,1
21,3,3,0.94,0.782369406999351,1.51419722199898,2,3,1
21,1,1,0.603333333333333,0.984821579999334,1.40395707199968,2,3,3
21,1,3,0.743333333333333,1.68863330900058,2.44299051099915,2,3,3
21,1,3,0.813333333333333,1.46928791300161,2.02504892200159,2,3,3
21,1,1,0.946666666666667,0.707044197000869,1.50130559200079,2,3,3
21,1,1,0.746666666666667,0.718101678001403,1.25719184500122,2,3,3
21,1,1,0.765,0.754924322000079,1.3347073169989,2,3,3
21,1,1,0.936666666666667,0.773255571999471,1.30416056299873,2,3,3
21,1,1,0.948333333333333,0.600300587000675,1.48351265900055,2,3,3
21,3,3,0.898333333333333,0.932504690999849,1.73479648799912,2,3,1
21,3,1,0.68,1.25370325299991,1.80904417199963,2,3,1
22,3,3,0.766666666666667,1.43654951099961,2.55156055499901,2,3,2
22,2,2,0.85,1.035814294999,1.78265353999814,2,3,3
22,3,3,0.851666666666667,1.06716850099838,2.01502131799862,2,3,2
22,2,2,0.536666666666667,1.47297300199716,3.18948500999977,2,3,3
22,2,2,0.501666666666667,1.38303357099721,1.90637104099733,2,3,3
22,2,2,0.706666666666667,1.10582513600093,1.97404006099896,2,3,3
22,2,2,0.5,1.30630273099814,1.77243142999941,2,3,3
22,2,2,0.666666666666667,1.01758090300063,1.65389487799985,2,3,3
22,3,3,0.606666666666667,1.08703473399873,1.89726650000011,2,3,2
22,2,2,0.728333333333333,1.7216534170002,3.77233997999792,2,3,3
22,2,2,0.771666666666667,1.33591717799936,2.62559058899933,2,3,3
22,3,3,0.543333333333333,1.37968264099982,2.37509211900033,2,3,2
22,2,2,0.856666666666667,1.11555882700122,2.18199079199985,2,3,3
22,3,3,0.86,1.17817379299959,2.32457290099774,2,3,2
22,2,2,0.881666666666667,1.1083573270007,1.79070191900246,2,3,3
22,2,2,0.74,1.15536716299903,1.78217430499717,2,3,3
22,3,2,0.643333333333333,1.92285839599936,2.95809475300121,2,3,2
22,3,3,0.698333333333333,1.12225599500016,1.7180787340003,2,3,2
22,3,3,0.565,1.09257116799927,1.7683826930006,2,3,2
22,3,3,0.501666666666667,1.60511856300218,1.97579323500031,2,3,2
22,2,2,0.501666666666667,1.22853617000146,1.57680255500236,2,3,3
22,2,2,0.648333333333333,0.965518282002449,1.74436996000077,2,3,3
22,3,3,0.793333333333333,0.93434415700176,2.0890799230001,2,3,2
22,2,3,0.618333333333333,1.09697431299719,1.78059470799781,2,3,3
22,3,2,0.546666666666667,1.33661633700103,2.62748469099824,2,3,2
22,2,2,0.578333333333333,1.44608534699728,2.1202926349979,2,3,3
22,2,2,0.626666666666667,1.46294350599783,2.32938737400036,2,3,3
22,3,3,0.815,0.896320625000953,4.03585110799759,2,3,2
22,2,2,0.558333333333333,2.59545521300242,3.43797505400289,2,3,3
22,2,2,0.563333333333333,1.07037026300168,1.75419243100259,2,3,3
22,2,2,0.661666666666667,1.75961087299947,3.55568802699781,2,3,3
22,3,3,0.803333333333333,0.982505091000348,1.72192133399949,2,3,2
22,2,3,0.501666666666667,1.72002974899806,2.12306647699734,2,3,3
22,3,3,0.501666666666667,1.28980634099935,1.58066700400013,2,3,2
22,2,2,0.6,0.993655954996939,1.86930348999886,2,3,3
22,3,3,0.796666666666667,1.55490852900039,2.30124014199828,2,2,1
22,3,3,0.74,1.85261656799776,2.81648913800018,2,2,4
22,1,1,0.748333333333333,6.8501661420014,9.54979579000064,2,2,2
22,1,3,0.756666666666667,2.70657115499853,7.90985351999916,2,2,3
22,3,2,0.793333333333333,1.30247544400117,2.76986106700133,2,2,2
22,4,3,0.865,2.68579834600314,3.56981509999969,2,2,3
22,1,1,0.961666666666667,1.42840203000014,2.43150731400237,2,2,3
22,2,2,0.568333333333333,1.84878425400166,2.57193245400049,2,2,3
22,2,2,0.955,2.60003794799923,3.89186643699941,2,2,1
22,2,2,0.536666666666667,2.75347863000206,3.80364049700074,2,2,3
22,1,4,0.526666666666667,3.58135925299939,5.39291791099822,2,2,4
22,2,2,0.521666666666667,2.26472869300051,2.85298887700264,2,2,3
22,4,3,0.501666666666667,4.81286745199759,5.22432023399961,2,2,3
22,4,2,0.585,4.52713396000036,5.39453962900006,2,2,2
22,4,4,0.736666666666667,3.13086878600006,4.22895016199982,2,2,1
22,4,2,0.623333333333333,1.78195194999716,2.63315893899926,2,2,2
22,1,1,0.54,5.02686742000151,6.10111090599821,2,2,3
22,4,4,0.535,3.48826443200232,4.54068124400146,2,2,3
22,1,1,0.501666666666667,10.4147638699978,11.3715416909981,2,2,4
22,1,1,0.501666666666667,3.04352091600231,3.33421131700015,2,2,2
22,3,3,0.918333333333333,1.33115162700051,2.64735348699833,2,2,4
22,1,1,0.501666666666667,4.20636496299994,4.57719166500101,2,2,4
22,4,3,0.586666666666667,2.84344585999861,3.82926399799908,2,2,3
22,1,1,0.451666666666667,2.78981762900003,3.72880869599976,2,2,2
22,1,1,0.571666666666667,2.72564443900046,3.68908444599947,2,2,2
22,2,2,0.75,1.1749439180021,2.3058580370016,2,2,1
22,1,1,0.501666666666667,3.69712365899977,3.98794952800017,2,2,4
22,2,2,0.808333333333333,1.23846970000159,2.68105322200063,2,2,3
22,1,2,0.501666666666667,2.70484527900044,2.97219209700052,2,2,2
22,2,2,0.87,2.11182190199906,3.25933074099885,2,2,4
22,4,1,0.501666666666667,2.91414630900181,3.22061745200335,2,2,1
22,2,2,0.983333333333333,1.4951929609997,3.41074426100022,2,2,1
22,4,3,0.635,4.62820312999975,5.37441870700059,2,2,3
22,3,3,0.776666666666667,2.06429984300121,3.84246642500148,2,2,4
22,1,1,0.955,1.46780586399836,3.27130301199941,2,2,2
22,1,1,0.59,2.1327075199988,5.0068231869991,2,1,NaN
22,4,4,0.806666666666667,1.32776816600017,4.39566306699999,2,1,NaN
22,2,3,0.643333333333333,1.55601069600016,2.95095699299782,2,1,NaN
22,2,2,0.691666666666667,1.34754459000033,2.06124494599862,2,1,NaN
22,4,2,0.411666666666667,1.30319797300035,3.83476488299857,2,1,NaN
22,4,4,0.56,1.42659868999908,2.1568279589992,2,1,NaN
22,4,2,0.543333333333333,2.19443917299941,2.83060346999991,2,1,NaN
22,2,2,0.745,1.15862239800117,2.18702972900064,2,1,NaN
22,1,1,0.673333333333333,1.57352896199882,9.53594570399946,2,1,NaN
22,1,3,0.468333333333333,3.62251932200161,5.47329492000063,2,1,NaN
22,4,4,0.553333333333333,1.34279597500063,2.00285496900324,2,1,NaN
22,2,2,0.75,1.12492801700137,2.09674059900135,2,1,NaN
22,1,1,0.501666666666667,1.68788202499854,2.01819560199874,2,1,NaN
22,1,2,0.566666666666667,1.08541595200222,2.19241092100128,2,1,NaN
22,3,4,0.501666666666667,1.67649678100133,2.1685060330019,2,1,NaN
22,3,3,0.67,1.26083014699907,2.16726340300011,2,1,NaN
22,1,3,0.361666666666667,4.23632560999977,5.28712532700229,2,1,NaN
22,2,2,0.658333333333333,1.1154741600003,1.87800842900106,2,1,NaN
22,3,2,0.36,2.96699528799945,4.01809820700146,2,1,NaN
22,1,1,0.501666666666667,1.64233225499993,2.03715089300022,2,1,NaN
22,1,1,0.501666666666667,2.0958237340019,2.37074252900129,2,1,NaN
22,1,1,0.668333333333333,1.75024321399906,2.43435393099935,2,1,NaN
22,2,2,0.501666666666667,1.61152614299863,1.87004271600017,2,1,NaN
22,4,2,0.501666666666667,1.5914016070019,1.76184566400116,2,1,NaN
22,1,1,0.788333333333333,1.31952761700086,2.21781710499999,2,1,NaN
22,3,2,0.388333333333333,1.71701210399988,2.42431342599957,2,1,NaN
22,1,1,0.673333333333333,1.40254434899907,2.02993258900096,2,1,NaN
22,4,3,0.666666666666667,1.39203524899858,2.25875116599855,2,1,NaN
22,1,2,0.501666666666667,1.26001507099863,1.61490135499844,2,1,NaN
22,3,2,0.565,1.20257106799909,1.80585950499881,2,1,NaN
22,3,3,0.61,1.45748426700084,2.29265260800094,2,1,NaN
22,3,2,0.681666666666667,1.27591860699977,2.0550231749985,2,1,NaN
22,1,1,0.741666666666667,3.18424739499824,4.41148586499912,2,1,NaN
22,1,1,0.501666666666667,1.74838657899818,2.19032243800029,2,1,NaN
22,4,2,0.52,2.65955508000116,3.27735949400085,2,1,NaN
22,2,2,0.743333333333333,2.81510687099944,4.60184149699853,2,1,NaN
22,4,2,0.253333333333333,1.45034746699821,2.55638774999898,2,1,NaN
22,3,3,0.626666666666667,1.57793769400087,4.02836966399991,2,1,NaN
22,4,3,0.618333333333333,1.45386242899986,2.36003949299993,2,1,NaN
22,1,1,0.536666666666667,1.22187901600046,2.08861384099873,2,1,NaN
22,2,2,0.631666666666667,1.25683886699699,2.43624395899678,2,1,NaN
22,4,2,0.501666666666667,1.40609893500005,1.70607894699788,2,1,NaN
22,3,2,0.373333333333333,2.36850063699967,3.29226401499909,2,1,NaN
22,1,1,0.448333333333333,1.63444398399952,2.53423674499936,2,1,NaN
22,2,2,0.501666666666667,1.20371620500009,1.50938780800061,2,1,NaN
22,1,1,0.511666666666667,1.2468287169977,2.11308932099928,2,1,NaN
22,4,1,0.501666666666667,2.1762540339987,2.458789676999,2,1,NaN
22,3,3,0.551666666666667,1.34851316599816,1.95093799499955,2,1,NaN
22,3,3,0.655,1.13291410999955,1.91176701999939,2,1,NaN
22,4,2,0.435,1.5589276890023,2.19337746200108,2,1,NaN
22,4,1,0.405,1.41415298399806,2.40015295799822,2,1,NaN
22,2,2,0.745,1.05148729799839,2.35110496099878,2,1,NaN
22,2,2,0.816666666666667,0.996067653999489,1.76785780600039,2,1,NaN
22,4,2,0.501666666666667,1.3957408310016,1.72669687500093,2,1,NaN
22,1,1,0.533333333333333,1.87878217099933,2.5776910099994,2,1,NaN
22,3,3,0.595,1.39648951700292,2.07286376100092,2,1,NaN
22,1,1,0.438333333333333,3.46502998399956,4.68424247999792,2,1,NaN
22,1,2,0.501666666666667,3.55264326099859,4.87592535099975,2,1,NaN
22,2,2,0.526666666666667,1.39371990500149,1.86976477899952,2,1,NaN
22,4,4,0.896666666666667,2.34984559200166,4.03260820200012,2,1,NaN
22,1,2,0.378333333333333,1.5843728089967,2.77104669499749,2,1,NaN
22,3,3,0.476666666666667,1.33557428300264,2.70755414200175,2,1,NaN
22,1,3,0.415,1.40973911399851,2.42030631200032,2,1,NaN
22,4,4,0.523333333333333,1.36652786000195,2.01719840300211,2,1,NaN
22,3,3,0.501666666666667,2.50891003700235,3.06456197600346,2,1,NaN
22,1,3,0.273333333333333,1.59175139500076,4.17101496699979,2,1,NaN
22,2,2,0.571666666666667,2.53259652400084,3.43263496800137,2,1,NaN
22,1,1,0.501666666666667,2.40054792400042,2.96292746600011,2,1,NaN
22,2,2,0.51,2.11120946899973,3.17108361599821,2,1,NaN
22,1,1,0.576666666666667,1.55836888900012,2.79323663600007,2,1,NaN
22,4,4,0.905,2.67495336999855,3.83907437899688,2,2,2
22,3,3,0.895,1.75827180799752,2.76140262199988,2,2,1
22,3,3,0.926666666666667,1.15759373699984,2.14353964099791,2,2,2
22,3,3,0.898333333333333,1.86213744199995,2.69754886799637,2,2,4
22,3,3,0.94,1.35979745100121,2.32247837800242,2,2,4
22,4,4,0.923333333333333,2.05706332400223,3.0688900660025,2,2,2
22,1,1,0.94,1.36368152499927,2.84609234899835,2,2,4
22,3,3,0.96,1.46279005299948,2.89744391400018,2,2,1
22,2,2,0.531666666666667,1.99232169000243,3.39566323100007,2,2,3
22,4,4,0.851666666666667,1.76505567899949,2.52859117700064,2,2,1
22,3,3,0.881666666666667,1.60587139999916,2.52054344499993,2,2,1
22,2,2,0.531666666666667,1.60710474100051,2.32210441500138,2,2,3
22,1,3,0.486666666666667,2.75259641999946,3.46063932299876,2,2,3
22,4,1,0.501666666666667,7.37156869299724,7.70984659799797,2,2,1
22,4,2,0.501666666666667,3.08015270100077,3.23384440399968,2,2,2
22,4,1,0.533333333333333,2.2678249160017,2.84773835500164,2,2,1
22,1,1,0.746666666666667,2.35148501799995,3.29062818700186,2,2,4
22,3,1,0.775,1.66512481999962,3.36465299799966,2,2,1
22,1,1,0.891666666666667,1.39160442099819,2.18720778200077,2,2,4
22,1,1,0.89,1.3107659390007,2.17801760300063,2,2,2
22,4,2,0.838333333333333,1.62956346400097,2.34343172400258,2,2,2
22,1,1,0.956666666666667,3.01352344999759,4.29634312599956,2,2,4
22,4,1,0.501666666666667,2.54215690500132,2.84113067699946,2,2,1
22,2,2,0.68,1.58669069800089,2.75780047099761,2,2,1
22,1,1,0.75,2.21800930200334,3.36477888400259,2,2,3
22,2,2,0.565,2.58448617700196,3.36310801500076,2,2,4
22,2,2,0.663333333333333,2.2790834610023,3.12138645400046,2,2,1
22,1,1,0.868333333333333,5.37542041999768,6.97110323499874,2,2,4
22,2,2,0.978333333333333,1.33839868399809,2.25361828200039,2,2,1
22,2,2,0.96,1.17413932399722,2.45724370699827,2,2,1
22,1,1,0.971666666666667,1.70673991500007,3.18167165200066,2,2,4
22,1,1,0.99,1.53616163200059,2.85982240199883,2,2,3
22,4,4,0.525,3.28389755400349,4.47942067200347,2,2,1
22,4,4,0.645,2.1329185680006,3.28705450900088,2,2,1
22,4,4,0.758333333333333,2.59885316999862,4.23380057900067,2,2,1
22,1,1,0.501666666666667,2.71236600500197,3.73897833000228,2,3,4
22,1,1,0.76,2.72781046500313,3.79383039300228,2,3,4
22,1,1,0.521666666666667,1.81274253599986,2.79113329599932,2,3,4
22,1,1,0.786666666666667,1.59467787199901,2.70917760199882,2,3,4
22,4,1,0.501666666666667,2.40527297100198,2.79988553000294,2,3,1
22,1,1,0.75,1.24242341200079,2.10154442500061,2,3,4
22,4,4,0.683333333333333,1.7093603070025,4.92014764600026,2,3,1
22,1,1,0.803333333333333,1.08394940899962,2.08586326899967,2,3,4
22,4,4,0.745,1.82292211000095,3.00155277600061,2,3,1
22,4,4,0.781666666666667,1.72423320899907,2.65517917000034,2,3,1
22,4,4,0.773333333333333,1.44819876899783,3.05963435599915,2,3,1
22,4,4,0.776666666666667,1.20357610100109,1.97498049000205,2,3,1
22,4,4,0.788333333333333,0.955010355999548,1.64739885699964,2,3,1
22,1,1,0.776666666666667,1.31244933200287,2.33057523000025,2,3,4
22,4,4,0.566666666666667,2.95318502800001,8.98098384100012,2,3,1
22,4,4,0.78,1.2651976039997,2.13171941399924,2,3,1
22,1,1,0.501666666666667,1.31440027500139,1.77447854000275,2,3,4
22,1,1,0.793333333333333,2.13017980600125,3.73427289900064,2,3,4
22,4,4,0.741666666666667,1.20147320199976,2.97228825899947,2,3,1
22,1,1,0.743333333333333,1.13639243100261,2.1624638659996,2,3,4
22,4,4,0.685,1.10412209599963,1.89019602400003,2,3,1
22,4,1,0.501666666666667,2.33206541399704,3.45428876399819,2,3,1
22,1,1,0.771666666666667,1.14261177499793,1.94613237399972,2,3,4
22,1,1,0.776666666666667,1.23152488000051,2.29082682100125,2,3,4
22,4,4,0.536666666666667,2.00982929900056,3.3812590009984,2,3,1
22,1,4,0.501666666666667,1.4481473290034,1.69004926500202,2,3,4
22,4,4,0.615,1.83538323600078,2.7508910760007,2,3,1
22,1,1,0.908333333333333,1.31522698900153,2.89304863399957,2,3,4
22,1,1,0.758333333333333,1.50964258400199,3.23213111199948,2,3,4
22,4,4,0.54,1.84953073399811,2.50836224099839,2,3,1
22,4,4,0.568333333333333,1.19474911699945,1.98263622300146,2,3,1
22,4,4,0.748333333333333,0.994159901001694,2.02917866799908,2,3,1
22,1,1,0.651666666666667,1.06322500300303,1.7793701360024,2,3,4
22,1,1,0.776666666666667,0.999032396000985,2.15399139800138,2,3,4
22,1,1,0.763333333333333,0.950934838998364,1.73882806500114,2,3,4
22,2,1,0.501666666666667,7.6816555080004,9.64471313299873,2,3,1
22,2,2,0.741666666666667,1.24680853300015,2.10587545499948,2,3,1
22,1,2,0.501666666666667,1.08907726100006,1.48428313600016,2,3,2
22,1,1,0.501666666666667,1.50076628600073,1.60706122000192,2,3,2
22,2,2,0.563333333333333,1.20409352700153,1.93473347600229,2,3,1
22,2,2,0.741666666666667,0.828632004002429,1.93609652600207,2,3,1
22,1,1,0.628333333333333,1.09449946099994,2.11244959800024,2,3,2
22,2,2,0.695,1.4323193229975,2.17126347999874,2,3,1
22,2,2,0.78,1.33574798100017,2.13125685299747,2,3,1
22,2,2,0.885,1.28851008100173,2.41154081300192,2,3,1
22,2,2,0.575,1.16624803100058,1.78554456799975,2,3,1
22,1,1,0.741666666666667,1.02182227400044,2.24042077500053,2,3,2
22,1,1,0.803333333333333,1.89907557400147,3.07760856800087,2,3,2
22,2,2,0.785,1.47713613199812,2.98511522400077,2,3,1
22,1,1,0.758333333333333,1.17158864099838,2.43776315099967,2,3,2
22,2,2,0.595,0.984150184998725,1.65172666799845,2,3,1
22,2,2,0.745,1.00548229700144,2.0729406490027,2,3,1
22,2,2,0.816666666666667,4.52876203499909,6.30844917500144,2,3,1
22,2,2,0.745,0.966341406001447,1.54577550600152,2,3,1
22,1,1,0.501666666666667,1.24762847199963,1.33162966600139,2,3,2
22,2,2,0.59,1.15423987000031,1.48412389200166,2,3,1
22,1,2,0.535,1.32430763000229,1.90392197899928,2,3,2
22,2,2,0.741666666666667,0.871241385997564,1.77149963499687,2,3,1
22,1,1,0.576666666666667,1.09580989899769,1.73114067200004,2,3,2
22,1,1,0.706666666666667,1.0648744809987,2.1159512569975,2,3,2
22,2,2,0.721666666666667,1.21063225699982,2.21469369599799,2,3,1
22,2,2,0.663333333333333,1.22485249500096,1.81884622500002,2,3,1
22,2,2,0.748333333333333,1.09438730799957,1.90643132900004,2,3,1
22,1,2,0.686666666666667,1.55276472600235,2.07552153900178,2,3,2
22,2,2,0.758333333333333,1.12431279399971,2.00675794500057,2,3,1
22,1,1,0.541666666666667,1.1300862829994,1.60442767399945,2,3,2
22,1,2,0.536666666666667,1.76133293900057,2.42885560099967,2,3,2
22,1,1,0.748333333333333,1.19029327300086,2.00816661900171,2,3,2
22,1,1,0.808333333333333,1.45200767700226,2.38442828199913,2,3,2
22,1,1,0.501666666666667,1.39527705100045,2.49335046299893,2,3,2
22,4,4,0.558333333333333,1.40444112000114,2.68816464400152,2,1,NaN
22,1,1,0.58,1.14356897700054,1.67387395100013,2,1,NaN
22,1,1,0.501666666666667,2.34703222299868,2.72688985399873,2,1,NaN
22,1,1,0.423333333333333,1.78031421100241,2.7440620769994,2,1,NaN
22,2,2,0.565,1.40481175799869,2.00688789999913,2,1,NaN
22,1,2,0.501666666666667,1.7317401629989,11.0620988689989,2,1,NaN
22,4,4,0.603333333333333,1.20615479299886,2.52865087700047,2,1,NaN
22,3,3,0.763333333333333,1.54276443499839,2.44960659500066,2,1,NaN
22,2,2,0.501666666666667,1.91448328400293,2.34142585300287,2,1,NaN
22,2,2,0.501666666666667,1.747272831999,1.87090862399782,2,1,NaN
22,2,2,0.636666666666667,1.23137035900072,1.64210284600267,2,1,NaN
22,4,4,0.611666666666667,1.33313993499905,2.18316980799864,2,1,NaN
22,3,2,0.501666666666667,1.52437187100077,1.93620720300169,2,1,NaN
22,2,2,0.551666666666667,1.58148595999955,2.3128936840003,2,1,NaN
22,3,3,0.631666666666667,1.01453850799953,2.04988708599922,2,1,NaN
22,2,2,0.783333333333333,1.38718802800213,17.7103748520021,2,1,NaN
22,4,4,0.513333333333333,1.19688973699886,1.87211453499913,2,1,NaN
22,4,2,0.528333333333333,1.11309909399642,1.8993161929975,2,1,NaN
22,2,2,0.526666666666667,1.12359161799759,1.69578357799764,2,1,NaN
22,4,4,0.755,1.09520070600047,2.2504180399992,2,1,NaN
22,1,4,0.56,1.85929044799923,2.4061666460002,2,1,NaN
22,4,2,0.501666666666667,1.3855352669998,1.48375403200043,2,1,NaN
22,1,1,0.468333333333333,2.80520595200142,4.55942868700004,2,1,NaN
22,3,4,0.58,8.80277574499996,10.6385671370008,2,1,NaN
22,3,3,0.723333333333333,2.93399232400043,5.11347184400074,2,1,NaN
22,4,4,0.48,6.44371151599989,7.29467938700327,2,1,NaN
22,2,2,0.79,1.20907737699963,2.78034475000095,2,1,NaN
22,3,3,0.591666666666667,1.47110294100275,1.99365838700032,2,1,NaN
22,4,2,0.37,1.46274608600288,2.72999270900254,2,1,NaN
22,4,4,0.418333333333333,2.3025075029982,3.30531752599927,2,1,NaN
22,4,4,0.5,6.49565306699878,7.0507947699989,2,1,NaN
22,2,2,0.38,3.09458898299999,4.29011890499896,2,1,NaN
22,3,3,0.656666666666667,1.34317619400099,2.05921550300263,2,1,NaN
22,2,2,0.738333333333333,1.22037183000066,2.02390867199938,2,1,NaN
22,4,4,0.501666666666667,1.52998031500101,1.91796056300154,2,1,NaN
22,3,3,0.87,1.6423165160013,2.48518803399929,2,2,1
22,3,3,0.865,1.54972486100087,3.19219995000094,2,2,4
22,3,3,0.835,1.41164042699893,2.33407226000054,2,2,2
22,1,1,0.87,2.41200701500202,10.3584691870019,2,2,4
22,3,3,0.853333333333333,1.80318281699874,7.42983853899932,2,2,1
22,1,1,0.756666666666667,8.5795229050018,10.7584418980005,2,2,3
22,2,2,0.791666666666667,1.40960164900025,2.26056588999927,2,2,4
22,2,2,0.775,1.64425697700062,2.93504553299863,2,2,3
22,4,4,0.611666666666667,7.8359296009985,9.47940163899693,2,2,1
22,2,2,0.773333333333333,1.37571960100104,2.01070076000178,2,2,4
22,4,1,0.506666666666667,3.20523732300353,3.70355286300037,2,2,1
22,1,1,0.958333333333333,1.79763039799946,3.2661472869986,2,2,2
22,4,4,0.94,1.64006980500199,2.93897653200111,2,2,3
22,1,1,0.898333333333333,4.20040626599803,5.48329200599983,2,2,4
22,2,2,0.565,2.41561766800078,2.90743894300249,2,2,3
22,2,2,0.756666666666667,2.40108388199951,3.10860277399843,2,2,3
22,2,2,0.783333333333333,3.09892623199994,4.49296638400119,2,2,1
22,4,4,0.738333333333333,1.43503146199873,2.43821692799975,2,2,2
22,2,2,0.826666666666667,1.75959581500138,2.74669593599901,2,2,3
22,4,4,0.945,1.65475875600168,2.69725343100072,2,2,2
22,4,4,0.871666666666667,1.0890322990017,9.55600677400071,2,2,2
22,4,4,0.863333333333333,1.16860509199978,2.61996780000118,2,2,2
22,3,3,0.851666666666667,1.64596714700019,2.55253469700256,2,2,4
22,2,2,0.855,1.42238253799951,2.26603599900045,2,2,1
22,1,2,0.881666666666667,2.07389861200136,3.11770822900144,2,2,2
22,1,1,0.903333333333333,1.20279188999848,2.0777856929999,2,2,4
22,2,2,0.885,1.17349051999918,1.81719278400124,2,2,4
22,1,1,0.886666666666667,1.10738747800133,2.23773470000015,2,2,3
22,2,2,0.881666666666667,1.68043283500083,2.57902463899882,2,2,1
22,3,3,0.876666666666667,1.63151311600086,2.58711160500025,2,2,4
22,2,2,0.811666666666667,14.4461082050002,15.4729086739972,2,2,3
22,3,3,0.758333333333333,1.29036994499984,1.88694789099827,2,2,1
22,2,2,0.885,1.31770508200134,2.07285598900125,2,2,1
22,3,3,0.501666666666667,2.84045213700301,3.03478360000008,2,2,4
22,2,2,0.818333333333333,1.1569155770012,1.96839873299905,2,2,4
22,2,2,0.886666666666667,1.86227001699808,2.61739233399931,2,2,1
22,4,3,0.253333333333333,1.36281844699988,20.1986079199996,2,2,1
22,4,4,0.89,1.47061912299978,3.40868792900073,2,2,3
22,2,2,0.766666666666667,1.43527009999889,2.79895226299777,2,2,1
22,1,1,0.786666666666667,1.440714321001,2.14025230000334,2,2,2
22,3,4,0.803333333333333,2.41781958199863,3.14153617600095,2,2,4
22,4,4,0.645,0.906186767999316,1.88490558500052,2,2,1
22,4,3,0.858333333333333,1.30150494999907,2.05656491799891,2,2,3
22,2,2,0.763333333333333,1.97813766000036,3.52440485499756,2,2,3
22,3,3,0.508333333333333,2.00173837799957,2.55003697099892,2,2,1
22,3,3,0.751666666666667,1.60231490300066,3.21402273800049,2,2,1
22,2,2,0.81,4.67807972500304,6.6501319270028,2,2,1
22,2,2,0.81,1.50178728099854,2.35313355299877,2,2,3
22,2,2,0.933333333333333,1.47812968799917,2.56923902400013,2,2,1
22,2,2,0.906666666666667,2.32550558200091,3.29660046199933,2,2,1
22,1,1,0.72,1.25425193200135,2.17773313300131,2,2,2
22,3,3,0.821666666666667,1.81344194100166,2.8486883580008,2,2,4
22,4,4,0.541666666666667,1.44929599700117,3.28434059500069,2,2,3
22,3,3,0.578333333333333,1.33878112599996,2.70921167400229,2,2,2
22,3,3,0.501666666666667,16.9800917419998,18.4164504479995,2,2,2
22,1,1,0.501666666666667,4.6799150279985,4.79408460899867,2,2,4
22,1,1,0.565,1.22786436800016,2.1183007940017,2,2,2
22,3,3,0.551666666666667,1.74124839000069,2.72116249700048,2,2,2
22,1,3,0.501666666666667,5.55897366000136,5.72175499400328,2,2,3
22,3,3,0.536666666666667,3.07671323600152,3.68027595899912,2,2,4
22,4,4,0.708333333333333,1.10925566700098,1.76080225899932,2,2,1
22,2,3,0.611666666666667,9.79802598899914,10.3784926529988,2,2,3
22,2,2,0.675,1.13975371400011,1.81602464200114,2,2,3
22,2,2,0.501666666666667,1.48871112000052,5.50782086099935,2,2,3
22,2,2,0.858333333333333,2.35922812100034,5.3373401889985,2,2,4
22,2,2,0.858333333333333,1.7491002200004,3.32869423800003,2,2,3
22,1,1,0.838333333333333,1.28473887399741,2.20694168099726,2,2,4
22,2,2,0.863333333333333,1.52299013800075,2.22132142100236,2,2,1
22,1,1,0.856666666666667,1.55279206199702,2.92418578499928,2,2,2
22,4,4,0.735,1.23322403099883,2.1874356240005,2,2,2
22,3,3,0.641666666666667,1.67089625100198,2.23511191800208,2,1,NaN
22,1,3,0.501666666666667,1.69982199899823,2.39060009899913,2,1,NaN
22,3,3,0.518333333333333,1.13117251299991,1.52658329299811,2,1,NaN
22,1,1,0.416666666666667,1.82952890900197,2.31169525500081,2,1,NaN
22,3,3,0.518333333333333,1.61477583700253,2.17058111500228,2,1,NaN
22,4,3,0.501666666666667,1.23079625500031,1.4582344800001,2,1,NaN
22,2,2,0.493333333333333,0.986537009997846,1.55778933699912,2,1,NaN
22,3,3,0.545,1.21973199700005,1.63100360599856,2,1,NaN
22,1,1,0.541666666666667,1.30508654599907,2.14006636100021,2,1,NaN
22,4,2,0.563333333333333,1.27421763000166,1.79745407900191,2,1,NaN
22,3,2,0.501666666666667,2.53736360200128,2.96340604900251,2,1,NaN
22,2,2,0.618333333333333,1.3200510539973,2.13993123999899,2,1,NaN
22,2,2,0.741666666666667,1.08087662999969,1.7171060369983,2,1,NaN
22,4,1,0.255,10.2995002380012,11.9592615760012,2,1,NaN
22,1,2,0.411666666666667,1.75257475599938,3.04294009600198,2,1,NaN
22,4,4,0.591666666666667,1.07648926800175,2.007280455,2,1,NaN
22,2,1,0.501666666666667,1.96225913499802,2.26933437199841,2,1,NaN
22,1,3,0.38,1.68585272700147,2.42484607799997,2,1,NaN
22,2,2,0.381666666666667,2.0913117759992,3.08596236300218,2,1,NaN
22,3,3,0.506666666666667,4.80495200299993,5.32887722999658,2,1,NaN
22,2,2,0.573333333333333,1.13907500500136,1.59911319900129,2,1,NaN
22,1,1,0.621666666666667,1.33832033900035,2.25390484599848,2,1,NaN
22,1,1,0.501666666666667,1.81469212899901,1.92259500499858,2,1,NaN
22,4,2,0.501666666666667,1.04043212200122,1.31498088300214,2,1,NaN
22,2,2,0.566666666666667,1.01131398399957,1.58987690600043,2,1,NaN
22,1,1,0.603333333333333,1.61104182700001,2.24607318999915,2,1,NaN
22,4,3,0.546666666666667,1.91161427800034,2.45008969600167,2,1,NaN
22,3,3,0.586666666666667,1.94757897700038,2.56732189800096,2,1,NaN
22,1,2,0.693333333333333,1.1467425209994,2.43674682799974,2,1,NaN
22,3,4,0.501666666666667,4.87952758299798,5.36976698199942,2,1,NaN
22,4,4,0.586666666666667,1.33969117700326,2.17367422300231,2,1,NaN
22,3,3,0.546666666666667,1.85126922600102,2.38291698200192,2,1,NaN
22,4,2,0.528333333333333,1.23361537700112,2.01291711000158,2,1,NaN
22,1,4,0.501666666666667,2.27936476999821,2.53915684700041,2,1,NaN
22,1,3,0.501666666666667,3.2565001289986,4.20276299499892,2,1,NaN
22,4,4,0.651666666666667,3.06758883899965,3.92530806200011,2,3,2
22,4,4,0.635,1.45942178800033,2.14255533600226,2,3,2
22,4,2,0.501666666666667,1.26822873799756,1.46265722299722,2,3,2
22,2,2,0.626666666666667,1.18468492900138,1.97218337000231,2,3,4
22,4,4,0.638333333333333,0.984600964999117,1.59559363500011,2,3,2
22,2,2,0.831666666666667,1.18337438900198,2.23419189800188,2,3,4
22,2,4,0.531666666666667,1.46866107700043,1.95981437199953,2,3,4
22,4,4,0.641666666666667,0.8365447019969,1.35976983599903,2,3,2
22,4,4,0.606666666666667,1.02959952599849,1.64754947300025,2,3,2
22,4,4,0.501666666666667,1.05003682700044,1.52510765899933,2,3,2
22,4,4,0.501666666666667,1.71662960899994,3.68846928099811,2,3,2
22,2,2,0.703333333333333,1.04616754100061,1.70411591100128,2,3,4
22,2,2,0.855,0.905204607999622,1.79649603800135,2,3,4
22,4,2,0.501666666666667,1.11192046699944,1.24210971600041,2,3,2
22,4,4,0.683333333333333,0.957862982999359,1.54429214300035,2,3,2
22,2,2,0.488333333333333,1.04651756699968,10.9462655579991,2,3,4
22,2,2,0.501666666666667,2.6540736930001,2.91229192899846,2,3,4
22,4,2,0.501666666666667,2.97524514299948,3.12278976800008,2,3,2
22,4,4,0.501666666666667,12.471720614998,12.875480884999,2,3,2
22,4,4,0.501666666666667,1.66249694599901,1.7543240499981,2,3,2
22,2,2,0.616666666666667,1.15098275699711,1.66774566599997,2,3,4
22,4,4,0.74,1.02649440000096,1.71685850599897,2,3,2
22,4,2,0.501666666666667,1.55641291999927,1.85463231500034,2,3,2
22,4,2,0.696666666666667,2.49668858500081,8.25147153299986,2,3,2
22,2,2,0.728333333333333,1.70257902999947,2.66531369800214,2,3,4
22,4,4,0.786666666666667,1.55333847600195,2.70965876400078,2,3,2
22,4,2,0.501666666666667,1.65949686300155,1.79842501700114,2,3,2
22,4,4,0.535,1.37014844000078,1.99713399800021,2,3,2
22,4,2,0.501666666666667,1.1209385229995,1.41136843300046,2,3,2
22,2,2,0.501666666666667,1.18346916000155,1.36193655500028,2,3,4
22,2,4,0.755,10.367799448999,17.5796003639989,2,3,4
22,4,2,0.501666666666667,3.6072434020025,3.93773121300183,2,3,2
22,4,2,0.501666666666667,1.29297312899871,1.90416144399933,2,3,2
22,4,2,0.501666666666667,1.17581643300218,1.45047705800243,2,3,2
22,4,2,0.501666666666667,0.948461735999444,1.16699597399929,2,3,2
22,3,3,0.655,1.28814078700088,1.82652194500042,2,1,NaN
22,2,3,0.501666666666667,1.65455556000234,1.72059627100316,2,1,NaN
22,2,2,0.548333333333333,1.24067580400151,1.53866829100298,2,1,NaN
22,2,2,0.656666666666667,0.882222443000501,1.23020619599993,2,1,NaN
22,4,4,0.748333333333333,1.17655711300176,1.78782764599964,2,1,NaN
22,4,4,0.501666666666667,1.76818254600221,1.83542753400252,2,1,NaN
22,2,2,0.73,1.12555854400125,1.57731300999876,2,1,NaN
22,4,4,0.728333333333333,1.27737358900049,2.0408834109985,2,1,NaN
22,2,2,0.93,1.1219486930022,1.94953319300112,2,1,NaN
22,3,3,0.538333333333333,1.81898697200086,2.40669162699851,2,1,NaN
22,2,2,0.618333333333333,0.913149848998728,1.40388253200217,2,1,NaN
22,1,1,0.778333333333333,1.4076754029993,2.58774416800225,2,1,NaN
22,4,4,0.57,1.31047770499936,1.93072833100086,2,1,NaN
22,3,3,0.523333333333333,1.41581334000148,2.1232572709996,2,1,NaN
22,1,1,0.615,1.36979586899906,1.75722729799963,2,1,NaN
22,4,4,0.501666666666667,1.5947720410004,1.72465955799998,2,1,NaN
22,1,1,0.501666666666667,2.33280777300024,2.51099666200025,2,1,NaN
22,1,1,0.501666666666667,1.47048727999936,1.69723415499902,2,1,NaN
22,3,4,0.501666666666667,3.80911049499991,5.45341404499777,2,1,NaN
22,3,4,0.501666666666667,3.25869205500203,3.49288951500057,2,1,NaN
22,4,4,0.346666666666667,2.19601957199848,3.11833230000047,2,1,NaN
22,4,4,0.45,1.14830168899789,1.95155812300072,2,1,NaN
22,3,3,0.378333333333333,2.628628587001,3.82304345900047,2,1,NaN
22,4,4,0.42,1.34460625800057,2.01932507600213,2,1,NaN
22,4,4,0.606666666666667,1.43090001599921,2.58650379300161,2,1,NaN
22,3,3,0.501666666666667,1.87766168500093,2.39307603500129,2,1,NaN
22,1,2,0.53,1.25998852799967,2.09417294699961,2,1,NaN
22,4,3,0.766666666666667,12.1912270559988,13.4821535569972,2,1,NaN
22,3,3,0.878333333333333,1.03774986400094,1.73643611299849,2,1,NaN
22,2,4,0.501666666666667,1.34160302600139,1.66656842099837,2,1,NaN
22,1,1,0.765,1.23385371700351,2.48623572700308,2,1,NaN
22,4,1,0.353333333333333,6.70884242700049,7.64698810100163,2,1,NaN
22,3,3,0.71,1.65198393399987,2.99822753999979,2,1,NaN
22,4,4,0.501666666666667,1.42536005399961,1.74840218399913,2,1,NaN
22,1,1,0.668333333333333,1.3619095110007,2.34927956699903,2,1,NaN
22,1,3,0.501666666666667,1.47280501699788,1.8110528929974,2,3,3
22,1,1,0.501666666666667,1.63077599899771,2.93885434899858,2,3,3
22,3,3,0.613333333333333,1.23143174200231,1.93044184200335,2,3,1
22,1,1,0.656666666666667,1.49621626199951,2.07654445200023,2,3,3
22,1,1,0.501666666666667,1.35683937600334,1.51060724400304,2,3,3
22,3,3,0.771666666666667,0.950887726998189,1.46526303299834,2,3,1
22,3,3,0.545,1.34767580399784,1.9180729289983,2,3,1
22,1,1,0.578333333333333,1.21325384000011,1.94432043000052,2,3,3
22,1,1,0.623333333333333,1.46177207599976,2.32855340000242,2,3,3
22,3,1,0.501666666666667,1.34236962900104,2.00212671600093,2,3,1
22,3,3,0.63,0.981092458001513,1.6651355009999,2,3,1
22,3,3,0.763333333333333,1.04903440300041,9.43561807300284,2,3,1
22,3,3,0.501666666666667,1.69471871600035,1.9848077079987,2,3,1
22,1,3,0.501666666666667,1.28574988200126,1.3687373419998,2,3,3
22,3,3,0.675,1.03077906399994,1.66547854499731,2,3,1
22,3,3,0.623333333333333,0.954611255998316,1.46075461700093,2,3,1
22,1,1,0.501666666666667,1.33475824099878,1.45767925799737,2,3,3
22,1,1,0.501666666666667,0.964229485001852,1.11022983799921,2,3,3
22,3,3,0.823333333333333,1.05452446300114,1.7292495699985,2,3,1
22,3,3,0.501666666666667,0.976399135000975,1.11636860100043,2,3,1
22,3,3,0.74,1.24346633999812,1.67008622399953,2,3,1
22,3,3,0.731666666666667,1.99993087099938,9.85011079700053,2,3,1
22,3,3,0.753333333333333,0.964186219000112,1.81590589700136,2,3,1
22,3,3,0.783333333333333,0.89798404999965,1.58892962900063,2,3,1
22,3,3,0.633333333333333,1.14565135800149,1.89367226600007,2,3,1
22,1,1,0.75,1.33285315199828,2.79220148099921,2,3,3
22,1,1,0.496666666666667,9.01900482199926,10.1276183219998,2,3,3
22,3,1,0.501666666666667,1.37872430199786,1.54296498199983,2,3,1
22,3,3,0.648333333333333,0.939617423999152,1.81411246800053,2,3,1
22,3,3,0.751666666666667,0.936768125000526,1.53147502900174,2,3,1
22,3,3,0.6,1.18583890399896,1.86908779799705,2,3,1
22,1,1,0.501666666666667,1.15024998399895,1.28966873999889,2,3,3
22,1,1,0.501666666666667,1.18563437500052,1.39635918299973,2,3,3
22,1,1,0.665,1.04119082800025,1.79559949999748,2,3,3
22,1,1,0.836666666666667,0.879723201000161,1.77884731499944,2,3,3
22,3,3,0.768333333333333,1.63787522200073,2.28805501500028,2,2,1
22,1,1,0.853333333333333,2.00011076699957,2.84419124099804,2,2,2
22,3,3,0.93,1.45893149599942,2.17447471000196,2,2,1
22,2,2,0.795,2.51512474599804,3.27782745199875,2,2,3
22,3,3,0.781666666666667,1.82906717499645,2.79144667299988,2,2,1
22,3,3,0.78,1.05133728700093,1.90371088200118,2,2,2
22,2,2,0.651666666666667,1.19024728899967,1.93696139700114,2,2,3
22,4,2,0.501666666666667,3.35987754799862,3.61926700500044,2,2,2
22,4,4,0.701666666666667,1.21977907799737,2.09536967799795,2,2,1
22,2,3,0.501666666666667,10.677905984001,14.8820749429979,2,2,1
22,3,3,0.501666666666667,5.32311267499972,6.05448612200053,2,2,2
22,1,1,0.501666666666667,2.4581063120022,2.61388315799923,2,2,4
22,2,2,0.751666666666667,1.38407787100004,2.77135740299855,2,2,1
22,1,4,0.643333333333333,1.23012010900129,1.67405885300104,2,2,4
22,2,2,0.753333333333333,1.2181248880006,2.84626346200093,2,2,3
22,4,1,0.501666666666667,1.82959089700307,3.17788057000143,2,2,1
22,1,1,0.695,1.46809407800174,2.12667307399897,2,2,2
22,1,4,0.501666666666667,3.66184205700119,4.05829242800246,2,2,4
22,1,1,0.741666666666667,1.0558625449994,1.87586379099957,2,2,3
22,4,4,0.781666666666667,8.93972282500181,9.82228090900026,2,2,2
22,2,2,0.956666666666667,1.08861344499746,2.42748215999745,2,2,3
22,4,4,0.931666666666667,2.67607236399999,3.45692125499772,2,2,1
22,2,2,0.921666666666667,1.43896683200001,2.43312404999961,2,2,3
22,4,4,0.95,1.45917465900129,2.35753741000008,2,2,3
22,1,1,0.501666666666667,3.27590664500167,3.66336357000182,2,2,3
22,2,2,0.538333333333333,2.20564144799937,3.35378126199794,2,2,3
22,1,1,0.501666666666667,2.76469715799976,3.24033778800003,2,2,2
22,3,3,0.56,1.82430889999887,2.26035388899982,2,2,2
22,2,2,0.891666666666667,1.32445704299971,1.92820012199809,2,2,4
22,4,4,0.588333333333333,2.38976733199888,3.07171037199805,2,2,3
22,4,1,0.501666666666667,4.22440133099735,4.8599043749964,2,2,1
22,2,2,0.816666666666667,1.84162685100091,2.70892848199946,2,2,1
22,4,4,0.72,2.42725995799992,3.18342809800015,2,2,1
22,3,3,0.77,1.77756705499996,3.01117456599968,2,2,4
22,1,2,0.501666666666667,1.96656027999779,2.36950690999947,2,2,2
22,4,4,0.793333333333333,1.14874039300048,1.67073659599919,2,2,2
22,3,3,0.838333333333333,1.13647514200056,1.57152100299936,2,2,4
22,2,2,0.758333333333333,1.44945381800062,2.315540951,2,2,1
22,2,2,0.816666666666667,1.2988513320015,1.74153315700096,2,2,1
22,4,4,0.806666666666667,5.23659149200103,8.8706106790014,2,2,3
22,2,2,0.798333333333333,1.68043278299956,4.52303518899862,2,2,3
22,1,1,0.501666666666667,1.63116728399837,1.87383162899641,2,2,3
22,3,2,0.73,1.46727041099803,2.80772968899691,2,2,2
22,3,2,0.501666666666667,2.22533056800239,2.38936275900051,2,2,2
22,4,4,0.778333333333333,1.09642429800078,2.69848213200021,2,2,2
22,4,4,0.798333333333333,1.12160219699945,2.1495925929994,2,2,2
22,4,2,0.725,2.57866657699924,3.48627312899771,2,2,2
22,3,3,0.695,1.43630224699882,2.27073545399981,2,2,2
22,2,2,0.78,1.23946328500097,2.64168115400025,2,2,3
22,1,1,0.771666666666667,1.20407842200075,2.01490989100057,2,2,2
22,2,2,0.846666666666667,2.40998513699742,3.47730918399975,2,2,3
22,3,4,0.571666666666667,2.16442345399992,2.75005911399785,2,2,4
22,3,3,0.856666666666667,1.69174191400089,2.71892941099941,2,2,4
22,4,4,0.855,1.04483289299969,1.88084985399837,2,2,1
22,3,1,0.501666666666667,2.51204940600292,2.62781569300205,2,2,1
22,1,1,0.603333333333333,1.30886517500039,1.97507327999847,2,2,4
22,2,2,0.501666666666667,1.62048323600175,1.81478105399947,2,2,3
22,2,2,0.735,1.12249389800127,1.5662753659999,2,2,4
22,4,4,0.71,1.11489590099882,1.95764500299993,2,2,2
22,4,4,0.75,1.04391441699772,1.71789751200049,2,2,2
22,2,2,0.87,1.01398468700063,1.64798420700026,2,2,3
22,4,4,0.891666666666667,1.27458794300037,1.83001805299864,2,2,3
22,3,3,0.546666666666667,1.20783571799984,1.77929955800209,2,2,4
22,2,2,0.783333333333333,1.25576965199798,1.88318502499897,2,2,1
22,3,1,0.808333333333333,1.41115962899858,2.06988000199999,2,2,1
22,1,1,0.501666666666667,1.6063935830025,1.70517944600215,2,2,2
22,4,4,0.501666666666667,3.4179413210004,3.56532093200076,2,2,3
22,4,4,0.541666666666667,2.41594242000065,5.66695163199984,2,2,2
22,1,1,0.691666666666667,1.15184654499899,2.05815243599864,2,2,2
22,2,2,0.663333333333333,1.18844435200299,2.03882810900177,2,2,1
22,4,4,0.773333333333333,1.31218328899922,1.9702423460003,2,3,3
22,4,4,0.695,1.49595546899945,2.23561332299869,2,3,3
22,3,3,0.778333333333333,1.23727336899901,2.06363097299982,2,3,4
22,4,4,0.816666666666667,0.969155670998589,1.54682601500099,2,3,3
22,3,3,0.833333333333333,1.13792857299995,1.67738842200197,2,3,4
22,3,3,0.843333333333333,0.981442539999989,1.55127625199748,2,3,4
22,3,4,0.723333333333333,1.32586531099878,1.77657458099929,2,3,4
22,4,4,0.501666666666667,1.11847036999825,1.34495428899754,2,3,3
22,4,4,0.501666666666667,0.799340390996804,0.898338904997217,2,3,3
22,4,4,0.501666666666667,0.978787088999525,1.11667771200155,2,3,3
22,4,4,0.683333333333333,1.3892843829999,1.79159940200043,2,3,3
22,4,4,0.501666666666667,1.27732648500023,1.44713802700062,2,3,3
22,4,3,0.501666666666667,1.06603147200076,1.19781865100231,2,3,3
22,3,3,0.758333333333333,1.04047028900095,1.57932237999921,2,3,4
22,3,3,0.713333333333333,0.952924989000167,1.83568674200069,2,3,4
22,4,4,0.683333333333333,4.47026423400166,5.43265473500287,2,3,3
22,3,3,0.726666666666667,0.991850649999833,1.6355143159999,2,3,4
22,4,4,0.763333333333333,1.0773726740008,1.37512064100156,2,3,3
22,3,3,0.701666666666667,1.28569075999985,2.12841104200197,2,3,4
22,3,3,0.735,0.918304555998475,1.8568203879986,2,3,4
22,4,4,0.805,0.94700425100018,1.77511989599952,2,3,3
22,4,4,0.501666666666667,1.07580327500182,1.17539352400127,2,3,3
22,3,4,0.005,0.972444203001942,7.83035834700058,2,3,4
22,3,3,0.818333333333333,1.79551162799908,2.87101706099929,2,3,4
22,4,3,0.785,1.65450809399772,2.75322339499689,2,3,3
22,3,3,0.771666666666667,1.69462670000212,2.72959939200155,2,3,4
22,3,3,0.516666666666667,1.35090757199941,1.90596157099935,2,3,4
22,4,3,0.501666666666667,0.977764635998028,1.08391465000022,2,3,3
22,4,3,0.501666666666667,0.813151250000374,0.97530396500224,2,3,3
22,3,3,0.621666666666667,0.925922288999573,1.18401557700054,2,3,4
22,4,3,0.501666666666667,1.02907029400012,1.21643712300283,2,3,3
22,4,3,0.501666666666667,0.81155777299864,0.949679422999907,2,3,3
22,4,4,0.573333333333333,1.05292502600059,1.54420950400163,2,3,3
22,4,4,0.608333333333333,1.44538602200191,1.83317471100236,2,3,3
22,3,3,0.738333333333333,0.787096244999702,1.86912757199752,2,3,4
22,1,1,0.688333333333333,1.47741347299961,2.30447077200006,2,1,NaN
22,1,1,0.501666666666667,1.50399153699982,1.69121453600019,2,1,NaN
22,2,4,0.501666666666667,1.61985595700025,1.71950057999857,2,1,NaN
22,1,1,0.546666666666667,1.7335488389981,2.12088440699881,2,1,NaN
22,2,2,0.255,1.89499602200158,3.08313789500244,2,1,NaN
22,3,1,0.241666666666667,2.51391136299935,3.86855493399707,2,1,NaN
22,2,1,0.253333333333333,1.19496502000038,2.61520417399879,2,1,NaN
22,4,4,0.251666666666667,1.52886226099872,2.77951561299778,2,1,NaN
22,2,2,0.393333333333333,1.27873643400017,2.10668881699894,2,1,NaN
22,2,2,0.506666666666667,0.928968370000803,1.85266781500104,2,1,NaN
22,2,2,0.563333333333333,0.95816566099893,1.52100690699808,2,1,NaN
22,3,4,0.291666666666667,1.94458858299913,3.3788224710006,2,1,NaN
22,4,4,0.456666666666667,1.30187549199763,2.54540190999978,2,1,NaN
22,4,4,0.501666666666667,1.07768065900018,1.63406153599863,2,1,NaN
22,4,3,0.398333333333333,1.53164566199848,2.15009282100073,2,1,NaN
22,2,2,0.521666666666667,1.26007039400065,2.53404046200012,2,1,NaN
22,3,3,0.501666666666667,1.58080288099882,1.68668538199927,2,1,NaN
22,1,3,0.39,1.82428189400162,2.27550629100006,2,1,NaN
22,3,3,0.366666666666667,1.27587282999957,1.49483152200264,2,1,NaN
22,2,3,0.38,2.56701689600231,3.65781903999959,2,1,NaN
22,1,1,0.506666666666667,1.24169540100047,2.29962800500289,2,1,NaN
22,4,3,0.61,1.715768389,2.28657095000017,2,1,NaN
22,3,3,0.56,1.08624101999885,1.58612994299983,2,1,NaN
22,4,2,0.501666666666667,1.11044236700036,1.37773504399956,2,1,NaN
22,1,1,0.39,2.56632871200054,3.58494967200022,2,1,NaN
22,1,1,0.501666666666667,1.43562366400147,1.94306677799977,2,1,NaN
22,2,2,0.501666666666667,1.12526456799969,1.39209774699702,2,1,NaN
22,3,3,0.666666666666667,1.0767921480001,1.6949790050021,2,1,NaN
22,2,2,0.685,1.03166540799793,1.63380046099701,2,1,NaN
22,3,3,0.751666666666667,0.941160697999294,2.46413668999958,2,1,NaN
22,3,3,0.501666666666667,1.39248459200098,1.65261650599859,2,1,NaN
22,3,3,0.818333333333333,0.91771728400272,1.46554688000106,2,1,NaN
22,1,3,0.501666666666667,1.21775959400111,1.35654681999949,2,1,NaN
22,2,2,0.76,1.10697150000124,1.9980629290003,2,1,NaN
22,4,4,0.501666666666667,1.56144941300226,2.56573560700053,2,1,NaN
23,4,4,0.751666666666667,2.49131910000142,4.36731597700054,2,3,2
23,2,2,0.751666666666667,2.32097471499947,4.45871686800092,2,3,4
23,4,4,0.335,3.58681281900135,5.19705933700243,2,3,2
23,2,2,0.625,6.64575116799824,8.25661653099814,2,3,4
23,4,4,0.631666666666667,2.13912644499942,3.02229869800067,2,3,2
23,4,4,0.626666666666667,2.11990223499743,3.1463954489991,2,3,2
23,4,4,0.616666666666667,1.32674068499909,2.56319937700027,2,3,2
23,4,4,0.616666666666667,1.16556348499944,2.81700577300217,2,3,2
23,4,4,0.755,1.41075343900229,2.2385791600027,2,3,2
23,2,2,0.838333333333333,1.63121376599884,3.39454289599962,2,3,4
23,4,4,0.55,2.54082483599996,3.77660481100247,2,3,2
23,2,2,0.786666666666667,1.03343618299914,2.26133104700057,2,3,4
23,4,4,0.505,3.04536004600232,4.1854901350016,2,3,2
23,4,2,0.638333333333333,2.89859429900025,3.59678136100047,2,3,2
23,4,4,0.636666666666667,1.71891314099776,3.09073316599824,2,3,2
23,2,2,0.863333333333333,1.00950698900124,2.09293945299942,2,3,4
23,2,2,1,1.07592456999919,2.50358568699812,2,3,4
23,4,4,0.758333333333333,1.34962418599753,3.07956917899719,2,3,2
23,4,4,0.881666666666667,1.07118188500317,2.603419760002,2,3,2
23,4,4,0.89,1.43775655799982,2.51178920500024,2,3,2
23,4,4,0.87,1.23110922399792,2.48077730399746,2,3,2
23,4,4,0.638333333333333,1.3454664460005,3.2116355850012,2,3,2
23,2,2,0.75,3.6056402840004,7.52919505500176,2,3,4
23,2,2,1,0.953596881001431,1.89983169799962,2,3,4
23,4,4,0.746666666666667,1.34857692799778,3.11885046999669,2,3,2
23,4,4,0.746666666666667,1.38851288499791,2.37526635899849,2,3,2
23,2,2,0.758333333333333,0.980838329000107,2.35195087700049,2,3,4
23,2,2,0.761666666666667,1.67627319800158,3.03034705000027,2,3,4
23,2,2,0.501666666666667,1.1123473239968,1.62625994199698,2,3,4
23,2,2,0.79,1.02209079699969,2.2816788980017,2,3,4
23,4,4,0.751666666666667,1.01756083299915,2.20505688100093,2,3,2
23,4,2,0.576666666666667,2.08706334200178,3.93112503900193,2,3,2
23,2,2,0.62,1.4069717880011,2.25855308200335,2,3,4
23,4,4,0.761666666666667,1.402485229999,2.68639211399932,2,3,2
23,4,4,0.73,1.28479039200101,2.30337036000128,2,3,2
23,1,2,0.746666666666667,3.1906564489982,4.64929017599934,2,2,2
23,1,1,0.631666666666667,3.21568570800082,4.57069644299918,2,2,2
23,1,1,0.758333333333333,2.82918688400241,4.62363984900003,2,2,4
23,1,2,0.756666666666667,2.32807974100069,3.44334194700059,2,2,2
23,1,2,0.746666666666667,2.29112692299896,3.39032690599925,2,2,2
23,2,2,0.756666666666667,2.92930040500141,5.00521179299903,2,2,3
23,1,2,0.675,3.83661914700133,5.59954267400099,2,2,2
23,3,3,1,1.79140161299802,3.79456298799778,2,2,4
23,4,2,0.57,2.44447462300013,3.98257674399792,2,2,2
23,1,1,0.888333333333333,1.63342544600164,4.02920663900295,2,2,4
23,1,1,0.62,2.34051624700078,3.46390518800035,2,2,3
23,4,4,0.756666666666667,2.49404600699927,4.48179862899997,2,2,1
23,2,2,0.758333333333333,1.85500450400286,4.57858442500219,2,2,4
23,3,3,0.73,1.8677864199999,4.91924206300246,2,2,1
23,1,3,0.753333333333333,4.87485402799939,7.46980971700032,2,2,3
23,1,3,0.6,3.15283946199997,4.06722051000179,2,2,3
23,2,2,0.883333333333333,1.61844036899856,3.1160470620016,2,2,4
23,2,2,0.743333333333333,2.12285793000046,3.83043217899831,2,2,3
23,1,4,0.756666666666667,4.11814385299658,5.60813913999664,2,2,4
23,1,1,0.643333333333333,4.07277096100006,5.78688516699913,2,2,2
23,3,3,0.741666666666667,2.33968208499937,3.55902100499952,2,2,4
23,4,4,0.523333333333333,2.71477379799762,4.15817049199904,2,2,3
23,1,1,0.748333333333333,1.62492902200029,3.76402154699826,2,2,4
23,1,2,0.615,4.71057054600169,6.32981260100132,2,2,2
23,3,3,0.87,3.25952202199915,5.91878470699885,2,2,2
23,2,2,0.631666666666667,1.98494153499996,3.51691465499971,2,2,1
23,2,2,1,1.38550703600049,3.42033307499878,2,2,3
23,1,1,0.566666666666667,3.0459807269981,4.57670032999886,2,2,4
23,3,3,0.745,3.10693586300113,4.37403747099961,2,2,1
23,3,3,0.746666666666667,2.40786739699979,3.65864025300107,2,2,2
23,2,2,0.865,2.05884563799918,3.85468661499908,2,2,1
23,3,3,0.888333333333333,1.49271011300152,2.73560003999955,2,2,1
23,4,3,0.501666666666667,3.21307744500155,8.2476621220012,2,2,2
23,3,3,0.758333333333333,2.00374165199901,4.43994484300129,2,2,2
23,1,1,0.611666666666667,3.92653180599882,5.0084181179991,2,2,2
23,4,2,0.613333333333333,3.30392346200097,4.79445172399937,2,1,NaN
23,3,3,0.635,1.85290169700238,2.96790291400248,2,1,NaN
23,2,1,0.253333333333333,4.45892828599972,5.88536865400238,2,1,NaN
23,2,2,0.501666666666667,2.16214109599969,4.16582492499947,2,1,NaN
23,3,3,0.501666666666667,2.06381650699768,2.73070257200015,2,1,NaN
23,3,3,0.293333333333333,3.94382841200058,5.03592972499973,2,1,NaN
23,2,2,0.62,1.18568102499921,8.64441360799901,2,1,NaN
23,2,2,0.61,1.96028129499973,2.89829075500165,2,1,NaN
23,1,1,0.501666666666667,1.38510488099928,2.16397123799834,2,1,NaN
23,3,4,0.5,2.00931393499923,2.69216759600022,2,1,NaN
23,2,2,0.62,1.25153564400171,2.59010682300141,2,1,NaN
23,4,3,0.496666666666667,2.56173534199843,4.5963280779979,2,1,NaN
23,4,4,0.338333333333333,3.40610092100178,4.7122648959994,2,1,NaN
23,4,4,0.75,1.95781191600327,7.75996448200021,2,1,NaN
23,3,3,0.501666666666667,2.52770043000055,3.57929061500181,2,1,NaN
23,3,3,0.501666666666667,1.01294586199947,1.49691730800259,2,1,NaN
23,2,2,0.62,1.24803247499949,2.51436198399824,2,1,NaN
23,2,2,0.625,1.36099218600066,2.74941381100143,2,1,NaN
23,3,3,0.506666666666667,1.86465499000042,4.03471109800012,2,1,NaN
23,3,3,0.508333333333333,4.02775443700011,4.85395404600058,2,1,NaN
23,4,3,0.59,3.6290325709997,4.31240195999999,2,1,NaN
23,3,3,0.738333333333333,1.68487717099924,2.80839745900084,2,1,NaN
23,4,3,0.375,1.99420929700136,3.73342357900037,2,1,NaN
23,1,1,0.75,2.16969432699989,3.27639709700088,2,1,NaN
23,1,1,0.496666666666667,1.06797323900173,3.08757971200248,2,1,NaN
23,1,1,0.626666666666667,1.49412594000023,2.34631579199777,2,1,NaN
23,3,3,0.608333333333333,2.4628462590008,3.56244850299845,2,1,NaN
23,2,2,0.76,1.49281269199855,2.6719660359995,2,1,NaN
23,1,1,0.753333333333333,1.47134445799747,2.63340974199673,2,1,NaN
23,2,2,0.508333333333333,1.48308524599997,2.35924726799931,2,1,NaN
23,1,1,0.491666666666667,1.45980907799822,2.18287681699803,2,1,NaN
23,4,3,0.38,2.57903546400121,4.3585859900013,2,1,NaN
23,3,3,0.636666666666667,1.08074264999959,2.38815923600123,2,1,NaN
23,3,3,0.676666666666667,1.58372274499925,2.49929890400017,2,1,NaN
23,2,2,0.501666666666667,2.03325631400003,2.74133898699802,2,1,NaN
23,2,2,0.386666666666667,2.08514980899781,3.44110837699918,2,1,NaN
23,4,4,0.748333333333333,1.36073049799961,2.32490377200156,2,1,NaN
23,3,3,0.368333333333333,2.07476688400129,3.28652650000004,2,1,NaN
23,1,1,0.37,1.50052683200192,3.95084100800159,2,1,NaN
23,1,1,0.501666666666667,1.74658533899856,2.51871515899984,2,1,NaN
23,1,1,0.371666666666667,2.27630964699711,3.4952298069984,2,1,NaN
23,1,2,0.378333333333333,2.50880776900158,3.98340243100029,2,1,NaN
23,4,4,0.255,1.4897007590007,4.20514278900009,2,1,NaN
23,1,1,0.373333333333333,1.31032874300217,2.5377637370002,2,1,NaN
23,4,2,0.26,2.46283611200124,3.33880334900095,2,1,NaN
23,2,2,0.501666666666667,1.88635933100159,2.66540318199986,2,1,NaN
23,2,2,0.501666666666667,2.05771208400256,2.48484418900262,2,1,NaN
23,4,3,0.503333333333333,2.01206057500167,2.95133566600271,2,1,NaN
23,1,1,0.501666666666667,1.14814728700003,1.61493405799774,2,1,NaN
23,2,2,0.501666666666667,1.60225410999919,2.37209769800029,2,1,NaN
23,2,2,0.501666666666667,2.02507594899726,2.58751773299809,2,1,NaN
23,3,3,0.618333333333333,2.23183037499984,4.3551474479973,2,1,NaN
23,3,3,0.501666666666667,1.32624860299984,2.12001444999987,2,1,NaN
23,2,2,0.501666666666667,1.21580277699832,1.64261209500182,2,1,NaN
23,3,3,0.501666666666667,1.7331040909994,1.95162133000122,2,1,NaN
23,2,2,0.755,1.10182554899802,2.97726498699922,2,1,NaN
23,3,3,0.743333333333333,1.3090250230016,3.56877197599897,2,1,NaN
23,4,3,0.501666666666667,1.4427680000008,2.54223511099917,2,1,NaN
23,4,4,0.615,1.33169711499795,3.13462067699948,2,1,NaN
23,4,2,0.348333333333333,2.69949583799826,3.91929027000151,2,1,NaN
23,3,3,0.623333333333333,1.10771922599815,2.30959600799906,2,1,NaN
23,2,2,0.501666666666667,1.27756474200214,2.15245723800035,2,1,NaN
23,1,1,0.501666666666667,1.48599963300148,2.36902927900155,2,1,NaN
23,1,1,0.501666666666667,1.39739177600131,1.63962648800225,2,1,NaN
23,4,4,0.38,1.30705903199851,2.42141205799999,2,1,NaN
23,2,2,0.5,1.40864207399864,2.17853913900035,2,1,NaN
23,2,3,0.501666666666667,4.55976043000192,6.22708578800302,2,1,NaN
23,4,4,0.501666666666667,1.25672708599814,2.01221867900313,2,1,NaN
23,4,4,0.501666666666667,2.12632863500039,2.76226515400049,2,1,NaN
23,3,2,0.501666666666667,1.01310361599462,2.0968398240002,2,1,NaN
23,3,3,0.885,2.9910491030023,4.48160376000305,2,2,1
23,3,3,1,1.96690198899887,4.53088301800017,2,2,4
23,1,2,0.753333333333333,2.87776804299938,6.18468808400212,2,2,2
23,1,1,0.756666666666667,2.08834204500454,3.62619077700219,2,2,4
23,3,3,0.625,1.42004710399488,4.03961589800019,2,2,4
23,1,1,0.625,2.1752523239993,3.43384956900263,2,2,3
23,4,3,0.62,2.778693895998,4.33375111500209,2,2,3
23,4,4,0.748333333333333,1.66570312399563,3.95707711699652,2,2,3
23,3,3,0.636666666666667,3.57534605499677,4.85935275499651,2,2,2
23,1,1,0.631666666666667,1.62503249900328,3.08285760500439,2,2,3
23,4,4,0.62,2.27439300799597,3.22136562199739,2,2,3
23,3,3,0.748333333333333,2.39119476100313,3.66534052800125,2,2,2
23,1,1,0.906666666666667,1.43351215800067,2.38066169199737,2,2,4
23,3,3,0.75,2.41475757199805,3.90678295499674,2,2,2
23,1,1,0.753333333333333,1.38387674999831,2.57943734199944,2,2,3
23,4,4,0.756666666666667,2.69403742100258,4.12930823000352,2,2,1
23,3,3,0.746666666666667,2.11659911400056,3.80788488800317,2,2,4
23,1,1,0.998333333333333,1.96940462900238,3.41911350400187,2,2,3
23,1,1,0.756666666666667,1.64503813700139,2.99992713300162,2,2,2
23,2,2,0.625,1.43492010900081,2.28536172900203,2,2,4
23,3,3,0.63,2.11740464100149,3.29601831799664,2,2,2
23,1,1,0.628333333333333,2.67900905899296,4.37825292799971,2,2,4
23,1,1,0.631666666666667,1.40399664700089,2.2478562489996,2,2,3
23,4,3,0.616666666666667,1.96064193899656,3.73966230499354,2,2,3
23,2,2,0.755,1.57547452700237,3.82616748999862,2,2,3
23,2,2,0.75,1.77927766799985,3.11761569800001,2,2,4
23,2,2,0.746666666666667,1.34003701199981,2.5912450629985,2,2,4
23,1,1,0.755,1.27486435400351,2.55049041500024,2,2,4
23,3,2,0.633333333333333,1.70677450700168,2.91737245900003,2,2,2
23,4,3,0.638333333333333,2.13907655900402,3.80728063000424,2,2,3
23,4,4,0.608333333333333,2.87160059100279,4.27503074200649,2,2,2
23,1,3,0.76,2.16118620100315,3.33271061800042,2,2,3
23,4,4,0.623333333333333,3.3447060979961,5.05119365499559,2,2,1
23,3,3,0.628333333333333,2.28171884299809,3.88554063800257,2,2,2
23,2,2,0.63,1.53918400900147,3.89344594700378,2,2,1
23,1,1,0.635,2.78704001200094,4.27851299699978,2,3,4
23,4,4,0.5,2.23578817800444,3.79928515900247,2,3,1
23,1,4,0.63,2.69694506900123,3.89139270700252,2,3,4
23,1,1,0.538333333333333,6.62523122799757,7.96471450600075,2,3,4
23,4,4,0.753333333333333,1.53926915599732,18.7344287699962,2,3,1
23,4,4,0.763333333333333,1.62662405599986,2.80708912000409,2,3,1
23,1,1,0.741666666666667,1.26472053799807,2.48387028699653,2,3,4
23,4,4,0.715,2.78742160600086,3.99946389900288,2,3,1
23,4,4,0.76,1.3200194509991,2.31488974899548,2,3,1
23,4,4,0.748333333333333,1.74497652600257,2.70799450799677,2,3,1
23,1,1,0.916666666666667,0.906542384000204,2.39771089699934,2,3,4
23,4,4,0.856666666666667,1.36072752199834,2.50054897999507,2,3,1
23,1,4,0.748333333333333,1.23528280600294,2.43726652800251,2,3,4
23,1,1,0.601666666666667,2.02409771399834,2.8266247520005,2,3,4
23,4,4,0.755,1.85312530899682,3.01509743100178,2,3,1
23,4,4,0.686666666666667,1.43348222899658,2.10780255000282,2,3,1
23,4,1,0.593333333333333,1.94829590400332,2.63046444999782,2,3,1
23,1,1,0.62,1.75208595400181,2.68356200199923,2,3,4
23,1,1,0.761666666666667,1.29877355500503,2.49357722000423,2,3,4
23,1,1,0.746666666666667,1.58861633700144,2.48887222600024,2,3,4
23,4,1,0.633333333333333,1.62374170000112,2.69145228200068,2,3,1
23,4,4,0.751666666666667,1.32976653600053,2.30890189400088,2,3,1
23,4,4,0.753333333333333,1.88465187800466,3.12824544600153,2,3,1
23,4,1,0.746666666666667,1.21990585900494,2.17608102100348,2,3,1
23,1,1,0.613333333333333,1.29993832600303,2.2386429620019,2,3,4
23,1,1,0.618333333333333,1.21680907700647,2.18093063600099,2,3,4
23,1,1,0.61,1.36006738599826,2.29841145599494,2,3,4
23,4,4,0.615,1.43367235200276,2.41233372699935,2,3,1
23,4,4,0.616666666666667,1.40739688200119,2.36987667100038,2,3,1
23,1,4,0.62,1.70338510200236,3.01860996399773,2,3,4
23,4,4,0.75,2.11571418600215,3.57409285299946,2,3,1
23,4,4,0.75,1.40213493299962,2.70932101500512,2,3,1
23,1,1,0.751666666666667,1.36348192999867,2.33554977199674,2,3,4
23,1,1,0.623333333333333,1.42054086899589,2.41438333800033,2,3,4
23,1,1,0.748333333333333,1.28205514099682,2.06070536700281,2,3,4
23,3,3,0.501666666666667,5.35661813799379,9.08058060799522,2,3,4
23,3,3,0.738333333333333,1.76004692599963,2.87451317399973,2,3,4
23,3,3,0.741666666666667,1.23456823299784,2.05435934799607,2,3,4
23,3,3,0.751666666666667,1.04743513200083,1.99483792099636,2,3,4
23,3,3,0.751666666666667,1.34147423600371,2.23375155200483,2,3,4
23,4,4,0.755,1.25890174399683,2.54234075899876,2,3,3
23,3,3,0.753333333333333,1.0192992509983,1.81358496600296,2,3,4
23,4,4,0.89,1.19349469000008,1.94079130699538,2,3,3
23,3,3,0.61,1.52249145899987,2.47708080200391,2,3,4
23,4,4,0.618333333333333,1.5891478429985,2.32066511500307,2,3,3
23,3,3,0.685,1.40678713899979,4.74499776599987,2,3,4
23,4,4,0.755,1.62120489000517,2.70431531400391,2,3,3
23,3,3,0.993333333333333,2.70256787000108,3.73047360600322,2,3,4
23,4,4,0.61,1.82215188399277,2.73759434999374,2,3,3
23,3,3,0.751666666666667,1.67088427900308,3.37728741500177,2,3,4
23,3,3,0.741666666666667,2.40490113599662,3.36717696399865,2,3,4
23,3,3,0.751666666666667,1.69943191199854,2.91922698199778,2,3,4
23,3,3,0.758333333333333,0.932367129003978,1.98389292200591,2,3,4
23,3,3,0.765,1.08323846900021,2.19055443099933,2,3,4
23,4,4,0.746666666666667,1.61028647400235,2.65371288599999,2,3,3
23,3,4,0.506666666666667,1.54257975200017,5.04898511500505,2,3,4
23,4,4,0.635,1.34341069200309,2.45090055999754,2,3,3
23,3,3,0.756666666666667,1.60259170499921,2.42102647400316,2,3,4
23,3,3,0.628333333333333,1.70382092299405,2.6831204150003,2,3,4
23,3,3,0.62,1.04105213200091,2.42762711199612,2,3,4
23,3,3,0.613333333333333,1.39809443000559,2.59279858200171,2,3,4
23,3,3,0.876666666666667,2.59687987700454,4.39948067200021,2,3,4
23,3,3,0.758333333333333,0.824784898999496,2.21217671199702,2,3,4
23,4,3,0.766666666666667,1.42984626300313,2.8565067160016,2,3,3
23,4,4,0.746666666666667,1.68926631000068,2.76389436000318,2,3,3
23,4,4,0.758333333333333,1.5850755049978,2.83539198400103,2,3,3
23,4,3,0.501666666666667,4.7725281019957,5.51227858399943,2,3,3
23,3,3,0.501666666666667,2.5226392379991,3.18952512599935,2,3,4
23,4,4,0.633333333333333,0.944383788002597,2.04393696800253,2,3,3
23,4,4,0.606666666666667,1.23674711499916,1.95082505499886,2,3,3
23,2,2,0.603333333333333,2.35636451699975,4.67097182200087,2,1,NaN
23,3,3,0.638333333333333,1.56497315000161,3.28830474099959,2,1,NaN
23,2,2,0.611666666666667,1.13439294800628,1.90505592000409,2,1,NaN
23,4,4,0.64,1.20972700400307,2.12485092299903,2,1,NaN
23,2,2,0.501666666666667,1.88350942699617,2.51079060299526,2,1,NaN
23,1,1,0.576666666666667,1.61288407200482,3.07107747100235,2,1,NaN
23,2,2,0.355,2.11949596599879,3.5779563870019,2,1,NaN
23,3,3,0.6,1.50150622200454,2.65621005800494,2,1,NaN
23,4,2,0.501666666666667,1.57752298600099,2.26871196499997,2,1,NaN
23,2,2,0.501666666666667,1.81234673099971,2.49620114099525,2,1,NaN
23,1,1,0.593333333333333,2.05474133299867,3.04892277000181,2,1,NaN
23,4,4,0.628333333333333,1.36193215299863,2.58849442400242,2,1,NaN
23,3,3,0.603333333333333,2.22498846499366,3.51637268099876,2,1,NaN
23,3,3,0.761666666666667,2.2326029859978,3.51477323099971,2,1,NaN
23,2,2,0.753333333333333,2.06461595900328,3.22795709400089,2,1,NaN
23,1,4,0.251666666666667,2.7412957359993,3.78308387700235,2,1,NaN
23,3,3,0.751666666666667,1.63383304300078,2.63652088899835,2,1,NaN
23,1,1,0.618333333333333,1.0866747619948,2.12885940999695,2,1,NaN
23,1,3,0.365,2.36768989100528,3.84241197800293,2,1,NaN
23,3,3,0.378333333333333,1.99482001400611,3.31071526800224,2,1,NaN
23,2,2,0.501666666666667,1.78836954799772,2.49437370999658,2,1,NaN
23,1,1,0.625,2.38219746500545,3.8242404860066,2,1,NaN
23,4,2,0.501666666666667,2.55297618699842,3.52493643599882,2,1,NaN
23,2,2,0.501666666666667,1.18576632199984,2.08556057100213,2,1,NaN
23,1,1,0.596666666666667,1.47675838800205,2.40729261300294,2,1,NaN
23,4,2,0.501666666666667,1.514165847002,2.14124993300356,2,1,NaN
23,3,1,0.501666666666667,1.32382650599902,1.73531136399833,2,1,NaN
23,3,3,0.598333333333333,2.52497852699889,3.59259341500001,2,1,NaN
23,4,2,0.501666666666667,1.25088292799774,2.19716693699593,2,1,NaN
23,4,4,0.501666666666667,1.45662668599834,2.07640427900333,2,1,NaN
23,2,2,0.501666666666667,2.43581413500215,3.22340019499825,2,1,NaN
23,3,3,0.501666666666667,1.57646435200149,2.10703983699932,2,1,NaN
23,4,4,0.51,1.38682165899809,1.99090423400048,2,1,NaN
23,2,2,0.501666666666667,1.10651524800051,1.54854263199377,2,1,NaN
23,2,2,0.501666666666667,1.41936156999873,2.71035625600052,2,1,NaN
23,1,1,0.616666666666667,6.58665483599907,9.38874840700009,2,2,2
23,3,3,0.753333333333333,2.64167936499871,5.14070017699851,2,2,2
23,1,1,0.501666666666667,2.85518523700011,3.15379823499825,2,2,4
23,2,2,0.866666666666667,1.48685442800343,3.00961044600263,2,2,4
23,2,2,0.751666666666667,2.01154828899598,4.16782532599609,2,2,3
23,2,2,0.626666666666667,2.32953027199983,3.644514575004,2,2,4
23,3,4,0.755,4.97253117499349,6.04710439699556,2,2,4
23,1,1,0.588333333333333,1.61344351399748,2.67984318699746,2,2,2
23,1,2,0.641666666666667,1.41620190800313,3.25214014100493,2,2,2
23,1,1,0.64,1.53129911900032,2.60619760500413,2,2,2
23,3,3,0.743333333333333,1.89692645500327,3.1795055840048,2,2,1
23,3,3,0.751666666666667,1.67883273899497,2.85768914299842,2,2,4
23,1,1,0.753333333333333,1.49045526700502,3.78909913800453,2,2,3
23,3,3,0.745,1.43905233700207,2.49041842800216,2,2,2
23,3,3,0.748333333333333,1.26635327600525,2.11653051499889,2,2,2
23,3,3,0.768333333333333,1.92331806299626,2.91799451899715,2,2,2
23,2,2,0.775,2.27676769899699,3.71194252299756,2,2,1
23,2,2,0.63,1.15657977799856,3.15230686299765,2,2,3
23,1,1,0.753333333333333,1.09973619200173,2.19779546200152,2,2,2
23,4,2,0.558333333333333,3.94634368499828,7.15656527700048,2,2,3
23,3,3,0.745,1.2604542209956,3.77584555599606,2,2,2
23,4,4,0.741666666666667,2.23400385300192,3.77354251500219,2,2,2
23,2,2,0.746666666666667,1.78420068199921,4.20366054100305,2,2,1
23,1,1,0.745,1.15607096099848,2.55919231900043,2,2,2
23,3,3,0.653333333333333,1.33221172000049,2.75827795499936,2,2,2
23,3,3,0.646666666666667,1.59587741900032,3.10391300099582,2,2,4
23,1,1,0.616666666666667,1.49329208899871,2.53613870400295,2,2,4
23,3,3,0.756666666666667,2.07001889100502,3.24923833300272,2,2,2
23,1,1,0.608333333333333,1.73670744899573,3.01105909099715,2,2,3
23,4,4,0.758333333333333,1.6058101890012,2.69654405199981,2,2,1
23,1,1,0.611666666666667,2.07982973899925,3.27342929600127,2,2,2
23,3,3,0.6,3.8098889210014,5.74913921999541,2,2,2
23,1,4,0.498333333333333,3.74246299299557,5.86476955399849,2,2,4
23,2,2,0.621666666666667,1.47824217100424,2.91393306800455,2,2,4
23,4,3,0.64,2.11853097099811,3.83421672099939,2,2,3
23,3,3,0.366666666666667,2.3162283030033,4.64766498799872,2,1,NaN
23,1,2,0.25,1.7337256259998,2.56049069100118,2,1,NaN
23,4,4,0.38,1.2540612619996,2.65801971500332,2,1,NaN
23,2,2,0.621666666666667,1.74618577300134,2.90939994500513,2,1,NaN
23,3,3,0.648333333333333,1.17154769699846,1.9743706090012,2,1,NaN
23,1,1,0.493333333333333,1.45111847500084,2.57395357100177,2,1,NaN
23,4,4,0.646666666666667,1.27506913099933,1.85421956200298,2,1,NaN
23,2,2,0.605,1.09566680299758,1.93865799200285,2,1,NaN
23,4,2,0.495,2.12848057200608,3.10055347700109,2,1,NaN
23,2,2,0.511666666666667,1.32240018100129,2.20454787999915,2,1,NaN
23,2,2,0.745,1.19199443000252,3.4510164509993,2,1,NaN
23,4,4,0.745,1.26713500700134,2.28678114599461,2,1,NaN
23,4,4,0.75,1.50258119100181,3.69006844500109,2,1,NaN
23,4,4,0.37,2.78366070599441,3.89806062799471,2,1,NaN
23,3,4,0.391666666666667,1.27202201299951,3.86795148400415,2,1,NaN
23,4,3,0.495,1.45789074800268,2.86136761100352,2,1,NaN
23,1,3,0.376666666666667,2.00459290100116,2.82350012900133,2,1,NaN
23,1,3,0.363333333333333,1.497236342002,2.70766410299984,2,1,NaN
23,4,1,0.505,1.18780017099925,2.33411294600228,2,1,NaN
23,4,4,0.6,1.34065133799595,1.94404299699818,2,1,NaN
23,3,3,0.866666666666667,1.68474777400115,3.1676383189988,2,1,NaN
23,2,2,0.501666666666667,2.26773486300226,2.95106098600081,2,1,NaN
23,3,3,0.501666666666667,1.77121326399356,3.51756226899306,2,1,NaN
23,2,2,0.501666666666667,3.21925824400387,3.83044466099818,2,1,NaN
23,4,2,0.501666666666667,2.01446603399381,2.57754721099627,2,1,NaN
23,1,1,0.501666666666667,1.27710350199777,1.70483161899756,2,1,NaN
23,1,3,0.501666666666667,1.92002150200278,2.29886220100161,2,1,NaN
23,4,2,0.501666666666667,2.53825567199965,3.03756702499959,2,1,NaN
23,3,3,0.75,1.81428997799958,3.41786141099874,2,1,NaN
23,1,2,0.631666666666667,1.6500285919974,2.70097678299499,2,1,NaN
23,1,1,0.63,1.91589851999743,3.0542140250036,2,1,NaN
23,1,1,0.501666666666667,1.54377402700629,2.09904507600004,2,1,NaN
23,4,4,0.748333333333333,1.14614646900009,2.3883364850044,2,1,NaN
23,3,3,0.621666666666667,1.48911117899843,2.34748442599812,2,1,NaN
23,4,3,0.501666666666667,1.41720837399771,1.76429658100096,2,1,NaN
23,2,2,0.863333333333333,3.51809486999991,6.74618922700029,2,3,1
23,1,1,0.741666666666667,1.39412386599724,2.46870381699409,2,3,2
23,2,2,0.848333333333333,1.66991402400163,3.52083787800075,2,3,1
23,2,2,0.755,1.9338740480016,3.51255444999697,2,3,1
23,2,1,0.565,1.8296962280001,3.0661453549983,2,3,1
23,2,2,1,1.85640464499738,3.77035279700067,2,3,1
23,1,1,0.748333333333333,1.31021707399486,2.00174488899938,2,3,2
23,1,1,0.745,1.30017774400039,2.09420134500397,2,3,2
23,1,2,0.526666666666667,1.12685945599515,3.33053943999403,2,3,2
23,2,1,0.623333333333333,1.79811112400057,2.94568071600224,2,3,1
23,1,2,0.51,2.85395539399906,3.63989371199568,2,3,2
23,1,1,0.741666666666667,1.59316687200044,2.63547849599854,2,3,2
23,2,2,0.763333333333333,1.39765373599948,2.48130119800044,2,3,1
23,1,1,0.731666666666667,1.352097297,2.4032618469937,2,3,2
23,1,1,0.753333333333333,1.39063521000207,3.00090742800239,2,3,2
23,1,1,0.753333333333333,0.971279983001295,5.44727850100026,2,3,2
23,1,1,0.735,1.10843809699873,2.22297385999991,2,3,2
23,1,1,0.745,1.31297746500059,2.59658796700387,2,3,2
23,2,2,0.761666666666667,2.99110724600177,3.69832525999664,2,3,1
23,2,2,0.745,1.05569643900526,1.92322404900187,2,3,1
23,2,2,0.76,1.22559831599938,2.68499710999458,2,3,1
23,1,2,0.618333333333333,1.97270277399366,3.16727892599738,2,3,2
23,1,1,0.501666666666667,1.16256703399995,1.55754942399653,2,3,2
23,1,1,0.75,2.19628471999749,4.13431437299732,2,3,2
23,2,1,0.503333333333333,1.49062541199964,3.14081617999909,2,3,1
23,1,1,0.641666666666667,1.46661815400148,2.35805238500325,2,3,2
23,2,2,0.743333333333333,1.37921526900027,2.55063505599537,2,3,1
23,1,1,0.751666666666667,1.31516776100034,2.54216071800329,2,3,2
23,1,1,0.75,1.95457281399285,3.31002611899748,2,3,2
23,2,2,0.746666666666667,2.2750202610041,3.99879409400455,2,3,1
23,2,2,0.736666666666667,1.38389898400055,2.90773542899842,2,3,1
23,1,1,0.656666666666667,1.1132093970009,2.02826162499696,2,3,2
23,2,2,0.64,1.74194564800564,3.00221251300536,2,3,1
23,2,2,0.64,1.13200682600291,2.29562054000417,2,3,1
23,1,2,0.5,1.17407492500206,1.55208150000544,2,3,2
23,4,4,0.593333333333333,2.56308252800227,5.7662746490023,2,2,3
23,3,3,0.75,2.22287242099992,3.40997549000167,2,2,2
23,1,1,0.623333333333333,2.21964047099755,3.39891170099872,2,2,2
23,1,1,0.748333333333333,2.04118833100074,2.99496305000503,2,2,4
23,3,3,0.755,1.87828682200052,3.4812400860028,2,2,2
23,4,2,0.755,1.58392436699796,2.64250347600318,2,2,2
23,2,2,0.73,1.69263900900114,2.75104323199776,2,2,1
23,3,3,0.746666666666667,1.50835483500123,2.74263697699644,2,2,2
23,3,3,0.763333333333333,2.0922475260013,3.42368887500197,2,2,1
23,4,3,0.501666666666667,3.41623841600085,4.23607134899794,2,2,3
23,2,2,0.746666666666667,1.66697370399925,2.78238014299859,2,2,4
23,3,3,0.763333333333333,1.70585111899709,2.54827822299558,2,2,1
23,1,1,0.65,2.76194364900584,4.06004830000165,2,2,2
23,1,1,0.746666666666667,2.15627386400593,4.03991092300566,2,2,4
23,3,3,0.763333333333333,2.35140373800095,3.78516058999958,2,2,1
23,4,2,0.616666666666667,1.70852070600085,2.95834930799901,2,2,2
23,2,2,0.496666666666667,3.65984007200313,5.84594921299868,2,2,4
23,4,3,0.631666666666667,3.10846309200133,4.56681931200001,2,2,3
23,4,4,0.635,3.02540101500199,4.08565038200322,2,2,2
23,4,3,0.613333333333333,2.49893535099545,3.85296893600025,2,2,3
23,3,3,0.601666666666667,1.43749764899985,3.52051535499777,2,2,1
23,3,3,0.645,1.39743898999586,3.02434633999655,2,2,1
23,4,2,0.633333333333333,1.6505439590037,2.57344052199915,2,2,2
23,1,1,0.761666666666667,2.73751831099798,4.31692806399951,2,2,4
23,2,2,0.733333333333333,1.46447794500273,2.32422670800588,2,2,4
23,4,1,0.618333333333333,1.66633394099335,2.38022627899772,2,2,1
23,4,4,0.633333333333333,2.18509472699952,3.61972370999865,2,2,1
23,3,3,0.616666666666667,2.14001249799912,3.062917234005,2,2,2
23,1,1,0.745,2.11942173699936,3.3138093009984,2,2,4
23,1,1,0.625,1.92792207199818,3.17862594699545,2,2,2
23,1,1,0.628333333333333,1.4695939939993,3.04731159400399,2,2,2
23,2,2,0.766666666666667,3.76891091799916,5.10843189599836,2,2,4
23,1,1,0.748333333333333,1.53553177100548,2.78600118000031,2,2,3
23,2,2,0.621666666666667,3.25382610999804,5.29794989200309,2,2,4
23,3,3,0.638333333333333,7.3008411050032,8.40044171299814,2,2,1
23,2,2,0.758333333333333,1.88912010299828,3.02925725199748,2,2,3
23,3,3,0.583333333333333,2.28549118299998,3.17569578399707,2,2,1
23,3,3,0.633333333333333,1.63668062799843,2.48639842600096,2,2,2
23,4,4,0.621666666666667,2.63072742099757,3.41058502999658,2,2,1
23,3,3,0.616666666666667,2.40432839900313,3.47964643000159,2,2,2
23,3,3,0.748333333333333,1.35764811900299,2.48770745500224,2,2,4
23,4,4,0.765,1.77600593699754,4.16308801699779,2,2,3
23,2,2,0.883333333333333,1.91721415800566,3.69608404800238,2,2,1
23,3,3,0.75,1.43862708900269,3.09772154600068,2,2,4
23,1,3,0.501666666666667,2.02387726699817,5.89076073400065,2,2,2
23,2,2,0.616666666666667,1.08618641400244,2.7051762129995,2,2,1
23,3,3,0.626666666666667,9.14407864100212,10.0750822270056,2,2,4
23,3,3,0.73,1.55434712800343,2.97456498300016,2,2,1
23,3,3,0.591666666666667,3.20108998999785,5.22040145199571,2,2,2
23,2,2,0.778333333333333,1.73011723499803,2.84477257300023,2,2,4
23,1,1,0.743333333333333,1.31682461699529,2.9845046709961,2,2,4
23,3,3,0.631666666666667,2.89920671100117,5.83150199100055,2,2,4
23,2,2,0.498333333333333,2.22043922900048,11.0788785879995,2,2,3
23,3,3,0.601666666666667,1.83855049999693,2.80182800699549,2,2,2
23,1,1,0.638333333333333,1.68391541599703,2.6867163259958,2,2,3
23,3,3,0.606666666666667,3.53407194100146,4.57688527100254,2,2,1
23,1,1,0.596666666666667,3.67511541999556,5.67726516899711,2,2,4
23,4,4,0.603333333333333,3.30611197099643,4.59661922399391,2,2,2
23,4,2,0.581666666666667,1.89456961399992,3.5215030410036,2,2,2
23,1,1,0.626666666666667,1.37467867999658,2.11338394799532,2,2,4
23,4,2,0.598333333333333,2.46437095600413,4.69069545200182,2,2,2
23,4,1,0.645,1.99283789000037,4.78751558100339,2,2,1
23,1,2,0.668333333333333,2.39620372100035,3.30303934800031,2,2,2
23,4,1,0.501666666666667,3.71013168700301,4.23177155099984,2,2,1
23,3,3,0.735,1.48075191199314,3.26027435199649,2,2,4
23,1,1,0.746666666666667,1.54766521700367,2.67855692699959,2,2,2
23,1,1,0.67,2.21441110900196,5.16901244500332,2,2,3
23,3,3,0.756666666666667,1.54613746299583,2.91042025199567,2,2,1
23,4,4,0.878333333333333,1.35554359999514,3.4620344779978,2,2,3
23,3,3,0.756666666666667,2.00636197900167,3.61010446999717,2,2,1
23,1,1,0.755,2.24070806099917,4.24278328500077,2,3,3
23,1,1,0.755,1.65918344500096,2.9733701169971,2,3,3
23,1,1,0.76,2.10557006899762,2.94948042900069,2,3,3
23,3,3,0.755,3.01779182599421,4.7240779729982,2,3,1
23,3,3,0.75,1.88813486199797,4.77057088499714,2,3,1
23,1,3,0.755,2.78952449600183,4.52071833099762,2,3,3
23,1,1,0.743333333333333,2.94809182800236,4.05468671100243,2,3,3
23,3,3,0.621666666666667,2.11858387399843,4.76901877299679,2,3,1
23,1,3,0.71,4.0756518019989,4.8470085480003,2,3,3
23,3,4,0.506666666666667,1.11657173300046,3.1119622749975,2,3,1
23,3,3,0.875,1.39748246599629,2.91306911899301,2,3,1
23,1,1,0.616666666666667,1.3186082329994,3.0642910289971,2,3,3
23,3,3,0.75,1.72934569200152,3.03641921099916,2,3,1
23,1,1,0.726666666666667,1.61321211999893,2.92018320300122,2,3,3
23,1,1,0.746666666666667,1.1339992600042,2.54390067200438,2,3,3
23,3,3,0.621666666666667,2.79813863900199,3.68099203600286,2,3,1
23,1,3,0.621666666666667,1.37467531600123,2.26520068499667,2,3,3
23,3,3,0.755,0.971126161995926,3.67878905799444,2,3,1
23,1,3,0.635,1.38765299399529,2.29491686999972,2,3,3
23,1,1,0.501666666666667,3.654706334004,5.3131429999994,2,3,3
23,3,3,0.658333333333333,3.90856550499302,4.65655485699972,2,3,1
23,3,3,0.76,1.42209784500301,3.0249594229972,2,3,1
23,3,3,0.753333333333333,1.13124659300229,2.20511486699979,2,3,1
23,3,3,0.728333333333333,0.857587182996213,2.21919958500075,2,3,1
23,3,3,0.733333333333333,1.65380162100337,3.40896557000087,2,3,1
23,3,3,0.763333333333333,1.02737866599637,1.91852360600024,2,3,1
23,3,3,0.888333333333333,0.860878015002527,1.74353691800206,2,3,1
23,1,1,0.636666666666667,1.50205540000024,2.88996654500079,2,3,3
23,1,1,0.615,1.67995913699997,2.75575116300024,2,3,3
23,3,3,0.863333333333333,2.29582999500417,3.34745400400425,2,3,1
23,3,3,0.751666666666667,0.8388579090024,2.23291052300192,2,3,1
23,1,3,0.758333333333333,1.77987075800047,3.07811435300391,2,3,3
23,1,1,0.743333333333333,1.47027875200001,2.81763230599609,2,3,3
23,1,1,0.618333333333333,1.47530184999778,2.78211916799773,2,3,3
23,3,3,0.758333333333333,1.62564992400439,4.95612726200488,2,3,1
23,1,1,0.39,1.67616174400609,3.83924444299919,2,1,NaN
23,4,3,0.383333333333333,3.33506294999825,5.7384317449978,2,1,NaN
23,4,2,0.503333333333333,1.95629496900074,3.09530320799968,2,1,NaN
23,3,3,0.64,1.90183835000062,2.80055375999655,2,1,NaN
23,1,2,0.67,1.58722431599745,2.47117850599898,2,1,NaN
23,1,1,0.62,2.69415982600185,3.81705690099625,2,1,NaN
23,4,2,0.74,1.69802698199783,3.68473727200035,2,1,NaN
23,4,2,0.626666666666667,2.05192156199337,3.14292536699941,2,1,NaN
23,3,2,0.631666666666667,2.26780403400335,3.38972198699776,2,1,NaN
23,4,3,0.505,1.8971631950044,5.93996117500501,2,1,NaN
23,1,1,0.605,3.9984833050039,4.77018007999868,2,1,NaN
23,1,1,0.663333333333333,1.92343961999723,3.19887718200334,2,1,NaN
23,1,1,0.581666666666667,1.04824619300052,1.9946542760008,2,1,NaN
23,3,3,0.766666666666667,1.26319272899855,2.23329812299926,2,1,NaN
23,4,1,0.501666666666667,8.60332104500412,9.76729447300022,2,1,NaN
23,2,3,0.388333333333333,1.90669643000001,3.31004565700277,2,1,NaN
23,2,2,0.743333333333333,1.53883054100152,4.70928539099987,2,1,NaN
23,4,2,0.62,3.0492418510039,4.05287143400346,2,1,NaN
23,1,2,0.366666666666667,1.43569475700497,2.60607710100157,2,1,NaN
23,1,2,0.506666666666667,2.92164780199528,3.85233986299863,2,1,NaN
23,3,3,0.496666666666667,2.05229686100211,2.96696143500594,2,1,NaN
23,3,3,0.501666666666667,2.09890316399833,2.69333822599583,2,1,NaN
23,3,3,0.625,1.11738476800383,3.80911087400455,2,1,NaN
23,2,3,0.605,1.56244474499545,2.53277559099661,2,1,NaN
23,1,3,0.501666666666667,1.32252445100312,1.98235472899978,2,1,NaN
23,1,1,0.501666666666667,1.82592264699633,2.32443532299658,2,1,NaN
23,3,3,0.635,1.70725393199973,2.65533995100122,2,1,NaN
23,2,3,0.501666666666667,3.07927940900117,3.83549360300094,2,1,NaN
23,2,3,0.25,4.25866061799752,8.76540886399744,2,1,NaN
23,1,1,0.756666666666667,1.39581138799986,2.74179287900188,2,1,NaN
23,4,3,0.753333333333333,1.78810866999993,3.11102098000265,2,1,NaN
23,3,3,0.586666666666667,2.10166740400018,4.1833819970052,2,1,NaN
23,2,2,0.611666666666667,1.79443758499838,2.70895129600103,2,1,NaN
23,4,1,0.255,6.97167269700003,8.55214819200046,2,1,NaN
23,4,3,0.4,2.66047062900179,4.1364053070065,2,1,NaN
23,4,2,0.496666666666667,2.61695091400179,4.48423849599931,2,2,2
23,3,3,0.751666666666667,2.10532892300398,3.84577623200312,2,2,2
23,1,1,0.505,2.88443388800079,3.37428657499549,2,2,4
23,1,1,0.383333333333333,2.05075993799983,3.18117112800246,2,2,4
23,4,3,0.495,5.25661373600451,7.66804610800318,2,2,3
23,4,3,0.613333333333333,3.47821435200603,4.52094945200224,2,2,3
23,2,2,0.741666666666667,1.62086604499927,3.81563749799534,2,2,1
23,3,3,0.876666666666667,2.14476873799867,3.35687725999742,2,2,1
23,2,2,0.743333333333333,2.09657396099647,3.99563946000126,2,2,4
23,4,4,0.746666666666667,1.2522059710027,2.83175227100583,2,2,2
23,4,3,0.741666666666667,2.13707864699973,3.40440635399864,2,2,1
23,3,3,0.755,1.50976014600019,2.52884428200196,2,2,4
23,2,2,0.746666666666667,1.3505700809983,2.43333621799684,2,2,4
23,1,1,0.743333333333333,2.0910602560034,3.31020262400125,2,2,3
23,4,1,0.635,2.82849511100358,4.52000860199769,2,2,1
23,2,2,0.645,1.70720946100482,2.62279116100399,2,2,3
23,3,3,0.748333333333333,2.04039485300018,2.99533549600164,2,2,2
23,1,2,0.626666666666667,3.10977346700383,4.44852213400009,2,2,2
23,1,2,0.605,1.67135929399956,2.57834770300542,2,2,2
23,1,1,0.751666666666667,1.78217834199313,3.30480021899712,2,2,4
23,3,3,0.765,1.76776621599856,3.16320462199656,2,2,1
23,4,4,0.501666666666667,2.39833882899984,3.14539822700317,2,2,1
23,3,3,0.743333333333333,2.10116847999598,3.56771602200024,2,2,1
23,2,2,0.746666666666667,1.5798524050042,3.0076264560048,2,2,3
23,1,1,0.755,1.60899406400131,3.23576557399792,2,2,2
23,4,4,0.64,3.42029196599469,4.55261111999425,2,2,1
23,1,1,0.618333333333333,2.12225731399667,3.0055615750025,2,2,4
23,4,1,0.578333333333333,1.83190578600625,2.72297308600537,2,2,1
23,2,2,0.626666666666667,1.85736732300575,3.11541692500032,2,2,4
23,4,2,0.52,2.47362902400346,3.04533020000235,2,2,2
23,2,2,0.501666666666667,1.50913682800456,2.15224857200519,2,2,1
23,1,4,0.503333333333333,4.66166231099487,5.47224054899561,2,2,4
23,4,2,0.501666666666667,2.01315575499757,2.6077068529994,2,2,2
23,1,2,0.501666666666667,4.0754295250008,5.71813800399832,2,2,2
23,1,1,0.501666666666667,3.46482592800021,4.03536823699687,2,2,2
23,4,3,0.376666666666667,2.48694452400377,3.7700135250052,2,1,NaN
23,4,2,0.25,2.50086228599685,3.78531008100254,2,1,NaN
23,3,3,0.63,2.56201893100661,3.78982828100561,2,1,NaN
23,4,3,0.501666666666667,1.695284454996,2.82688107599824,2,1,NaN
23,2,2,0.395,1.14039633300126,2.03937948899693,2,1,NaN
23,4,3,0.501666666666667,2.90531008600374,3.6441831100019,2,1,NaN
23,1,3,0.641666666666667,2.90930607400514,4.2152944010013,2,1,NaN
23,4,3,0.503333333333333,2.07246236799983,2.82734981099929,2,1,NaN
23,4,2,0.501666666666667,2.12554610799998,2.60961448599846,2,1,NaN
23,4,3,0.501666666666667,2.45965514599811,3.27824313499877,2,1,NaN
23,4,3,0.501666666666667,2.20511987400096,2.75148385899956,2,1,NaN
23,3,3,0.626666666666667,2.06933304999984,4.00029962799454,2,1,NaN
23,1,1,0.361666666666667,2.24959248999949,3.41193016699981,2,1,NaN
23,4,3,0.641666666666667,1.44588254799601,2.29774970699509,2,1,NaN
23,1,1,0.501666666666667,1.53601583500131,2.39517018300103,2,1,NaN
23,4,2,0.501666666666667,1.87761762699665,2.63380130599398,2,1,NaN
23,2,1,0.248333333333333,3.0587647909997,5.29381733499758,2,1,NaN
23,4,3,0.346666666666667,2.64188587699755,3.84490848999849,2,1,NaN
23,3,3,0.511666666666667,1.7891223129991,2.47296911099693,2,1,NaN
23,4,3,0.503333333333333,3.0567734110009,4.46758864800358,2,1,NaN
23,1,2,0.505,2.9782047760018,5.23737932000222,2,1,NaN
23,3,3,0.506666666666667,3.12293411700375,5.23886920099903,2,1,NaN
23,3,3,0.505,2.74079859499761,3.59938970600342,2,1,NaN
23,3,3,0.501666666666667,1.6735986249987,3.26102887799789,2,1,NaN
23,4,3,0.501666666666667,1.32451174900052,2.53535638400353,2,1,NaN
23,1,3,0.255,2.01341518099798,3.25731615599943,2,1,NaN
23,3,3,0.505,0.944775652998942,1.80413229999976,2,1,NaN
23,2,2,0.371666666666667,2.01506777900067,3.03545183000097,2,1,NaN
23,1,1,0.24,2.71520805299951,3.95148592800251,2,1,NaN
23,1,1,0.373333333333333,1.29771895999875,1.95753292599693,2,1,NaN
23,4,2,0.373333333333333,2.31466666900087,3.42086456700054,2,1,NaN
23,3,3,0.638333333333333,2.08695235599589,2.88146687900007,2,1,NaN
23,4,1,0.501666666666667,1.64125469599821,2.09998871399875,2,1,NaN
23,2,2,0.501666666666667,1.43533343700256,2.14194421900174,2,1,NaN
23,4,4,0.501666666666667,1.56471622499521,2.28040294499806,2,1,NaN
23,3,3,0.631666666666667,2.28650369899697,3.53002452800138,2,3,2
23,3,3,0.748333333333333,1.98946098099987,3.0887152610012,2,3,2
23,3,3,0.501666666666667,1.37603073199716,2.38688122599706,2,3,2
23,3,3,0.611666666666667,1.71834598400164,2.56059343399829,2,3,2
23,3,3,0.576666666666667,1.46180678899691,3.07236095699773,2,3,2
23,2,2,0.525,1.00859518799552,2.17106929099828,2,3,3
23,2,2,0.501666666666667,0.880528679001145,1.48268408500007,2,3,3
23,2,2,0.501666666666667,1.19608896199497,1.71877523799776,2,3,3
23,3,2,0.501666666666667,4.18989495700225,6.16125739299605,2,3,2
23,3,3,0.783333333333333,1.65819080499932,3.02096513199649,2,3,2
23,3,3,0.88,1.43115873300121,2.09037104500021,2,3,2
23,3,3,0.85,1.7057466519982,3.63756887699856,2,3,2
23,3,3,0.876666666666667,2.14169285999378,3.48080419199687,2,3,2
23,3,3,0.666666666666667,2.39050097799918,3.33046607299912,2,3,2
23,3,3,0.861666666666667,1.19069652799953,2.14659300700441,2,3,2
23,3,3,0.64,2.80726742000115,5.0339718940013,2,3,2
23,2,2,0.765,1.77697151699977,3.88475747600023,2,3,3
23,2,2,0.65,1.54572027100221,2.35003283900005,2,3,3
23,2,2,0.621666666666667,1.31409330099996,2.07631364099507,2,3,3
23,2,2,0.618333333333333,1.68555004600057,2.52733492799598,2,3,3
23,2,2,0.501666666666667,1.11027353900135,1.51407568300056,2,3,3
23,3,2,0.503333333333333,2.67198510099843,3.90641612499894,2,3,2
23,3,2,0.503333333333333,2.2811235879999,4.51677967499563,2,3,2
23,2,2,0.503333333333333,1.28753393599618,1.9462021090003,2,3,3
23,3,3,0.501666666666667,1.96837395300099,2.60299032100011,2,3,2
23,2,2,0.501666666666667,1.58233631800249,1.90546497900505,2,3,3
23,2,2,0.501666666666667,1.44927601900417,1.86902940199798,2,3,3
23,3,3,0.59,0.932889973002602,1.8883954970006,2,3,2
23,2,2,0.501666666666667,0.912503339000978,1.60447777099762,2,3,3
23,3,3,0.501666666666667,1.23914347800019,1.85925148400565,2,3,2
23,3,3,0.501666666666667,1.54029618800269,2.07922702599899,2,3,2
23,2,3,0.501666666666667,1.39919891700265,1.71505884700309,2,3,3
23,2,3,0.506666666666667,1.2098188050004,3.27688867100369,2,3,3
23,2,2,0.501666666666667,1.19542488000297,1.59932995300187,2,3,3
23,2,2,0.75,1.3146047429982,2.71008092199918,2,3,3
24,4,4,0.501666666666667,1.14729996099777,2.23111729299853,2,3,3
24,4,4,0.655,1.09635818099923,2.27414374799991,2,3,3
24,3,3,0.141666666666667,1.87620497000171,3.30275630300457,2,3,4
24,4,4,0.625,1.31693548899784,2.14300273700064,2,3,3
24,3,3,0.668333333333333,1.41409538900189,2.29012697299913,2,3,4
24,3,3,0.195,1.45593073200143,2.15419960599684,2,3,4
24,3,3,0.411666666666667,1.34449641899846,2.28425348299788,2,3,4
24,3,3,0.775,1.06778996600042,1.83899738900072,2,3,4
24,4,4,1,1.20845150699461,2.77271491699503,2,3,3
24,4,4,0.0433333333333333,2.25621415900241,3.89072852800018,2,3,3
24,3,3,0.448333333333333,1.24129216199799,2.9081232690005,2,3,4
24,3,3,0.5,1.6102576129997,2.62151532300049,2,3,4
24,4,3,0.291666666666667,1.73604905699904,2.2914087340032,2,3,3
24,4,4,0,2.19419247699989,3.26174382499448,2,3,3
24,3,3,0.503333333333333,1.1421731159935,1.81686651899508,2,3,4
24,4,4,0.468333333333333,1.18787348300248,1.84587167300197,2,3,3
24,3,3,0.816666666666667,0.944479967998632,1.70848182900227,2,3,4
24,3,3,0.996666666666667,1.04331168899807,2.41523895900173,2,3,4
24,4,3,0,1.70527044899791,3.25232598699949,2,3,3
24,4,4,0.591666666666667,1.08355457599828,1.6792758119991,2,3,3
24,4,4,0.375,1.16754374800075,1.87518096600252,2,3,3
24,4,4,0.503333333333333,3.1635988650014,3.8540208350023,2,3,3
24,3,3,0.631666666666667,1.06103443699976,1.68015679900418,2,3,4
24,3,3,0.735,1.04903112000466,1.81925212600618,2,3,4
24,4,3,0.103333333333333,1.99069648099976,3.01884704399708,2,3,3
24,4,4,0.503333333333333,1.10681594199559,1.70991505799611,2,3,3
24,3,3,1,1.84531151999545,3.1519200259936,2,3,4
24,4,4,0.296666666666667,1.42073116199754,2.3446417419982,2,3,3
24,4,3,0.408333333333333,2.13216687800013,2.91021417199954,2,3,3
24,3,3,0.436666666666667,1.07754575700528,1.83275085299829,2,3,4
24,4,3,0.231666666666667,1.49068816100043,2.16566310900089,2,3,3
24,3,3,0.978333333333333,0.994259459999739,1.88504589199874,2,3,4
24,4,4,0.208333333333333,1.29338714199548,2.50522069899307,2,3,3
24,3,3,0.651666666666667,0.9429235159987,1.44202802999644,2,3,4
24,4,4,0.761666666666667,1.451925115005,2.29475703000207,2,3,3
24,1,1,0.501666666666667,2.65317646600306,3.992719201,2,2,4
24,1,1,0.501666666666667,1.23358152199944,1.79696635000437,2,2,4
24,4,4,0.801666666666667,1.16870246100007,2.07503665200056,2,2,1
24,4,4,0.306666666666667,1.55658153499826,2.40721587699954,2,2,1
24,3,3,0.548333333333333,1.65865805900103,2.43849440300255,2,2,2
24,3,3,0.625,0.975405764998868,2.11346972900355,2,2,4
24,2,2,0.495,1.29672011299408,2.14755012899695,2,2,4
24,4,4,0.39,2.56123467099678,3.7078172649999,2,2,1
24,4,4,0.14,2.86642809900513,3.65279654800543,2,2,1
24,3,3,0.943333333333333,1.22078044900263,2.74416934600595,2,2,4
24,4,4,0.0216666666666667,3.5807308279982,4.80013241199777,2,2,1
24,2,2,0.96,1.4075570069981,2.59432304700022,2,2,4
24,4,4,0.991666666666667,1.24573109100311,2.04891774000134,2,2,3
24,2,2,0.541666666666667,1.26648225700046,1.93255742399924,2,2,4
24,2,2,0.821666666666667,1.46736492199852,2.67880097399757,2,2,1
24,1,1,0.921666666666667,1.44627010600379,2.40083739300462,2,2,3
24,3,3,0.25,1.46797195500403,2.55083410299994,2,2,1
24,4,4,0,3.05160548300046,4.17563404200337,2,2,1
24,3,3,0.578333333333333,1.52927235500101,2.40461059600057,2,2,1
24,1,1,1,1.51955097800237,2.45810236899706,2,2,4
24,2,2,0.458333333333333,1.15547801300272,1.72577342599834,2,2,3
24,1,4,0.005,1.71730454500357,2.64837690399872,2,2,4
24,4,4,0.981666666666667,1.21664164400136,2.11615547799738,2,2,3
24,3,2,0.42,1.26693818100466,2.11856653100403,2,2,4
24,3,3,0.315,1.30022968599951,2.17546732100163,2,2,4
24,1,1,1,1.26855369899567,2.19187981699361,2,2,2
24,2,2,0.0366666666666667,2.32314013499854,3.96695627900044,2,2,3
24,4,4,0.525,1.35256745500374,1.88500009600102,2,2,3
24,1,2,0.576666666666667,1.62017352399562,2.35029628799384,2,2,2
24,2,2,0.421666666666667,1.16447837099986,1.61633071100368,2,2,1
24,3,3,0.998333333333333,1.12266515700321,2.22868500400364,2,2,4
24,3,3,0.538333333333333,1.00727726300101,2.08194764200016,2,2,1
24,1,3,0,1.74678321999818,3.02208782899834,2,2,3
24,3,3,0.786666666666667,3.5358802289993,4.5300364270006,2,2,1
24,2,2,0.991666666666667,1.45349318200169,2.41747949000273,2,2,4
24,4,2,0.0183333333333333,2.36070829800155,17.7007121139977,2,1,NaN
24,2,2,0.515,3.21081147399673,4.16546801899676,2,1,NaN
24,3,2,0.0566666666666667,2.11982616400201,3.36370145500405,2,1,NaN
24,4,2,0.136666666666667,1.11057040000014,2.60182186400198,2,1,NaN
24,4,4,0.128333333333333,1.73228509500041,3.35208854999655,2,1,NaN
24,4,4,0.0616666666666667,1.42772008099564,2.46244746599405,2,1,NaN
24,4,4,0.171666666666667,1.03063249100524,2.12236004500301,2,1,NaN
24,2,2,0.336666666666667,1.68827423799667,2.45243779299926,2,1,NaN
24,1,1,0.491666666666667,1.27676708200306,1.79909366199718,2,1,NaN
24,3,2,0.493333333333333,1.16314466800395,1.55739706100576,2,1,NaN
24,1,2,0.766666666666667,0.948434520003502,2.30266966500494,2,1,NaN
24,1,1,0.811666666666667,1.11883530899649,2.17835566799477,2,1,NaN
24,3,3,0.31,1.61356713799614,2.54487503799464,2,1,NaN
24,3,3,0.34,1.21348405400204,1.97657900900231,2,1,NaN
24,1,2,0.0716666666666667,2.74101899599918,4.16733431199827,2,1,NaN
24,2,2,0.0733333333333333,1.29776850600319,3.42129276299966,2,1,NaN
24,4,1,0.085,1.51848233600322,2.29792235800414,2,1,NaN
24,2,2,0.313333333333333,1.22488924600475,1.89197273999889,2,1,NaN
24,2,3,0.305,2.00429121200432,3.87102949000109,2,1,NaN
24,4,3,0.37,1.42205792399909,2.24194957900181,2,1,NaN
24,3,3,0.776666666666667,1.03479393499583,2.12645280399738,2,1,NaN
24,4,2,0.228333333333333,1.51620895000087,2.39882927799772,2,1,NaN
24,1,1,0.646666666666667,1.05868920600187,2.39852006999718,2,1,NaN
24,3,3,0.986666666666667,1.19280034900294,2.51670121899951,2,1,NaN
24,3,3,0.436666666666667,1.6261431890016,2.80522748400108,2,1,NaN
24,1,1,0.641666666666667,1.10342364499957,2.59514391099947,2,1,NaN
24,2,2,0.903333333333333,1.10151728700293,1.97593775000132,2,1,NaN
24,3,2,0.428333333333333,1.63677359199937,2.27078625300055,2,1,NaN
24,2,2,0.501666666666667,0.848594896000577,1.24449365199689,2,1,NaN
24,3,2,0.666666666666667,1.49362604699854,2.41707397699793,2,1,NaN
24,3,2,0.406666666666667,1.5631048840005,2.20682994600065,2,1,NaN
24,1,2,0.633333333333333,1.35363007699925,2.96364019100292,2,1,NaN
24,4,4,0.538333333333333,1.76805456500006,2.80372428300325,2,1,NaN
24,3,3,0.495,1.19760822699754,1.73770960399997,2,1,NaN
24,3,3,0.2,0.92708221799694,1.40185578399542,2,1,NaN
24,1,1,0.356666666666667,1.16555791699648,2.77617918200121,2,1,NaN
24,1,2,0.521666666666667,1.18889514199691,1.7037440790009,2,1,NaN
24,3,3,0.54,1.20797071299603,1.64259734100051,2,1,NaN
24,3,3,1,0.893793776005623,1.91182759500225,2,1,NaN
24,3,3,0.736666666666667,1.01536902999942,2.37799940900004,2,1,NaN
24,1,3,0.453333333333333,1.43853984399902,2.20054303399957,2,1,NaN
24,1,3,0.07,1.80491851500119,2.64771084499807,2,1,NaN
24,4,2,0.236666666666667,1.23992313599592,2.28295438100031,2,1,NaN
24,1,2,0.161666666666667,2.45089452899992,3.28569193799922,2,1,NaN
24,3,3,0.588333333333333,1.15697675600677,1.96866823800519,2,1,NaN
24,2,2,0.798333333333333,1.22844795900164,2.88866951499949,2,1,NaN
24,4,1,0.0533333333333333,3.66334134299541,4.7064843459957,2,1,NaN
24,1,2,0.501666666666667,1.35089484499622,1.96972601299785,2,1,NaN
24,2,2,1,0.862510995997582,1.89704499700019,2,1,NaN
24,1,1,0.123333333333333,1.43359822400089,2.22727151399886,2,1,NaN
24,4,2,0.075,1.09428366700013,2.20023133599898,2,1,NaN
24,1,1,0,1.47665302499809,3.09540320700034,2,1,NaN
24,1,2,0.08,0.990277165001316,1.8886501119996,2,1,NaN
24,3,3,0.111666666666667,1.04892372899485,2.07695380699442,2,1,NaN
24,2,2,0.195,1.21199269999488,1.88665890199627,2,1,NaN
24,1,1,0.225,1.09591237299901,2.47462546399765,2,1,NaN
24,2,2,0.545,1.2586832119996,2.11862530800136,2,1,NaN
24,2,2,0.691666666666667,1.14920098800212,2.23120432699943,2,1,NaN
24,1,1,0.473333333333333,0.857884109005681,1.67660997000348,2,1,NaN
24,1,1,0.485,0.893379483000899,1.80832866299897,2,1,NaN
24,2,2,0.65,1.25985452799796,2.32653267999558,2,1,NaN
24,3,2,0.281666666666667,1.46085233600024,2.12859699199907,2,1,NaN
24,2,2,0.666666666666667,1.02982911899744,2.32872237799893,2,1,NaN
24,3,4,0,2.17492702299933,3.45796349999728,2,1,NaN
24,2,2,0.595,1.08189867100009,1.58063021500129,2,1,NaN
24,4,2,0.0333333333333333,0.865793691998988,1.76357423499576,2,1,NaN
24,1,2,0.193333333333333,0.945773316998384,1.82145108400437,2,1,NaN
24,3,4,1,1.35975646399311,2.94562335299997,2,1,NaN
24,4,3,0.24,1.47154782599682,2.23415969299822,2,1,NaN
24,4,1,0.793333333333333,1.35600644600345,2.85461283000041,2,1,NaN
24,2,2,0.54,2.4194667519987,3.39053266100382,2,2,3
24,2,2,0.675,0.945247780997306,1.72341505499935,2,2,3
24,3,4,0.436666666666667,1.49159991600027,2.79842977599765,2,2,1
24,2,2,0.81,1.01614824299759,1.9066366870029,2,2,1
24,3,2,0.146666666666667,1.47533274099987,2.36517948700202,2,2,2
24,2,2,0.978333333333333,1.32274708300247,3.80495646800409,2,2,4
24,2,2,0,2.11931810000533,3.32157750100305,2,2,3
24,1,1,0.536666666666667,0.935997972999758,2.68179255900031,2,2,2
24,2,2,0.226666666666667,1.49032289499883,2.66039419700246,2,2,1
24,2,2,0.501666666666667,1.24600314499548,3.86552228199434,2,2,1
24,1,1,0.498333333333333,1.06303892999858,1.9616773969974,2,2,2
24,2,2,0.713333333333333,1.19894623999426,1.75300257599883,2,2,1
24,2,2,0.105,1.85568101899844,4.6753404649935,2,2,3
24,1,1,0.261666666666667,0.88866267100093,1.57135207400279,2,2,3
24,2,2,0.728333333333333,1.20114259299589,2.19616427699657,2,2,1
24,2,2,0.461666666666667,1.00768672800041,1.47423090699886,2,2,3
24,1,1,0.691666666666667,0.939888261003944,1.61518036200141,2,2,2
24,1,1,0.236666666666667,0.898324819994741,1.71701250699698,2,2,4
24,3,3,0.358333333333333,1.1245068069984,2.20754105100059,2,2,4
24,3,3,0.881666666666667,1.0586944500028,1.72524404000433,2,2,2
24,3,3,0.598333333333333,1.18943109899556,2.11924633500166,2,2,1
24,2,2,0.986666666666667,1.17483756199363,1.99369755999942,2,2,4
24,4,4,0.501666666666667,1.19717117900291,1.83299397800147,2,2,3
24,4,4,0.481666666666667,1.38648861700494,1.84515331700095,2,2,3
24,2,2,0.89,1.19131466500403,2.40185521700187,2,2,1
24,4,4,0.371666666666667,1.50174055300158,2.20921865599666,2,2,1
24,2,2,1,1.13166658800037,2.07793792199664,2,2,1
24,1,2,0.651666666666667,1.21496256299724,1.87330646299961,2,2,2
24,1,1,0.00833333333333333,3.4669540199975,4.80504989800102,2,2,3
24,2,2,0.425,0.990386281999236,1.72867640599725,2,2,1
24,3,3,0.698333333333333,1.37536994499533,2.36269071699644,2,2,2
24,3,3,0.68,1.11073087399564,1.86655212599726,2,2,4
24,4,4,0.0683333333333333,2.01810235399898,2.81300758900034,2,2,1
24,1,4,0.00166666666666667,3.19141766599932,4.21155664599792,2,2,4
24,3,2,0.513333333333333,1.95608232900122,2.46210513400001,2,2,2
24,1,2,0.005,3.15326378200552,8.35535741800413,2,3,2
24,2,2,0.5,1.18650807700033,1.84519447099592,2,3,1
24,1,1,0.0616666666666667,1.39181734000158,2.50632973000029,2,3,2
24,1,2,0.103333333333333,1.26588093300234,2.99656229500397,2,3,2
24,2,2,0.795,0.942929434997495,2.0649984039992,2,3,1
24,2,2,0.291666666666667,1.02745776200027,1.79753012300353,2,3,1
24,1,1,0.628333333333333,1.44140554999467,2.17212420499709,2,3,2
24,2,2,0.358333333333333,1.23342952900566,1.9473345410006,2,3,1
24,1,2,0.348333333333333,1.09802060900256,2.06129164899903,2,3,2
24,2,2,0.243333333333333,1.08563799800322,2.1441266910042,2,3,1
24,1,1,0.791666666666667,1.77414851100184,2.40065448499809,2,3,2
24,2,2,0.938333333333333,1.01250629699643,2.51112248400023,2,3,1
24,2,2,0.386666666666667,1.17340866599989,3.01764802300022,2,3,1
24,1,2,0.476666666666667,1.18589480200171,1.86149998000474,2,3,2
24,2,2,0.286666666666667,0.846042735996889,1.72929833099624,2,3,1
24,1,2,0.0616666666666667,1.02371530100208,2.40990566399705,2,3,2
24,2,2,0.371666666666667,1.22123555199505,1.74339837599837,2,3,1
24,1,1,0.688333333333333,1.06214935099706,1.91373392700189,2,3,2
24,1,2,0.183333333333333,1.42419379700004,1.99550562000513,2,3,2
24,2,2,0.311666666666667,1.09475219600426,1.61857531499845,2,3,1
24,1,1,0.501666666666667,1.21295367199491,1.68784351900104,2,3,2
24,1,2,0.156666666666667,1.04081747199962,1.92291970399674,2,3,2
24,2,2,0.425,0.890462716000911,1.82914069599792,2,3,1
24,2,2,0.17,0.903653305002081,1.51501030100189,2,3,1
24,1,1,0.501666666666667,1.04206054999668,1.45370741700026,2,3,2
24,2,2,0.045,1.05574906499533,1.72966978599288,2,3,1
24,2,1,0,4.57652308799879,8.50719372699677,2,3,1
24,1,1,0.0683333333333333,0.955940718995407,2.11921330000041,2,3,2
24,2,3,0.178333333333333,1.42184315800114,4.65012354600185,2,3,1
24,1,3,0.106666666666667,2.02341892600089,4.61156617000233,2,3,2
24,2,2,0.00666666666666667,1.60336641599861,2.79864766800165,2,3,1
24,1,1,0.773333333333333,1.00088958200649,2.52450153100654,2,3,2
24,2,1,0.188333333333333,2.63426142800017,4.11783846299659,2,3,1
24,2,2,0.508333333333333,1.27420007500041,2.37985153499903,2,3,1
24,1,1,1,1.20087551799952,2.32375807199423,2,3,2
24,2,2,0.501666666666667,0.970727464002266,2.18069579500298,2,2,4
24,3,3,0.736666666666667,1.49636122799711,2.14731989400025,2,2,2
24,2,2,1,0.937197055995057,1.92479445500067,2,2,3
24,2,2,0.98,0.947291805998248,1.70243690200004,2,2,4
24,1,1,0.393333333333333,1.22136019900063,1.79135922600108,2,2,4
24,2,2,0.503333333333333,1.14099692200398,1.54327258500416,2,2,4
24,1,3,0.095,3.30966746400372,4.2332386479975,2,2,3
24,3,3,0.433333333333333,1.51301195399719,2.44324152299669,2,2,1
24,1,1,0.741666666666667,1.02126947299985,2.90345637599967,2,2,2
24,3,2,0.445,1.00677152800199,1.60201701100596,2,2,2
24,3,3,0.998333333333333,1.028763772003,2.83200677300192,2,2,4
24,4,4,0.501666666666667,1.24104609100323,1.8206704050026,2,2,1
24,3,3,0.513333333333333,1.43153849800001,2.0821138350002,2,2,4
24,3,3,0,1.8828486229977,3.213527134998,2,2,2
24,4,3,0.586666666666667,1.02327054100169,1.62690566699894,2,2,3
24,2,2,0.843333333333333,1.15701822000119,1.8802123419955,2,2,4
24,1,1,0.89,1.24839219600108,2.07413419799559,2,2,4
24,3,4,0.0433333333333333,3.12400780999451,4.13460326699715,2,2,4
24,3,3,0.818333333333333,1.42641754099895,2.30224724100117,2,2,4
24,1,1,0.0683333333333333,1.69347107899375,2.85665728899767,2,2,4
24,4,4,0.00333333333333333,8.32081286599714,9.70873152599961,2,2,1
24,4,4,0.0166666666666667,1.94675789599569,2.88479601599829,2,2,3
24,4,2,0.506666666666667,4.04514935999759,4.66475367699604,2,2,2
24,1,1,0.00333333333333333,1.07798460599588,1.92189359400072,2,2,2
24,1,1,0.461666666666667,1.02415171199391,1.62745975399594,2,2,4
24,2,2,0.436666666666667,1.02932119999605,1.59269102200051,2,2,4
24,2,2,0.501666666666667,0.923964672998409,1.3605407540017,2,2,4
24,3,2,0.758333333333333,1.50114156900236,2.56806743299967,2,2,2
24,1,4,0.501666666666667,1.29192912200233,1.93518839100579,2,2,4
24,2,2,0.271666666666667,1.25274501099921,1.9126182139953,2,2,3
24,2,2,0.725,1.40692508000211,2.13049818900618,2,2,3
24,1,1,0.101666666666667,1.05632988100115,1.79561257100431,2,2,2
24,3,3,0.00166666666666667,3.56700045699836,4.66516278700146,2,2,4
24,3,2,0.421666666666667,1.22348752100515,1.93806498500635,2,2,2
24,3,3,0.02,5.31318411699613,6.13203815199813,2,2,4
24,3,2,0.501666666666667,1.0762320770009,2.29630736500258,2,1,NaN
24,3,3,0.661666666666667,1.5346623430014,2.1368711920004,2,1,NaN
24,1,1,1,1.02304803099832,2.36173283300013,2,1,NaN
24,1,2,0.01,0.918540875005419,2.52209984799993,2,1,NaN
24,4,2,0.28,1.46468939199985,2.40356821299793,2,1,NaN
24,1,2,0.0366666666666667,5.03799503600021,5.8327457780033,2,1,NaN
24,1,1,0.526666666666667,1.09507504900103,1.79353933500533,2,1,NaN
24,4,2,0.151666666666667,0.950379125999461,1.53757228299946,2,1,NaN
24,4,1,0.568333333333333,1.07189688999642,1.81123716199363,2,1,NaN
24,1,2,0.46,1.40586449099646,1.84011729600024,2,1,NaN
24,3,2,0.738333333333333,0.826987700995232,1.79045181299443,2,1,NaN
24,4,1,0.225,1.17886689099396,1.79698781199841,2,1,NaN
24,4,3,0.12,1.30561232799664,2.02139639799861,2,1,NaN
24,4,3,0.523333333333333,1.00752806400124,1.64319791099842,2,1,NaN
24,2,2,0.468333333333333,1.42808626300393,1.95040412700473,2,1,NaN
24,2,2,0.378333333333333,3.75688044799608,4.30322235699714,2,1,NaN
24,3,3,0.64,1.09325321100187,1.67250196100213,2,1,NaN
24,3,3,0.501666666666667,0.889418744998693,1.49157379899407,2,1,NaN
24,3,3,0.475,2.93308698799956,3.52772201899643,2,1,NaN
24,4,2,0.56,4.1086064389965,4.68773095600045,2,1,NaN
24,1,1,0.278333333333333,1.20447989700187,1.72019339899998,2,1,NaN
24,3,3,0.671666666666667,1.4308325230013,1.95386388900079,2,1,NaN
24,2,2,0.283333333333333,0.959292317995278,1.38580666899361,2,1,NaN
24,3,3,0.255,1.99952923199453,6.56344416999491,2,1,NaN
24,1,2,0.511666666666667,1.1791673589978,1.48547399300151,2,1,NaN
24,1,1,0.00833333333333333,1.11073265899904,2.15433027800464,2,1,NaN
24,1,2,0,0.8872669400007,3.17111698599911,2,1,NaN
24,3,1,0.171666666666667,2.31764194000425,3.25617844200315,2,1,NaN
24,3,3,0.683333333333333,1.12077379899711,1.85253958999965,2,1,NaN
24,2,2,0.295,1.70946218100289,2.35257631399872,2,1,NaN
24,1,3,0.448333333333333,2.08525086000009,2.56033621200186,2,1,NaN
24,3,1,0.535,1.1565008250036,1.65661688600085,2,1,NaN
24,4,2,0.375,3.56224141299754,4.24474019699846,2,1,NaN
24,3,3,0.11,1.65273179300129,2.52768302100594,2,1,NaN
24,2,2,0.33,1.14094775899866,1.59315805400547,2,1,NaN
24,2,2,1,1.9525923129986,3.49213525099913,2,3,3
24,3,3,0.493333333333333,1.94591750799736,2.54774270899361,2,3,2
24,3,3,0.796666666666667,1.00205552900297,1.67622637499881,2,3,2
24,3,3,0.911666666666667,0.860860836000938,1.75280787500378,2,3,2
24,3,3,0.501666666666667,0.686557553999592,1.01643117499771,2,3,2
24,2,2,0.781666666666667,1.03749981000146,1.61673897899891,2,3,3
24,2,2,0.765,2.69104644899926,3.72710605699831,2,3,3
24,2,2,0.941666666666667,0.979089211999963,1.54268357800174,2,3,3
24,3,3,0.1,1.16399244300555,2.04840301600052,2,3,2
24,3,2,0.45,4.0808445129951,4.61215024099511,2,3,2
24,2,2,0.503333333333333,0.795839079000871,1.03875882000284,2,3,3
24,2,3,0.501666666666667,2.98607504899701,3.35818569899857,2,3,3
24,2,2,0.501666666666667,0.905427772006078,1.17225093600427,2,3,3
24,3,3,0.831666666666667,0.818015008000657,1.48547682099888,2,3,2
24,2,2,0.47,0.830114317999687,0.993678159997216,2,3,3
24,2,2,0.646666666666667,1.11731159000192,1.39237512299587,2,3,3
24,3,3,0.905,0.781561413001327,1.54408328999853,2,3,2
24,3,2,0.56,1.47819807999622,1.82623537699692,2,3,2
24,3,3,0.643333333333333,0.882889348002209,1.2775776280032,2,3,2
24,3,2,0.528333333333333,1.73443057799886,3.29820848600502,2,3,2
24,3,3,0.578333333333333,1.22360302499874,1.61957192899717,2,3,2
24,3,2,0.205,3.40568175700173,4.04164011099783,2,3,2
24,3,3,0.14,1.34431793499971,1.92478202799975,2,3,2
24,2,2,0.551666666666667,2.17008091900061,2.64427387499745,2,3,3
24,2,2,0.501666666666667,0.790059851999104,0.945757888002845,2,3,3
24,2,2,0.733333333333333,0.808066418001545,1.97059687400179,2,3,3
24,3,2,0.306666666666667,1.82260269299877,2.32201879900094,2,3,2
24,3,3,0.0833333333333333,0.840036424000573,1.84391970399884,2,3,2
24,3,2,0.31,1.09263546599686,1.70260347599833,2,3,2
24,2,2,0.836666666666667,0.807535184001608,1.26566790400102,2,3,3
24,2,2,0.898333333333333,0.860255772997334,1.39095481800177,2,3,3
24,3,3,0.0216666666666667,1.14815271800035,1.90265519399691,2,3,2
24,2,2,0.733333333333333,0.85402768899803,1.33702472799632,2,3,3
24,3,3,0.206666666666667,1.14458034199924,1.56283045800228,2,3,2
24,3,3,0.381666666666667,0.94506196599832,1.37122690999968,2,3,2
24,3,3,0.525,0.906097384002351,1.2359351740015,2,2,2
24,4,3,0.526666666666667,0.912109394994332,1.13833474399871,2,2,2
24,3,3,0.501666666666667,1.05033728200215,1.18946308000159,2,2,2
24,4,4,0.565,1.84251371400023,2.21349796200229,2,2,3
24,1,3,0.501666666666667,1.0559628100018,2.41169651899691,2,2,2
24,3,3,0.501666666666667,0.965403012000024,1.25736425100331,2,2,1
24,1,1,0.746666666666667,1.06686960300431,1.49263604600128,2,2,2
24,1,3,0.575,2.29355330300314,2.70503404599731,2,2,3
24,4,1,0.648333333333333,0.959523523000826,1.35509033500421,2,2,1
24,3,3,0.533333333333333,0.993153147006524,1.35574687500048,2,2,2
24,3,3,0.823333333333333,0.930475884997577,1.50160543600214,2,2,4
24,1,1,0,5.96537144800095,7.07176922800136,2,2,4
24,1,1,0.641666666666667,0.883158808996086,1.2151586330001,2,2,3
24,4,2,0.675,1.35380644199904,1.89223522600514,2,2,2
24,2,2,0.501666666666667,5.73350575099903,6.20089809400088,2,2,1
24,1,1,0.548333333333333,0.831493681005668,1.17798525100079,2,2,4
24,2,2,0.496666666666667,1.15959170999849,1.68993996900099,2,2,4
24,2,2,0.501666666666667,0.842780309001682,1.09323956000298,2,2,4
24,2,2,0.501666666666667,0.790524781004933,1.0886785640032,2,2,1
24,1,1,0.501666666666667,0.899106175995257,1.2860790689956,2,2,3
24,4,2,0.501666666666667,1.4304901439973,1.88282175299537,2,2,1
24,2,2,0.618333333333333,1.17052271899593,1.55645615399408,2,2,4
24,1,2,0.501666666666667,0.970947759997216,1.59071309000137,2,2,4
24,2,2,0.626666666666667,1.36321009299718,1.91830338900036,2,2,3
24,4,4,0.403333333333333,2.30097454399947,2.91903061600169,2,2,1
24,2,2,0.39,1.14983378099714,1.58423407199734,2,2,3
24,3,3,0.538333333333333,2.10089564500231,2.48081341100624,2,2,4
24,4,3,0.501666666666667,2.15228245799517,2.59585752400017,2,2,2
24,1,2,0.448333333333333,1.70191784499912,2.2817211579968,2,2,2
24,2,2,0.501666666666667,1.24877657299658,1.56288263299939,2,2,4
24,3,2,0.663333333333333,0.873513230995741,1.31725187199481,2,2,4
24,4,4,0.211666666666667,1.65931524400366,2.77410543499718,2,2,3
24,1,1,0.658333333333333,2.41861973099731,2.91707687400049,2,2,4
24,4,4,0.325,1.81216931400559,2.39887007600191,2,2,2
24,2,2,0.705,1.05009530199459,1.41227937099757,2,2,4
24,1,1,0.501666666666667,1.11897530699935,1.23423940700013,2,3,4
24,4,4,0.501666666666667,1.09348643499834,1.25692275599431,2,3,1
24,1,1,0.541666666666667,0.618678753002314,0.79842078400543,2,3,4
24,4,4,0.536666666666667,0.594521955994423,0.702364911994664,2,3,1
24,1,1,0.495,0.797601207996195,1.01716932900308,2,3,4
24,1,4,0,2.23701150000124,2.76802216600481,2,3,4
24,1,4,0.648333333333333,1.5879682770028,1.70346420999704,2,3,4
24,4,4,0.571666666666667,1.6225623729988,1.76935871400201,2,3,1
24,4,4,0.253333333333333,1.76626749800198,2.26680814100109,2,3,1
24,4,1,0.538333333333333,2.01836308000202,2.14157349800371,2,3,1
24,1,1,0.501666666666667,0.803344870000728,0.975220562002505,2,3,4
24,4,4,0.85,0.836360235996835,1.35089588000119,2,3,1
24,4,4,0.381666666666667,1.34938310500002,1.75191838699538,2,3,1
24,4,3,0.736666666666667,2.3574192140004,2.85620519300574,2,3,1
24,1,1,0.501666666666667,3.60964511599741,3.95585462699819,2,3,4
24,4,4,0.788333333333333,1.0716566120027,1.49115637299838,2,3,1
24,1,4,0.501666666666667,7.97922763300448,8.24747078800283,2,3,4
24,1,2,0.625,0.913348481000867,1.74875860100292,2,3,4
24,4,4,0.506666666666667,1.1223574589967,1.50221791499644,2,3,1
24,4,1,0.501666666666667,5.29392027499853,5.54374476499652,2,3,1
24,4,4,0.503333333333333,0.83467056700465,1.25254589899851,2,3,1
24,4,4,0.245,1.30416738900385,2.31545440800255,2,3,1
24,4,4,0.216666666666667,1.2653061739984,1.84393638999609,2,3,1
24,4,2,0.461666666666667,1.03783970899531,1.96091687299486,2,3,1
24,4,4,0.43,1.09428448900144,4.21685827799956,2,3,1
24,4,4,0.508333333333333,1.28109644100186,1.65245558300376,2,3,1
24,4,2,0.421666666666667,1.46197482899879,2.16102096699615,2,3,1
24,1,4,0.573333333333333,6.80542056900595,8.06414581600256,2,3,4
24,1,4,0.501666666666667,1.15465626800142,1.74992289399961,2,3,4
24,4,4,0.501666666666667,2.09928118300013,2.59817470700364,2,3,1
24,1,1,0.428333333333333,0.849427041001036,1.38850741399801,2,3,4
24,1,1,0.545,1.216965024003,1.54033044000244,2,3,4
24,4,4,0.501666666666667,0.826263354996627,1.16534309399867,2,3,1
24,1,1,0.641666666666667,0.88396030900185,1.26994488699711,2,3,4
24,1,1,0.495,1.09611404799944,1.2355003019984,2,3,4
24,1,1,0.501666666666667,1.68372423999972,1.90375380899786,2,1,NaN
24,4,2,0.506666666666667,0.958576097997138,1.35229403099947,2,1,NaN
24,2,2,0.728333333333333,1.0234789679962,1.36975607599743,2,1,NaN
24,3,3,0.68,1.69570933299838,1.98732824099716,2,1,NaN
24,4,4,0.82,0.999106770999788,1.41058529500151,2,1,NaN
24,4,2,0.421666666666667,1.07825548700202,1.28141176200006,2,1,NaN
24,2,2,0.446666666666667,0.777500182994117,1.34946797599696,2,1,NaN
24,1,1,0.61,1.29111741899396,1.74311530399427,2,1,NaN
24,4,3,0.478333333333333,1.7236423209979,9.14374905799923,2,1,NaN
24,1,1,0.505,0.876936674001627,1.10509435999847,2,1,NaN
24,3,3,0.545,1.28847415800556,1.49142172300344,2,1,NaN
24,4,3,0.43,1.10865110499435,1.70268320499599,2,1,NaN
24,2,2,0.503333333333333,1.17566037500364,1.43380697000248,2,1,NaN
24,2,2,0.501666666666667,6.40570400700381,6.91151813800388,2,1,NaN
24,3,3,0.756666666666667,1.15486118099943,1.91672639400349,2,1,NaN
24,3,1,0.511666666666667,1.10050414599391,1.43864290499914,2,1,NaN
24,1,2,0.501666666666667,5.37033206199703,5.63671701499698,2,1,NaN
24,1,1,0.501666666666667,0.939885655003309,1.09381361700071,2,1,NaN
24,1,1,0.625,1.23914548899484,1.61089097999502,2,1,NaN
24,2,2,0.403333333333333,1.05326093199983,1.44850047599903,2,1,NaN
24,4,2,0.71,1.19411277100153,1.60599854699831,2,1,NaN
24,2,2,0.816666666666667,0.865826945002482,1.54944697899919,2,1,NaN
24,1,2,0.501666666666667,9.19403713599604,9.31696222599567,2,1,NaN
24,4,2,0.505,1.04308013699483,1.23801875799836,2,1,NaN
24,4,4,1,1.06521533900377,1.89295293699979,2,1,NaN
24,4,2,0.395,0.963265198006411,1.19965762400534,2,1,NaN
24,3,3,0.633333333333333,0.954031191999093,1.23800857499737,2,1,NaN
24,1,2,0.498333333333333,5.29417466499581,5.57769766300044,2,1,NaN
24,1,1,0.66,1.07474061699759,1.72524431799684,2,1,NaN
24,4,2,0.431666666666667,1.02912322300108,1.40036967800552,2,1,NaN
24,2,2,0.86,0.820217852000496,1.21510399800172,2,1,NaN
24,4,4,0.231666666666667,1.0672692090011,1.48672612000519,2,1,NaN
24,4,2,0.68,1.36690330199781,1.51293982999778,2,1,NaN
24,2,2,0.53,1.16972028199962,1.53935253999953,2,1,NaN
24,3,2,0.501666666666667,5.14729181300208,5.38109515100223,2,1,NaN
24,4,1,0.515,1.0222438080018,1.52198304000194,2,1,NaN
24,3,2,0.503333333333333,1.0318224770017,1.18581337700016,2,1,NaN
24,4,2,0.593333333333333,0.73549496299529,1.02771841999493,2,1,NaN
24,1,2,0.518333333333333,0.797852067997155,0.904879089001042,2,1,NaN
24,4,4,0.476666666666667,1.36152506900544,1.54809773700254,2,1,NaN
24,1,1,0.501666666666667,0.907029995003541,1.07790222299809,2,1,NaN
24,4,4,0.476666666666667,1.07862832099636,1.40275906799798,2,1,NaN
24,4,1,0.588333333333333,1.39778645800106,1.66582770000241,2,1,NaN
24,3,2,0.733333333333333,1.5467447580013,1.94972529199731,2,1,NaN
24,3,2,0.501666666666667,1.37894484199933,1.6619299580052,2,1,NaN
24,2,2,0.501666666666667,0.934361161998822,1.22599584399723,2,1,NaN
24,2,2,0.666666666666667,1.21310029300366,1.48855727699993,2,1,NaN
24,2,2,0.933333333333333,0.824298045998148,1.3950473129953,2,1,NaN
24,4,2,0.676666666666667,0.951853644000948,1.27491676299542,2,1,NaN
24,2,2,0.773333333333333,0.731894151998858,1.22984280899982,2,1,NaN
24,3,3,0.498333333333333,1.37764385199989,1.51692182099941,2,1,NaN
24,2,2,0.583333333333333,2.21922538799845,2.46347201399476,2,1,NaN
24,2,2,0.97,1.26299099300377,1.93878357600624,2,1,NaN
24,1,1,0.898333333333333,1.09573232600087,1.60352819600666,2,1,NaN
24,3,2,0.508333333333333,0.8154467189961,1.01015650000045,2,1,NaN
24,4,2,0.51,0.877704533995711,1.33626617399568,2,1,NaN
24,4,2,0.501666666666667,1.12035950700374,1.33838757599733,2,1,NaN
24,4,2,0.818333333333333,0.769571883000026,1.34928730799584,2,1,NaN
24,2,2,0.501666666666667,1.01109164999798,1.24723114399967,2,1,NaN
24,3,3,0.55,0.872360369998205,1.20407790900208,2,1,NaN
24,4,2,0.501666666666667,4.14435995199892,4.34728164599801,2,1,NaN
24,4,2,0.741666666666667,1.10909851000179,1.68925189600122,2,1,NaN
24,4,4,0.345,1.19316976499977,1.7470924060035,2,1,NaN
24,2,2,0.766666666666667,0.921518759998435,1.4537086900018,2,1,NaN
24,3,3,0.535,1.04703837200213,1.57737622900459,2,1,NaN
24,4,3,0.501666666666667,1.15073077100533,1.40234203600266,2,1,NaN
24,4,4,0.438333333333333,1.06968453300215,1.47194692299672,2,1,NaN
24,4,1,0,1.64247141400119,2.78831912700116,2,1,NaN
24,1,2,0.655,1.10464001099899,1.33867081000062,2,1,NaN
24,3,3,0.746666666666667,1.61863662600081,2.14995361500041,2,1,NaN
24,3,3,0.766666666666667,4.74914217300102,7.944889598999,2,3,1
24,3,2,0.706666666666667,0.960106379003264,1.84189789000084,2,3,1
24,1,1,0.501666666666667,1.19753228199988,1.48050323400093,2,3,3
24,3,3,0.73,0.872834761998092,1.24368299899652,2,3,1
24,3,3,0.506666666666667,0.734468362999905,1.2249895329951,2,3,1
24,3,3,0.933333333333333,0.932609995004896,1.48008811600448,2,3,1
24,1,1,0.115,1.00818245799746,1.5144558289976,2,3,3
24,1,3,0.13,1.59481290400436,3.85274097500223,2,3,3
24,3,3,0.583333333333333,1.92550908200064,2.31189718600217,2,3,1
24,1,3,0.501666666666667,2.46304745599627,3.09747133999917,2,3,3
24,1,1,0.601666666666667,0.983944218001852,1.26747382600297,2,3,3
24,3,3,0.506666666666667,1.77304748400638,2.68779945800634,2,3,1
24,1,3,0.501666666666667,5.36695284899906,5.77766372600308,2,3,3
24,1,1,0,1.77880277200165,2.44589946899941,2,3,3
24,1,1,0.501666666666667,1.25492118099646,1.70522196599632,2,3,3
24,3,3,0.748333333333333,0.793979271998978,1.3574119900004,2,3,1
24,1,1,0.501666666666667,1.08336046799377,1.5414244259955,2,3,3
24,3,2,0.611666666666667,3.82884843400097,4.471712837003,2,3,1
24,1,3,0.501666666666667,1.30204608000349,1.76840540000558,2,3,3
24,3,1,0.501666666666667,1.89381560400216,2.40198902299744,2,3,1
24,3,1,0.536666666666667,1.37259987000289,1.68765035600518,2,3,1
24,3,3,0.726666666666667,1.18325599899981,1.56996924599662,2,3,1
24,3,1,0.121666666666667,4.98369286999514,5.7075778139988,2,3,1
24,1,1,0.598333333333333,0.886677098998916,1.2405518930027,2,3,3
24,1,1,0.578333333333333,0.652484436999657,0.974549214995932,2,3,3
24,3,3,0.69,1.21400859500136,1.66420567599562,2,3,1
24,1,3,0.501666666666667,6.97789989299781,7.46968070600269,2,3,3
24,3,3,0.605,0.791450820004684,1.36182249600097,2,3,1
24,1,1,0.533333333333333,1.86432378999598,2.87469450799836,2,3,3
24,1,1,0.65,2.21882096300396,3.46988067199709,2,3,3
24,3,3,0.885,1.06119237600069,1.52921493400208,2,3,1
24,1,1,0.171666666666667,1.00717065599747,1.56156782299513,2,3,3
24,3,3,0.933333333333333,1.03188412999589,1.49106916199526,2,3,1
24,1,3,0.638333333333333,12.5788957619952,13.1185921979995,2,3,3
24,1,1,0.505,0.881083494001359,1.14764480200392,2,3,3
24,1,1,0.501666666666667,2.65457401300228,3.36041654399742,2,2,2
24,3,3,0.743333333333333,1.05333135399997,1.40807416700409,2,2,4
24,2,3,0.505,1.42103294599656,1.64699934599776,2,2,3
24,4,4,0.5,2.01743756200449,2.45292188600433,2,2,2
24,3,3,0.501666666666667,1.55650485499791,1.79113240699371,2,2,1
24,3,3,0.575,0.740623418001633,1.3035833890026,2,2,1
24,1,2,0.501666666666667,9.22336331499537,9.38605053699575,2,2,2
24,2,2,0.501666666666667,0.877838224005245,1.20027935500548,2,2,4
24,2,2,0.501666666666667,0.772348177000822,0.847901102002652,2,2,3
24,2,2,0.931666666666667,0.618180458004645,1.08437200800108,2,2,3
24,4,1,0.815,2.56564128099853,3.52224885000032,2,2,1
24,3,3,0.501666666666667,1.11729226899479,1.4790635659956,2,2,2
24,2,3,0.588333333333333,1.4488924430043,1.73946603600052,2,2,1
24,2,3,0.676666666666667,0.889597196997784,1.55713418599771,2,2,4
24,4,2,0.501666666666667,1.09028812000179,1.30282009499933,2,2,1
24,1,3,0.576666666666667,1.59040015900246,1.81785985500028,2,2,3
24,4,2,0.501666666666667,1.47504734999529,1.60613961299532,2,2,2
24,4,2,0.501666666666667,1.30668374500237,1.53230223600258,2,2,2
24,2,2,0.395,6.22810059000039,7.47202569400542,2,2,3
24,2,2,0.75,1.06546880100359,1.40465850100009,2,2,4
24,4,2,0.501666666666667,1.65706385800149,1.95613086700178,2,2,2
24,4,4,0.51,1.37808695300191,1.63596639299794,2,2,3
24,4,3,0.005,1.84654090800177,3.49720701100159,2,2,3
24,4,4,0,1.83979813800397,2.45813373800047,2,2,1
24,4,3,0.513333333333333,1.69932945800247,1.99757841300016,2,2,2
24,4,4,0.525,0.921382587002881,5.84378059799928,2,2,1
24,2,2,0.501666666666667,1.45826080199913,1.6046220040007,2,2,1
24,2,2,0.501666666666667,0.601081822002016,0.781490868997935,2,2,3
24,4,4,0.501666666666667,1.63383240500116,1.78127525500167,2,2,1
24,3,2,0.501666666666667,1.52043030699861,1.73878083100135,2,2,1
24,2,2,0.503333333333333,0.754677079006797,0.916647563004517,2,2,1
24,1,1,0.501666666666667,0.869592751994787,1.24117245099478,2,2,3
24,2,2,0.501666666666667,8.74723385799734,9.01531485899613,2,2,3
24,1,1,0.758333333333333,1.21675845600112,1.48448058599752,2,2,3
24,4,2,0.501666666666667,1.08436880200315,1.33588762400177,2,2,2
24,2,2,0.501666666666667,1.06248512100137,1.3125889840012,2,3,4
24,2,2,0.573333333333333,1.33682618899911,1.59700198700011,2,3,4
24,2,2,0.811666666666667,1.26390959700075,1.75505832499766,2,3,4
24,4,2,0.595,1.08897942600015,1.54771977400378,2,3,2
24,2,2,0.61,0.858192400999542,1.18986498299637,2,3,4
24,4,2,0.675,0.818340642996191,1.36559932199452,2,3,2
24,2,2,0.653333333333333,0.78647512599855,1.1101074199978,2,3,4
24,4,4,0.27,0.893504243998905,1.36869204799586,2,3,2
24,2,2,0.966666666666667,0.86174734600354,1.31341662799969,2,3,4
24,4,4,0.435,1.04062959599833,1.4125509229998,2,3,2
24,4,2,0.498333333333333,2.9113067579965,3.10592124299728,2,3,2
24,2,2,0.68,0.824551787998644,1.07444869000028,2,3,4
24,4,4,0.373333333333333,1.54096838300029,1.98492303900275,2,3,2
24,4,2,0.516666666666667,3.94852149099461,4.23131182299403,2,3,2
24,2,2,0.601666666666667,0.855569741994259,1.07335214499471,2,3,4
24,2,2,0.973333333333333,1.02842610900552,1.55236732300546,2,3,4
24,2,2,0.673333333333333,1.03728347300057,1.91267503899871,2,3,4
24,4,4,0.503333333333333,0.903260464998311,1.34678696899937,2,3,2
24,2,2,1,0.808817793003982,1.27647534500284,2,3,4
24,2,2,0.618333333333333,0.892024444998242,1.23882200100343,2,3,4
24,2,2,0.901666666666667,1.10615723699448,1.7344518999962,2,3,4
24,2,2,0.54,0.883861463997164,1.31959424899833,2,3,4
24,2,2,0.815,0.743014358995424,1.16243936999672,2,3,4
24,2,2,0.9,0.51142684599472,1.06691828999465,2,3,4
24,4,4,0.141666666666667,0.988215801997285,1.51836480399652,2,3,2
24,2,2,0.838333333333333,0.567174630996305,0.985404793995258,2,3,4
24,4,2,0.773333333333333,1.33554716900107,1.85752335799771,2,3,2
24,2,2,0.89,0.692123849999916,1.15948502399988,2,3,4
24,4,4,0.055,1.26061956299964,1.83185051700275,2,3,2
24,4,2,0.613333333333333,3.40199292100442,8.48393517800287,2,3,2
24,2,2,0.811666666666667,1.01445588999923,1.32932671999879,2,3,4
24,2,2,0.581666666666667,5.32016201000079,5.63416470499942,2,3,4
24,2,2,0.688333333333333,0.841154214998824,1.06725942800404,2,3,4
24,2,2,0.825,0.58218037399638,1.00210732599953,2,3,4
24,2,2,0.515,0.901617559997248,1.09702461100096,2,3,4
24,4,4,0.183333333333333,1.20694957399974,1.81068191800296,2,1,NaN
24,1,1,0.0983333333333333,1.55696193799668,1.99935639199975,2,1,NaN
24,3,3,0.191666666666667,1.62755278000259,2.07857209999929,2,1,NaN
24,4,4,0.121666666666667,1.91874341099901,2.64934621300199,2,1,NaN
24,3,2,0.155,3.33855407800002,4.06139387899748,2,1,NaN
24,4,2,0.218333333333333,1.00474449199828,1.47068815899547,2,1,NaN
24,3,3,0.338333333333333,1.27343703999941,1.74819244399987,2,1,NaN
24,4,4,0.18,0.969268683002156,1.41968155200448,2,1,NaN
24,3,3,0.558333333333333,9.04743703300483,9.37214569500065,2,1,NaN
24,1,3,0.636666666666667,1.1828592699967,1.43524187200092,2,1,NaN
24,1,2,0.501666666666667,1.05145844700019,1.25587759499467,2,1,NaN
24,1,2,0.573333333333333,1.16817340499983,1.43601130900061,2,1,NaN
24,3,1,0.596666666666667,1.27766750299634,1.45748439800082,2,1,NaN
24,4,2,0.62,1.30580254400411,1.73223222000524,2,1,NaN
24,2,2,0.718333333333333,0.92368290599552,1.36690099300176,2,1,NaN
24,2,2,0.62,0.87634604699997,1.23079646000406,2,1,NaN
24,2,2,0.493333333333333,1.05813607299933,1.36623012799828,2,1,NaN
24,4,2,0.635,1.13923558000533,1.51878746400325,2,1,NaN
24,3,4,0.7,0.956943570003205,1.28794677399856,2,1,NaN
24,3,3,0.565,0.945257802995911,1.30942879500071,2,1,NaN
24,2,2,0.69,1.07488870499947,1.4541453569982,2,1,NaN
24,4,4,0,1.64846792299795,2.06773462000274,2,1,NaN
24,4,2,0.06,1.22011576699879,2.01410039499751,2,1,NaN
24,3,3,0.56,7.03402299500158,7.2855135419959,2,1,NaN
24,4,2,0.501666666666667,1.06346361200121,1.25846620400262,2,1,NaN
24,2,2,0.635,0.939951655003824,1.26285124200513,2,1,NaN
24,3,4,0,1.10464679099823,1.6357447219998,2,1,NaN
24,2,2,0.731666666666667,0.838416350998159,1.06531438999809,2,1,NaN
24,1,1,0.466666666666667,1.39498463200289,1.67660746599722,2,1,NaN
24,4,2,0.025,3.39743666700087,5.39302491299895,2,1,NaN
24,4,3,0.515,1.21646994299954,1.6839927530018,2,1,NaN
24,4,3,0.581666666666667,1.05986878499971,1.31017676599731,2,1,NaN
24,2,2,0.68,0.902609067998128,1.26613686099881,2,1,NaN
24,1,2,0.505,6.69913144900056,6.98235524299525,2,1,NaN
24,3,3,0.221666666666667,1.25318687799881,1.76840869499574,2,1,NaN
24,1,2,0.501666666666667,2.80953547800164,4.30001751799864,2,2,2
24,4,4,0.513333333333333,2.76974583200354,3.17321264999919,2,2,1
24,1,2,0.501666666666667,0.856504770999891,1.0038298340005,2,2,2
24,4,4,0.501666666666667,0.951982281003438,1.17071002400189,2,2,1
24,3,3,0.501666666666667,2.11267678899458,2.25949082199804,2,2,4
24,2,2,0.806666666666667,1.06921869799407,1.68043631399632,2,2,3
24,2,2,0.161666666666667,5.87300934799714,6.58704740499525,2,2,4
24,3,3,0.505,1.40236261300015,1.69324049900024,2,2,2
24,2,2,0.641666666666667,0.90967054200155,1.13635496800271,2,2,3
24,3,3,0.513333333333333,1.01582318900182,1.45980485800101,2,2,4
24,3,3,0.563333333333333,0.948339884002053,1.07207386899972,2,2,1
24,1,2,0.426666666666667,3.05708159400092,3.38823928600323,2,2,2
24,4,1,0,3.07080365600268,3.99401839200436,2,2,1
24,1,1,0.351666666666667,1.21971599599783,1.76715284799866,2,2,3
24,1,1,0.281666666666667,1.44401124800061,2.11046797400195,2,2,4
24,3,3,0.605,0.981595543002186,1.34552088499913,2,2,1
24,2,2,0.386666666666667,0.903431220998755,1.22690269699524,2,2,3
24,3,3,0.548333333333333,1.14871376600058,1.35233273899939,2,2,1
24,2,2,0.501666666666667,1.24671295799635,1.58650925199618,2,2,1
24,1,1,0.571666666666667,0.933551727001031,1.19195255499653,2,2,2
24,1,1,0.536666666666667,0.989705902000424,1.14413735400012,2,2,4
24,4,4,0.501666666666667,1.73455364799884,1.88174666499981,2,2,3
24,4,2,0.501666666666667,1.21787458100152,1.33404988500115,2,2,2
24,1,2,0.483333333333333,1.50797364999744,2.50245621599606,2,2,3
24,1,1,0.501666666666667,3.22201725600462,3.44016181999905,2,2,4
24,3,1,0.251666666666667,1.95390995900379,2.421339489003,2,2,1
24,2,2,0.768333333333333,1.06322838000051,1.25834744099848,2,2,3
24,2,2,0.59,0.876469603004807,1.02269167500344,2,2,4
24,3,3,0.626666666666667,1.21113330600201,1.36741416699806,2,2,2
24,2,2,0.626666666666667,1.75595612100005,1.9437762009984,2,2,3
24,1,3,0.23,3.15660523999395,3.6246950739951,2,2,3
24,1,1,0.085,1.1771312550045,1.86893630999839,2,2,2
24,2,2,0.27,1.4764315249995,2.35894839400135,2,2,3
24,4,1,0.12,1.96540155899856,3.32009669300169,2,2,1
24,3,3,0.571666666666667,6.30180077299883,6.47971737600164,2,2,4
25,3,3,0.798333333333333,1.47320911299903,2.18863517499994,2,3,1
25,3,3,0.923333333333333,0.751377622997097,1.64952929999708,2,3,1
25,1,1,0.528333333333333,1.12409609299357,2.30244698399474,2,3,3
25,1,3,0.533333333333333,1.13382325800194,1.86409313799959,2,3,3
25,3,3,0.951666666666667,0.874230254004942,1.7736712650003,2,3,1
25,3,3,0.95,0.793877668998903,1.69231813200167,2,3,1
25,3,3,0.916666666666667,1.05266385000141,1.67223440799717,2,3,1
25,3,3,0.815,0.769106396997813,1.38006919899635,2,3,1
25,3,3,0.891666666666667,0.64022334600304,1.56329912899673,2,3,1
25,1,1,0.501666666666667,0.840516959993693,1.38603689799493,2,3,3
25,1,1,0.55,1.25607983800001,1.85891409500618,2,3,3
25,1,1,0.501666666666667,1.15677140299522,1.66308114599815,2,3,3
25,1,1,0.64,0.984994696002104,1.64490102200216,2,3,3
25,3,3,0.895,0.637115847006498,1.48832623300405,2,3,1
25,3,3,0.955,0.793074962995888,1.51538094599528,2,3,1
25,3,3,0.715,0.7876917829999,1.35054421299719,2,3,1
25,3,3,0.988333333333333,0.581023597995227,1.3287864169979,2,3,1
25,3,3,0.998333333333333,0.597795065004902,1.28857236900512,2,3,1
25,1,1,0.506666666666667,1.57724460399913,2.01169973699871,2,3,3
25,1,1,0.663333333333333,0.895255330004147,1.40336521500285,2,3,3
25,3,3,0.713333333333333,0.925903670999105,1.44981618400197,2,3,1
25,1,3,0.581666666666667,0.747581577001256,1.1581993630025,2,3,3
25,1,3,0.505,0.740729817000101,1.16109107599914,2,3,3
25,1,3,0.651666666666667,0.685428439996031,1.11324819899892,2,3,3
25,3,3,0.73,0.600297049997607,1.13086483199731,2,3,1
25,1,1,0.496666666666667,0.817054166996968,1.59544571399601,2,3,3
25,1,1,0.595,0.936076129000867,1.4521945239976,2,3,3
25,1,1,0.706666666666667,0.773639651997655,1.2646560600042,2,3,3
25,1,1,0.53,1.04949759699957,1.71568676599418,2,3,3
25,3,3,0.711666666666667,0.747368313001061,1.21451016399806,2,3,1
25,1,1,0.671666666666667,0.722400352999102,1.26895056699868,2,3,3
25,1,1,0.561666666666667,0.967115494000609,1.49004162499477,2,3,3
25,1,1,0.501666666666667,0.94668875500065,1.31794540799456,2,3,3
25,3,3,0.716666666666667,0.773828317993321,1.22436204199767,2,3,1
25,3,3,0.711666666666667,0.619210733006184,1.19935039800475,2,3,1
25,4,3,0.618333333333333,1.70469780600251,2.59450781300256,2,2,3
25,2,1,0.506666666666667,5.92593519699585,8.5688965829977,2,2,1
25,4,3,0.671666666666667,1.55079238599865,2.01034203800373,2,2,3
25,1,1,0.643333333333333,1.28469553999457,1.91200509799819,2,2,2
25,1,3,0.568333333333333,2.04724949100637,2.60195926199958,2,2,3
25,3,3,0.741666666666667,1.0205659649946,1.46314914699906,2,2,4
25,4,3,0.75,1.33732459699968,1.8688692930009,2,2,3
25,1,1,0.623333333333333,1.01333084300131,1.59291679300077,2,2,4
25,2,2,0.748333333333333,1.37215681299858,1.83061395899858,2,2,3
25,2,2,0.826666666666667,1.0978000400064,1.62105793600495,2,2,3
25,2,2,0.683333333333333,1.20000797600369,1.66623790200538,2,2,3
25,2,2,0.82,1.31607083300332,2.03835486500611,2,2,1
25,2,2,0.815,1.04911647299741,1.68347100199753,2,2,4
25,1,1,0.65,1.30891798599623,1.76814929000102,2,2,4
25,1,1,0.583333333333333,1.2924007929978,1.65616187599517,2,2,4
25,4,4,0.74,1.87402949399984,2.50798925799609,2,2,3
25,4,4,0.685,1.10780285899818,1.49438484699931,2,2,3
25,1,1,0.56,1.10325810300128,1.53881176700088,2,2,3
25,1,1,0.775,1.144601126005,1.55634120300238,2,2,3
25,1,1,0.595,1.39354796899715,1.92559070899733,2,2,2
25,3,3,0.636666666666667,1.4036745379999,1.92734879199998,2,2,2
25,4,2,0.683333333333333,1.15725707000092,1.52699400599522,2,2,2
25,1,1,0.501666666666667,1.05503052799759,1.39404117000231,2,2,4
25,2,2,0.688333333333333,1.10207774500304,1.47274639199895,2,2,3
25,2,2,0.646666666666667,1.05066616799741,1.38880286100175,2,2,1
25,3,3,0.73,1.65862381800252,2.11694429499767,2,2,2
25,1,1,0.501666666666667,2.09224480499688,2.68663024900161,2,2,3
25,1,1,0.501666666666667,1.27003321400116,1.64218439600518,2,2,2
25,3,3,0.681666666666667,1.05223197300074,1.49398185199971,2,2,2
25,4,4,0.683333333333333,0.983176439003728,1.45899034600006,2,2,1
25,4,2,0.503333333333333,2.03629921100219,2.4543855600059,2,2,2
25,2,2,0.636666666666667,1.51266865700018,1.94700225300039,2,2,1
25,1,1,0.545,2.3848978390015,2.99650477500109,2,2,3
25,1,1,0.501666666666667,2.35073428200121,2.69005480300257,2,2,2
25,4,4,0.665,1.76866162000078,2.17083397000533,2,2,2
25,2,3,0.7,1.24739994599804,1.77795951400185,2,1,NaN
25,3,3,0.646666666666667,0.766961581000942,1.34537234400341,2,1,NaN
25,3,3,0.716666666666667,0.591758870999911,1.03573763900204,2,1,NaN
25,3,3,0.58,0.765926111998851,1.16145251099806,2,1,NaN
25,1,2,0.51,1.22257518700644,1.80168915700051,2,1,NaN
25,4,4,0.501666666666667,1.19000598799903,1.520201841995,2,1,NaN
25,4,4,0.501666666666667,1.10461709599622,1.32307724400016,2,1,NaN
25,4,4,0.451666666666667,1.74695018900093,2.20538720000332,2,1,NaN
25,4,3,0.545,1.37717990199599,1.82016963699425,2,1,NaN
25,1,2,0.385,2.09412705999421,2.79455370699725,2,1,NaN
25,4,2,0.36,1.18784105099621,1.97573937699781,2,1,NaN
25,4,3,0.521666666666667,1.11543918900134,1.60591960400052,2,1,NaN
25,4,2,0.335,1.10594742899411,1.91777217699564,2,1,NaN
25,2,2,0.638333333333333,0.892724844998156,1.28834270899824,2,1,NaN
25,2,2,0.698333333333333,1.63195167099911,2.3630534460026,2,1,NaN
25,1,3,0.355,2.05549793400132,2.76312444399809,2,1,NaN
25,1,1,0.671666666666667,0.958154867999838,1.400866572003,2,1,NaN
25,3,3,0.688333333333333,0.844764921996102,1.4002098810015,2,1,NaN
25,2,2,0.775,1.00416953599779,1.4705780469958,2,1,NaN
25,4,1,0.651666666666667,1.25580251599604,1.73813805599639,2,1,NaN
25,1,2,0.211666666666667,1.08061737300159,4.53205531899584,2,1,NaN
25,3,3,0.715,1.01478528699954,1.52230069100187,2,1,NaN
25,4,4,0.7,1.39231146599923,1.8042460910001,2,1,NaN
25,1,1,0.668333333333333,0.927446134999627,1.30628809300106,2,1,NaN
25,3,3,0.606666666666667,1.17072152600304,1.58945439899981,2,1,NaN
25,2,3,0.458333333333333,1.38684964799904,1.86873313700198,2,1,NaN
25,1,1,0.501666666666667,1.125635340999,1.4894562049958,2,1,NaN
25,3,3,0.738333333333333,1.37783948200376,1.86965078100184,2,1,NaN
25,2,2,0.758333333333333,1.02046951100056,1.61597810400417,2,1,NaN
25,4,3,0.258333333333333,2.99523245300225,3.96542242300347,2,1,NaN
25,1,1,0.386666666666667,1.09725618499942,1.77304898399598,2,1,NaN
25,4,3,0.505,2.87337699700583,3.64422309699876,2,1,NaN
25,1,1,0.388333333333333,1.35662905500067,1.98318252200261,2,1,NaN
25,4,4,0.351666666666667,1.52301561700006,2.14273787000275,2,1,NaN
25,1,1,0.285,1.20428228300443,2.02325415100495,2,1,NaN
25,2,2,0.683333333333333,1.22533721599757,1.78722500299773,2,2,1
25,3,3,0.686666666666667,0.807937113000662,1.1635976999969,2,2,1
25,4,3,0.646666666666667,1.93719468500058,2.32431106200238,2,2,3
25,3,3,0.723333333333333,0.890408349994686,1.31029050899815,2,2,2
25,3,3,0.718333333333333,1.18170519900013,1.76879413200368,2,2,4
25,1,1,0.49,1.1337327479996,2.22441582600004,2,2,3
25,1,1,0.603333333333333,1.06700507200003,1.60696398999426,2,2,4
25,4,4,0.545,2.38617738199537,3.28448472199671,2,2,3
25,3,3,0.716666666666667,1.13983652999741,1.71868041600101,2,2,4
25,2,2,0.723333333333333,1.17451322600391,1.68137801500416,2,2,3
25,1,1,0.736666666666667,1.09777582499373,1.73993683399749,2,2,2
25,3,3,0.901666666666667,1.27497236499767,1.75885468199704,2,2,1
25,2,2,0.9,1.26007275600568,1.7588555120019,2,2,1
25,4,4,0.665,1.59578482999495,2.07076403300016,2,2,2
25,4,4,0.516666666666667,2.51186377900012,3.21190154999931,2,2,1
25,2,2,0.648333333333333,1.12445180500072,1.58281191399874,2,2,1
25,1,4,0.515,1.53242101499927,2.39889222800412,2,2,4
25,3,3,0.608333333333333,1.07443677799893,1.50226908299373,2,2,2
25,2,2,0.876666666666667,1.11767519400019,1.56743560700124,2,2,4
25,1,1,0.496666666666667,2.43760568799917,3.12769567299983,2,2,2
25,1,2,0.536666666666667,1.69438596599502,2.34480962599628,2,2,2
25,3,3,0.858333333333333,1.22281291599938,1.75413360299717,2,2,4
25,4,4,0.501666666666667,1.67167091699957,2.45048232599947,2,2,2
25,4,4,0.508333333333333,2.63506334099657,3.61431045900099,2,2,1
25,4,3,0.673333333333333,1.10332541599928,1.52291011699708,2,2,3
25,2,2,0.581666666666667,1.04980594299559,1.44526734999818,2,2,3
25,3,3,0.723333333333333,0.919010298996,1.38592821999919,2,2,1
25,1,2,0.571666666666667,1.52688397400198,2.00952757200139,2,2,2
25,3,3,0.625,1.45343939199665,1.95147272000031,2,2,2
25,1,1,0.565,1.0298655459992,1.39358596300008,2,2,3
25,1,2,0.57,1.47717459100386,1.78393333499844,2,2,2
25,4,4,0.511666666666667,1.52440379100153,1.95207274800487,2,2,1
25,4,3,0.773333333333333,1.42119581400038,1.7529189909983,2,2,3
25,2,2,0.57,1.58207580199814,1.94431724499736,2,2,3
25,2,2,0.741666666666667,1.19074308200652,1.60889380200388,2,2,1
25,4,3,0.731666666666667,1.1404200850011,1.6315126000045,2,1,NaN
25,3,3,0.791666666666667,0.697524369999883,1.13244906999898,2,1,NaN
25,2,2,0.5,1.34778887299763,1.67906563999713,2,1,NaN
25,1,3,0.471666666666667,1.30201460399985,1.70475830399664,2,1,NaN
25,2,2,0.671666666666667,0.920876966003561,1.25266724600078,2,1,NaN
25,2,2,0.501666666666667,1.15088373999606,1.37850451199483,2,1,NaN
25,3,3,0.641666666666667,0.830470622000576,1.13706688299862,2,1,NaN
25,3,3,0.775,0.744593319002888,1.10732461600128,2,1,NaN
25,4,3,0.35,1.54030201500427,2.09462714800611,2,1,NaN
25,2,2,0.83,1.0467127439988,1.51403604199731,2,1,NaN
25,2,2,0.848333333333333,0.865493138000602,1.35504557700187,2,1,NaN
25,1,1,0.641666666666667,2.89769013600016,3.80522780599858,2,1,NaN
25,3,3,0.741666666666667,0.813431008995394,1.28931779399863,2,1,NaN
25,4,4,0.738333333333333,1.23319439799525,1.61987376599427,2,1,NaN
25,4,4,0.281666666666667,1.28637256099319,1.98613510899304,2,1,NaN
25,4,4,0.27,1.99797429700266,2.80856969700108,2,1,NaN
25,2,2,0.483333333333333,0.946199985999556,1.49444608199701,2,1,NaN
25,2,3,0.523333333333333,1.11792048300413,1.40998383900296,2,1,NaN
25,4,3,0.501666666666667,1.11633487599465,1.32634583400068,2,1,NaN
25,3,3,0.501666666666667,0.606451526997262,0.792815364999115,2,1,NaN
25,4,3,0.501666666666667,1.59010828700411,1.94574967600056,2,1,NaN
25,3,3,0.831666666666667,0.750393982998503,1.23313597300148,2,1,NaN
25,2,2,0.875,0.82029550900188,1.36636122900381,2,1,NaN
25,3,3,0.886666666666667,0.821176496996486,1.4315077029969,2,1,NaN
25,1,1,0.29,1.66691046400229,2.42852228399715,2,1,NaN
25,1,1,0.485,0.903438879999158,1.32253048400162,2,1,NaN
25,1,1,0.501666666666667,0.953902594003011,1.27732494499651,2,1,NaN
25,1,1,0.653333333333333,0.797544208006002,1.16848128700076,2,1,NaN
25,1,1,0.651666666666667,0.934575668994512,2.15393714799575,2,1,NaN
25,3,3,0.586666666666667,0.790386547996604,1.29008904100192,2,1,NaN
25,2,3,0.625,0.649782189997495,1.08364062100009,2,1,NaN
25,3,3,0.606666666666667,0.693418238995946,1.12742103499477,2,1,NaN
25,1,3,0.421666666666667,0.815704772001482,1.47368850900239,2,1,NaN
25,3,3,0.71,0.79534873800003,1.57366914099839,2,1,NaN
25,2,2,0.345,1.47552197199548,2.022276357995,2,1,NaN
25,1,1,0.761666666666667,1.15177477800171,1.88240128699545,2,3,2
25,2,2,0.67,1.8834844630037,2.36636492900288,2,3,1
25,2,2,0.786666666666667,0.899225385997852,1.46151874500356,2,3,1
25,1,1,0.426666666666667,1.02294703200459,1.53062918200158,2,3,2
25,2,2,0.711666666666667,1.0971330839966,1.51697393100039,2,3,1
25,1,1,0.885,0.803094900998985,1.2786963069957,2,3,2
25,1,1,0.785,0.775116652002907,1.36233106200234,2,3,2
25,1,1,0.85,1.03196897500311,1.65131723800005,2,3,2
25,1,1,0.823333333333333,0.973456380001153,1.5515567859984,2,3,2
25,2,2,0.835,0.838024802003929,1.26466117100063,2,3,1
25,2,2,0.951666666666667,0.699119844997767,1.31051633899915,2,3,1
25,1,1,0.501666666666667,1.08527861200128,1.51302356499946,2,3,2
25,2,2,0.746666666666667,0.919731542999216,1.30621574999532,2,3,1
25,2,2,0.911666666666667,0.715042641000764,1.20693971100263,2,3,1
25,1,1,0.903333333333333,0.818782416004979,1.33249871500448,2,3,2
25,2,2,0.941666666666667,0.772426481002185,1.6803074260024,2,3,1
25,2,2,0.965,0.711929576005787,1.36249935100204,2,3,1
25,2,2,0.625,0.808898581002722,1.30006171599962,2,3,1
25,1,1,0.65,0.700032330998511,1.43040696899698,2,3,2
25,2,2,0.77,0.537456491998455,0.931670541001949,2,3,1
25,2,2,0.703333333333333,0.92445107200183,1.39186845900258,2,3,1
25,2,2,0.84,0.73240638000425,1.17610196400346,2,3,1
25,2,2,0.898333333333333,0.611675398002262,1.10270393200335,2,3,1
25,2,2,0.915,0.500893528995221,1.16304281799967,2,3,1
25,2,2,0.986666666666667,0.680848896001407,1.36317139000312,2,3,1
25,1,1,1,0.648565761999635,1.22708552399854,2,3,2
25,1,1,0.931666666666667,0.847436695003125,1.69735310500255,2,3,2
25,1,1,0.748333333333333,0.577842739003245,1.1322339899998,2,3,2
25,1,2,0.511666666666667,1.61191085999599,2.22241459199722,2,3,2
25,2,2,0.938333333333333,0.71377367900277,1.44495693000499,2,3,1
25,2,2,0.778333333333333,1.1433580879966,1.7140799849949,2,3,1
25,1,1,0.993333333333333,0.500691164001182,1.13922477400047,2,3,2
25,1,1,0.663333333333333,1.459619690002,1.95928970500245,2,3,2
25,1,1,0.536666666666667,0.970818462999887,1.39777017600136,2,3,2
25,1,1,0.633333333333333,0.730421496999043,1.22933897299663,2,3,2
25,1,1,0.52,1.81919381299667,2.38297353500093,2,1,NaN
25,3,3,0.606666666666667,0.993355582999357,1.31742370500433,2,1,NaN
25,4,4,0.721666666666667,1.07634443300049,1.43056294399867,2,1,NaN
25,1,1,0.538333333333333,0.882073275999574,1.22161773099651,2,1,NaN
25,2,4,0.221666666666667,0.792404322994116,2.46756045399525,2,1,NaN
25,1,2,0.446666666666667,1.02013713800261,1.53444424599729,2,1,NaN
25,2,2,0.88,1.17348805099755,1.62448999600019,2,1,NaN
25,4,3,0.415,1.16414603199519,1.59012991599593,2,1,NaN
25,1,1,0.501666666666667,1.21968126900174,1.51872185599495,2,1,NaN
25,3,3,0.898333333333333,0.942471553003998,1.38416765600414,2,1,NaN
25,4,4,0.385,1.24538259999827,1.65645844100072,2,1,NaN
25,2,2,0.501666666666667,0.978143448999617,1.27840244199615,2,1,NaN
25,1,3,0.501666666666667,1.23859969300247,1.51287815100659,2,1,NaN
25,2,3,0.501666666666667,1.02416850499867,1.31612496600428,2,1,NaN
25,1,1,0.361666666666667,1.106703215999,1.58073150100245,2,1,NaN
25,2,2,0.501666666666667,1.12950538700534,1.50078408300033,2,1,NaN
25,1,3,0.501666666666667,1.01286902200081,1.27155944500555,2,1,NaN
25,4,3,0.501666666666667,0.95353558199713,1.18820016099926,2,1,NaN
25,2,2,0.733333333333333,1.10525266799959,1.45952146399941,2,1,NaN
25,1,1,0.395,0.910343725998246,1.304690277997,2,1,NaN
25,2,2,0.861666666666667,0.960876635996101,1.4050608059988,2,1,NaN
25,4,2,0.483333333333333,1.6481124829952,2.02615225799673,2,1,NaN
25,2,2,0.52,1.04485111100075,1.34376389499812,2,1,NaN
25,4,3,0.501666666666667,1.68604432300344,1.89704679400165,2,1,NaN
25,2,2,0.686666666666667,0.705189926993626,1.10697575899394,2,1,NaN
25,3,3,0.76,0.844089647995133,1.27069242599828,2,1,NaN
25,1,1,0.345,1.10453682499792,1.57046650799748,2,1,NaN
25,1,1,0.373333333333333,1.06440410499636,1.658852751003,2,1,NaN
25,3,3,0.776666666666667,1.10081305300264,1.55082710900024,2,1,NaN
25,2,3,0.26,0.900957204001315,1.97552119199827,2,1,NaN
25,1,3,0.501666666666667,1.56495758100209,2.10333934600203,2,1,NaN
25,3,3,0.351666666666667,0.959145282002282,1.49106257699896,2,1,NaN
25,1,3,0.275,0.858587620998151,1.59754240599432,2,1,NaN
25,3,3,0.508333333333333,0.785909696998715,1.88477971999964,2,1,NaN
25,2,2,0.616666666666667,1.37233685200044,2.03847325399693,2,1,NaN
25,4,3,0.558333333333333,1.01651181500347,1.42718989500281,2,3,3
25,4,3,0.553333333333333,3.10982382200018,3.63389062400529,2,3,3
25,4,3,0.511666666666667,0.841562080997392,1.16452517399739,2,3,3
25,3,3,0.991666666666667,0.530099003000942,1.18860318700172,2,3,4
25,3,3,0.655,0.714583244000096,1.31706357400253,2,3,4
25,4,4,0.606666666666667,1.19726519400137,1.92858002400317,2,3,3
25,4,3,0.498333333333333,0.773982432998309,1.17803491700033,2,3,3
25,3,3,0.858333333333333,0.686165105995315,1.09057176499482,2,3,4
25,4,3,0.496666666666667,1.30634227799601,1.9023351049982,2,3,3
25,3,3,0.96,0.549195944004168,1.21539506500267,2,3,4
25,4,4,0.721666666666667,0.860561642999528,1.67951947300025,2,3,3
25,4,3,0.72,0.847520357005124,1.73967820699909,2,3,3
25,3,3,0.988333333333333,0.689089425999555,1.3960138600014,2,3,4
25,3,3,0.953333333333333,0.640265538000676,1.20455536599911,2,3,4
25,3,3,0.775,0.568149409002217,1.09804190399882,2,3,4
25,4,3,0.515,0.595464092999464,1.31094155900064,2,3,3
25,3,3,1,0.549808145995485,1.00074217099609,2,3,4
25,3,3,0.781666666666667,0.581527709997317,1.13588286199956,2,3,4
25,4,4,0.503333333333333,1.02374815099756,1.62771312899713,2,3,3
25,3,3,0.996666666666667,0.501765460001479,1.13688960000582,2,3,4
25,3,3,0.865,0.500748352998926,0.930737378002959,2,3,4
25,3,3,0.905,0.514266290003434,1.0611108430021,2,3,4
25,4,4,0.835,1.11927108999953,1.54580795700167,2,3,3
25,4,3,0.493333333333333,0.519629213005828,1.27587885100365,2,3,3
25,4,3,0.511666666666667,0.716762208001455,1.191386298,2,3,3
25,4,3,0.501666666666667,0.613106324999535,0.952855597999587,2,3,3
25,4,3,0.501666666666667,1.14226931899611,1.39428679100092,2,3,3
25,3,3,0.66,0.693837179002003,1.27170822399785,2,3,4
25,4,3,0.501666666666667,1.08246543599671,1.44574239000212,2,3,3
25,4,4,0.701666666666667,0.855768025998259,1.19466602199827,2,3,3
25,3,3,0.501666666666667,1.15125222499773,1.45013141899835,2,3,4
25,3,3,0.681666666666667,0.652100166000309,1.01544350900076,2,3,4
25,4,3,0.661666666666667,0.571190435999597,0.966274032994988,2,3,3
25,4,4,0.501666666666667,2.36409756699868,3.05524511099793,2,3,3
25,4,4,0.761666666666667,1.09542652699747,1.45799160000024,2,3,3
25,3,3,0.545,2.25137514100061,2.74995405999653,2,2,2
25,4,4,0.52,1.10708780300047,1.4941442989948,2,2,3
25,3,3,0.666666666666667,0.702483189001214,1.10444367599848,2,2,4
25,3,3,0.76,0.856546066999726,1.35693556899787,2,2,2
25,3,3,0.803333333333333,0.986155034996045,1.34881067599781,2,2,2
25,2,2,0.725,1.08333307900466,1.40594560600584,2,2,3
25,4,4,0.626666666666667,1.27505793500313,1.58165903600457,2,2,2
25,1,3,0.768333333333333,1.61759723999421,1.9490906179999,2,2,3
25,4,2,0.553333333333333,1.67441157699795,2.05318526700285,2,2,2
25,3,3,0.738333333333333,0.910267060004117,1.32035502399958,2,2,2
25,1,1,0.561666666666667,1.2491188089989,1.61977524700342,2,2,3
25,1,1,0.708333333333333,1.1754537490051,1.80166616800125,2,2,4
25,3,3,0.633333333333333,1.0449013489997,1.4239555880049,2,2,4
25,1,1,0.74,0.947188598001958,1.31819574200199,2,2,4
25,1,1,0.501666666666667,2.00573062800686,2.30520393900224,2,2,3
25,2,2,0.775,0.95989874299994,1.44365516900143,2,2,3
25,2,2,0.843333333333333,1.22808519500541,1.67229880700324,2,2,1
25,2,2,0.86,1.18430326499947,1.63507070099877,2,2,4
25,3,3,0.865,1.02986305899685,1.40153567599918,2,2,4
25,3,3,0.831666666666667,1.01263079199998,1.44889224300277,2,2,1
25,1,1,0.858333333333333,1.17024124899763,1.65370427200105,2,2,4
25,2,2,0.796666666666667,1.06268926399935,1.61773281099886,2,2,3
25,4,4,0.501666666666667,2.62141323399555,3.04011788000207,2,2,2
25,3,3,0.796666666666667,1.30475171500439,1.73863775900099,2,2,1
25,3,3,0.86,0.840937191002013,1.3489244989978,2,2,4
25,4,4,0.668333333333333,1.40281432199845,1.94227695400332,2,2,1
25,1,1,0.501666666666667,1.60336932799692,1.95013668799947,2,2,3
25,3,3,0.503333333333333,2.5713442740016,3.10216064700217,2,2,1
25,2,2,0.873333333333333,1.10877342599997,1.52110940000421,2,2,3
25,2,2,0.901666666666667,1.16748890699819,1.5552046849989,2,2,4
25,3,3,0.811666666666667,0.968301462999079,1.47635300899856,2,2,1
25,3,3,0.798333333333333,0.820750018996478,1.20626884199737,2,2,4
25,4,3,0.546666666666667,1.29213545499806,1.79110121099802,2,2,3
25,1,2,0.501666666666667,1.59453840800415,1.9652634189988,2,2,2
25,2,2,0.906666666666667,1.04220095399796,1.42114058999869,2,2,1
25,2,2,0.603333333333333,1.29463177800062,1.73029754400341,2,1,NaN
25,2,3,0.521666666666667,0.847461564997502,1.15552563800156,2,1,NaN
25,3,3,0.775,1.03329063000274,1.33321466000052,2,1,NaN
25,2,2,0.758333333333333,0.891784548999567,1.26225949000218,2,1,NaN
25,2,2,0.743333333333333,0.783596843000851,1.11580773300375,2,1,NaN
25,4,3,0.613333333333333,0.794454547998612,1.14911553399725,2,1,NaN
25,1,1,0.483333333333333,0.996307026995055,1.3752994969982,2,1,NaN
25,1,1,0.32,1.34891230699577,2.08754770900123,2,1,NaN
25,1,1,0.326666666666667,0.967867499995918,1.53901541999949,2,1,NaN
25,1,1,0.833333333333333,0.865422360999219,1.18972457500058,2,1,NaN
25,4,1,0.278333333333333,1.49752750200423,2.14824578299886,2,1,NaN
25,2,3,0.508333333333333,1.14632371199696,1.9582942029956,2,1,NaN
25,1,1,0.496666666666667,1.10716125700128,1.45308463300171,2,1,NaN
25,2,3,0.626666666666667,0.943680947995745,1.24319042899879,2,1,NaN
25,4,3,0.565,0.805447462997108,1.15279770199413,2,1,NaN
25,2,2,0.465,0.991045869996015,1.47310423899762,2,1,NaN
25,4,2,0.47,0.811769535001076,1.27848585899483,2,1,NaN
25,3,3,0.616666666666667,0.943603561005148,1.33010404700326,2,1,NaN
25,2,2,0.633333333333333,1.15296933500213,1.66880700100592,2,1,NaN
25,2,3,0.636666666666667,1.17370937299711,1.59183260300051,2,1,NaN
25,2,2,0.623333333333333,0.780903736995242,1.21707254799549,2,1,NaN
25,1,1,0.395,1.28399776500009,1.79006121699786,2,1,NaN
25,3,3,0.591666666666667,0.947701662997133,1.31044506299804,2,1,NaN
25,4,3,0.31,4.85386541499611,5.87200979299814,2,1,NaN
25,1,1,0.496666666666667,0.829764248999709,1.32098568999936,2,1,NaN
25,3,3,0.436666666666667,1.21676064300118,1.69872560000658,2,1,NaN
25,3,3,0.415,0.739470225002151,1.22271901099884,2,1,NaN
25,4,4,0.501666666666667,2.3299744169999,2.83802723199915,2,1,NaN
25,1,1,0.37,0.958611034999194,1.45753293600137,2,1,NaN
25,1,2,0.591666666666667,1.37170607499866,1.79765408399544,2,1,NaN
25,1,1,0.565,0.809747065999545,1.18943590699928,2,1,NaN
25,4,3,0.498333333333333,0.994108681996295,1.62219280700083,2,1,NaN
25,2,2,0.735,0.936745209997753,1.29120889800106,2,1,NaN
25,2,2,0.76,0.908424519999244,1.35878271600086,2,1,NaN
25,2,2,0.776666666666667,0.84614916099963,1.40939806600363,2,1,NaN
25,1,1,0.671666666666667,1.20336848099396,2.54949804499483,2,2,4
25,1,1,0.535,1.95508287199482,3.27793055199436,2,2,2
25,2,2,0.501666666666667,1.76519172699773,2.12814733599953,2,2,4
25,3,3,0.87,1.222253963002,1.60248587100068,2,2,4
25,3,3,0.865,0.813810125997406,1.29605071900005,2,2,4
25,2,2,0.803333333333333,0.977039587996842,1.50813668900082,2,2,4
25,3,3,0.925,0.811757206000038,1.24002743900201,2,2,4
25,3,3,0.646666666666667,1.05768765399989,1.59790628799965,2,2,1
25,3,3,0.916666666666667,0.920758648004266,1.35484908700164,2,2,4
25,4,3,0.581666666666667,0.484221375998459,1.13123895099852,2,2,2
25,2,3,0.015,0.882268119996297,3.98132700199494,2,2,4
25,3,3,0.518333333333333,1.06349864300137,1.44240681299561,2,2,4
25,3,3,0.616666666666667,1.36446871799853,1.71837485500146,2,2,1
25,2,2,0.663333333333333,0.901896806004515,1.34492003500054,2,2,3
25,4,4,0.696666666666667,1.44656866700097,1.84972396100056,2,2,2
25,4,2,0.503333333333333,1.74738204599998,2.19887218900112,2,2,2
25,2,2,0.711666666666667,1.12213609000173,1.54952062200027,2,2,1
25,3,3,0.725,0.970363911001186,1.46806680200098,2,2,2
25,1,1,0.623333333333333,1.12628304599639,1.69746490599937,2,2,4
25,4,4,0.51,1.97735473400098,2.69332823199511,2,2,1
25,2,2,0.713333333333333,1.50728368999989,1.8780563850014,2,2,4
25,1,4,0.645,1.83794715599652,2.25016664599389,2,2,4
25,4,3,0.688333333333333,0.905911995003407,1.21398025999952,2,2,3
25,1,1,0.501666666666667,1.69698629699997,2.05087457600166,2,2,4
25,4,4,0.733333333333333,1.0609154929989,1.37499907799793,2,2,3
25,3,3,0.681666666666667,1.07757205599773,1.49568107599771,2,2,1
25,4,4,0.7,1.00787299299554,1.31488071099739,2,2,3
25,4,4,0.718333333333333,1.33118694599398,1.668873427996,2,2,1
25,3,3,0.751666666666667,0.838749084003211,1.10664970300422,2,2,2
25,4,3,0.713333333333333,0.89874480299477,1.19794398600061,2,2,3
25,1,3,0,0.96970205600519,2.50990560200444,2,2,2
25,4,4,0.683333333333333,1.72446304000187,2.13618366000446,2,2,2
25,3,3,0.691666666666667,1.03752894899662,1.35216714599665,2,2,2
25,1,1,0.748333333333333,1.05351394899481,1.4562436289998,2,2,2
25,3,3,0.935,0.939059611999255,1.63082975900033,2,2,4
25,1,4,0.54,1.25559548800084,1.84150275799766,2,3,4
25,1,1,0.653333333333333,0.980782919003104,1.48779707599897,2,3,4
25,1,1,0.713333333333333,0.800565955003549,1.26668535200588,2,3,4
25,1,1,0.791666666666667,0.596866717998637,1.04904378000356,2,3,4
25,4,4,0.921666666666667,0.674509929995111,1.22096978199988,2,3,1
25,4,4,0.731666666666667,0.809066098001495,1.21320069899957,2,3,1
25,4,4,0.891666666666667,0.76815308300138,1.21081283999956,2,3,1
25,4,4,0.503333333333333,0.758871366997482,1.06603661799454,2,3,1
25,4,4,0.756666666666667,0.756018095999025,1.06168793099641,2,3,1
25,1,1,0.888333333333333,0.560936612004298,1.09109193300537,2,3,4
25,4,4,0.801666666666667,0.796886043994164,1.31213712199678,2,3,1
25,1,1,0.793333333333333,0.815265031997114,1.24150464400009,2,3,4
25,1,1,0.903333333333333,1.50958451699989,1.9768745399997,2,3,4
25,1,1,0.913333333333333,1.13297496800078,1.5834248070023,2,3,4
25,4,4,0.946666666666667,0.724625782997464,1.12651016000018,2,3,1
25,1,1,0.658333333333333,0.830660552994232,1.16994915099349,2,3,4
25,1,1,0.616666666666667,0.775597651998396,1.09824225299963,2,3,4
25,1,1,0.765,0.674690047002514,1.13419162900391,2,3,4
25,4,4,0.818333333333333,0.652904989998206,1.05695559200103,2,3,1
25,1,1,0.69,0.634953124004824,0.925600135000423,2,3,4
25,4,1,0.741666666666667,0.941294882002694,1.24743676700018,2,3,1
25,4,4,0.498333333333333,0.738210119998257,1.38961389700125,2,3,1
25,1,1,0.633333333333333,0.690834770000947,0.988669373000448,2,3,4
25,4,4,0.711666666666667,0.77071977200103,1.07844801699684,2,3,1
25,1,1,0.728333333333333,0.686488979998103,1.01016813699971,2,3,4
25,4,4,0.716666666666667,1.11831446900032,1.42423956499988,2,3,1
25,1,1,0.701666666666667,0.604772295002476,1.00709231100336,2,3,4
25,4,4,0.708333333333333,1.22842394899635,1.60730431899719,2,3,1
25,1,1,0.735,0.675151944997197,1.15801624899905,2,3,4
25,4,1,0.683333333333333,0.604825782997068,0.983088840999699,2,3,1
25,4,4,0.781666666666667,0.669228393002413,1.11921785400045,2,3,1
25,1,1,0.668333333333333,0.584157664001395,0.995400492996851,2,3,4
25,1,4,0.431666666666667,0.535179769998649,1.57885312599683,2,3,4
25,4,4,0.591666666666667,1.03905860800296,1.4671627860007,2,3,1
25,1,1,0.73,0.555468211001426,0.911553218000336,2,3,4
25,4,4,0.69,0.939267947003827,1.33406082400325,2,3,2
25,4,4,0.658333333333333,0.748216264000803,1.14434883400099,2,3,2
25,4,2,0.705,0.773854676997871,1.0978287120015,2,3,2
25,2,2,0.896666666666667,0.545222563996504,0.868563087999064,2,3,4
25,4,4,0.708333333333333,0.885966333000397,1.23205641199456,2,3,2
25,2,2,0.628333333333333,0.507442123998771,0.813792433000344,2,3,4
25,2,2,0.861666666666667,0.500951093999902,0.877388075998169,2,3,4
25,2,2,0.641666666666667,0.502519606998248,0.92289250199974,2,3,4
25,4,4,0.745,0.712806479998108,0.996695046997047,2,3,2
25,4,4,0.7,0.648619300001883,0.96223829399969,2,3,2
25,4,2,0.786666666666667,0.505746791997808,0.820908707995841,2,3,2
25,2,2,0.721666666666667,0.607949664001353,0.948163828004908,2,3,4
25,4,4,0.76,1.17029217899835,1.49368752499868,2,3,2
25,4,2,0.57,0.748580990999471,1.26266100200155,2,3,2
25,2,2,0.73,0.528327344996796,0.828222461997939,2,3,4
25,4,4,0.83,0.774579566001194,1.13055134400201,2,3,2
25,2,2,0.881666666666667,0.51357964300405,0.917016400002467,2,3,4
25,4,2,0.63,0.755807428002299,1.02955502599798,2,3,2
25,2,2,0.76,0.545149377998314,0.868546812002023,2,3,4
25,2,2,0.86,0.53397519599821,0.864758536001318,2,3,4
25,2,2,0.833333333333333,0.500762386000133,1.01439601899619,2,3,4
25,4,4,0.588333333333333,0.922007342000143,1.2054550899993,2,3,2
25,4,4,0.786666666666667,0.992669195999042,1.22071581199998,2,3,2
25,4,2,0.546666666666667,0.583988926999155,1.04359630199906,2,3,2
25,2,2,0.501666666666667,0.821137815000839,1.05593141300051,2,3,4
25,2,2,0.506666666666667,0.547560866005369,0.862801587005379,2,3,4
25,2,2,0.623333333333333,0.483924198997556,0.762693612996372,2,3,4
25,2,2,0.588333333333333,0.592921807001403,0.890843297005631,2,3,4
25,4,4,0.723333333333333,0.565698767000868,0.857055335996847,2,3,2
25,2,2,0.688333333333333,0.483989006999764,0.845018740998057,2,3,4
25,4,2,0.511666666666667,0.687263259002066,0.986535889998777,2,3,2
25,4,4,0.591666666666667,1.2318071769987,1.52244685099868,2,3,2
25,2,2,0.605,0.761697492001986,1.10101808000036,2,3,4
25,4,4,0.638333333333333,0.900098386999161,1.25573833900125,2,3,2
25,2,2,0.765,0.500662055994326,0.811992557995836,2,3,4
25,4,2,0.546666666666667,1.73608615199919,3.10668990499835,2,1,NaN
25,2,2,0.693333333333333,0.801337691002118,1.21266168099828,2,1,NaN
25,2,2,0.69,0.663629683003819,0.922891859998344,2,1,NaN
25,2,2,0.7,0.57077153899445,0.845460637996439,2,1,NaN
25,3,2,0.755,0.928374849994725,1.17252318099781,2,1,NaN
25,4,2,0.573333333333333,0.729757748995326,1.06074846199772,2,1,NaN
25,4,4,0.56,0.918513532997167,1.15289252599905,2,1,NaN
25,1,1,0.29,1.16806855599862,1.70713853699999,2,1,NaN
25,3,3,0.531666666666667,1.07485260400426,1.36622077300126,2,1,NaN
25,2,2,0.623333333333333,0.947477904999687,1.3101217969961,2,1,NaN
25,2,2,0.593333333333333,0.50169476299925,0.85697865900147,2,1,NaN
25,2,2,0.666666666666667,0.507952977000969,0.831561876999331,2,1,NaN
25,2,2,0.7,0.562033504997089,1.71655497200118,2,1,NaN
25,2,3,0.511666666666667,0.788042114996642,1.11223141299706,2,1,NaN
25,3,3,0.638333333333333,0.527279686997645,0.850841255996784,2,1,NaN
25,4,1,0.273333333333333,1.07693322999694,1.93548120199557,2,1,NaN
25,1,1,0.298333333333333,1.23018333499931,2.11294219700358,2,1,NaN
25,4,3,0.678333333333333,0.86457446100394,1.14692513699993,2,1,NaN
25,4,3,0.501666666666667,0.825595499001793,1.14824427999702,2,1,NaN
25,2,2,0.645,0.819116715996643,1.15021919199353,2,1,NaN
25,1,1,0.623333333333333,1.22817348299577,1.63248891400144,2,1,NaN
25,4,4,0.398333333333333,1.39442999099992,1.85415733500122,2,1,NaN
25,1,1,0.376666666666667,1.61470494099922,2.09057176499482,2,1,NaN
25,1,1,0.373333333333333,1.18555580300017,1.71002810700156,2,1,NaN
25,3,3,0.655,0.851730098002008,1.20762485200248,2,1,NaN
25,3,3,0.591666666666667,0.635786598999402,0.934405355001218,2,1,NaN
25,3,3,0.633333333333333,0.717659136003931,1.00044129700109,2,1,NaN
25,4,3,0.693333333333333,0.669541869996465,1.01701827099896,2,1,NaN
25,3,3,0.656666666666667,0.58847923999565,0.888478332999512,2,1,NaN
25,1,1,0.446666666666667,1.04104898699734,1.43642185699719,2,1,NaN
25,2,2,0.795,1.19851837999886,1.56261097999959,2,1,NaN
25,1,1,0.401666666666667,0.919427836997784,1.37841677499819,2,1,NaN
25,4,3,0.501666666666667,1.6873424009973,2.28281372699712,2,1,NaN
25,1,3,0.515,0.770186030000332,1.07813280000119,2,1,NaN
25,1,1,0.44,1.59839623200241,1.93710950099921,2,1,NaN
25,4,2,0.515,2.25438919700537,3.7059155110037,2,2,2
25,3,3,0.691666666666667,1.23102765699878,1.52258665699628,2,2,4
25,2,2,0.628333333333333,1.5289586689978,1.92455480599892,2,2,1
25,3,3,0.795,0.914120453999203,1.38093016700441,2,2,4
25,4,3,0,0.753816841999651,2.22177041900432,2,2,1
25,2,2,0.54,1.95096476500476,2.40946634200373,2,2,1
25,3,3,0.706666666666667,1.14115356399998,1.4648933339995,2,2,2
25,1,2,0.511666666666667,1.90555295699596,2.91640797400032,2,2,2
25,3,3,0.82,0.946053682004276,1.34956801799854,2,2,1
25,2,2,0.9,1.15532998400158,1.53411118900112,2,2,4
25,2,2,0.796666666666667,0.972802557997056,1.44774428499659,2,2,3
25,2,2,0.833333333333333,1.13003103600204,1.94018852299632,2,2,3
25,2,2,0.846666666666667,1.37855677899643,1.90299450400198,2,2,4
25,2,2,0.926666666666667,1.19718743600242,1.79237686600391,2,2,1
25,2,2,0.813333333333333,1.10073847699823,1.5611027499981,2,2,3
25,3,3,0.715,0.949412768000911,1.54369054600102,2,2,1
25,3,3,0.743333333333333,0.974502224002208,1.31402277499728,2,2,1
25,1,4,0.523333333333333,2.11336303999997,2.89947050299816,2,2,4
25,1,3,0.68,1.20148686000175,1.54112294100196,2,2,3
25,1,1,0.7,1.06652888200188,1.46143836499687,2,2,4
25,2,2,0.681666666666667,0.999843040997803,1.27407906900044,2,2,1
25,2,2,0.81,1.48372720399493,1.89643613499356,2,2,1
25,4,1,0.5,2.11774890599918,2.77695293299621,2,2,1
25,4,4,0.563333333333333,2.10922125100478,2.50481911899988,2,2,2
25,1,1,0.741666666666667,1.27919212700363,1.56154090999917,2,2,3
25,4,4,0.528333333333333,1.54225545199733,2.01850135999848,2,2,1
25,1,1,0.683333333333333,1.03619895199517,1.3510238969975,2,2,2
25,4,4,0.501666666666667,2.34875565900438,2.82482337900001,2,2,2
25,2,2,0.711666666666667,1.12123918900033,1.34868095700222,2,2,4
25,2,2,0.78,1.13810409099824,1.62119838799845,2,2,1
25,1,1,0.905,1.25678770899685,1.61222211999848,2,2,2
25,4,2,0.501666666666667,1.80628168299882,2.39323692800099,2,2,2
25,1,1,0.778333333333333,1.01288760700118,1.40711882700271,2,2,3
25,3,3,0.903333333333333,1.60356623299595,2.24771001299814,2,2,2
25,3,3,0.925,0.96059333300218,1.51515370300331,2,2,4
25,1,1,0.671666666666667,1.45449148200714,2.2578131840055,2,2,4
25,2,2,0.696666666666667,0.97091686699423,1.39874315199995,2,2,1
25,1,2,0.51,1.81783661300142,2.42014105300041,2,2,2
25,3,3,0.763333333333333,0.895777088000614,1.18743672600249,2,2,1
25,1,1,0.501666666666667,1.87999167599628,2.20359988899872,2,2,4
25,1,1,0.808333333333333,1.49412593300076,2.10569629200472,2,2,2
25,2,2,0.895,1.01655438099988,1.36419699099497,2,2,4
25,2,2,0.861666666666667,0.937742164001975,1.32400124499691,2,2,4
25,3,3,0.898333333333333,1.05205623299844,1.34293140999944,2,2,4
25,3,3,0.818333333333333,1.02130035199662,1.32684342400171,2,2,4
25,2,2,0.735,1.1992659710013,1.55327186499926,2,2,4
25,4,1,0.488333333333333,1.84776591300033,2.87390748599864,2,2,1
25,4,4,0.49,2.13847516999522,2.72610450999491,2,2,2
25,1,1,0.68,1.20345902199915,1.51193169600447,2,2,4
25,4,2,0.653333333333333,1.21405281299667,1.54479788600293,2,2,2
25,3,3,0.685,1.09524998000416,1.46679547899839,2,2,1
25,3,3,0.766666666666667,0.915701084006287,1.32722233100503,2,2,1
25,2,2,0.866666666666667,1.30147101199691,1.61643382899638,2,2,4
25,1,1,0.495,1.78782410600252,2.31960190500104,2,2,4
25,3,3,0.73,1.07732218199817,1.37682137500087,2,2,2
25,4,4,0.501666666666667,1.82913427900348,2.08946483999898,2,2,1
25,1,1,0.83,0.968154258000141,1.28263202800008,2,2,2
25,3,3,0.773333333333333,1.16499395600113,1.5444452879965,2,2,4
25,4,4,0.536666666666667,1.830093416007,2.1453276980028,2,2,2
25,2,2,0.845,1.10974852299842,1.40169448099914,2,2,1
25,4,4,0.501666666666667,1.86145039199619,2.11188329300057,2,2,2
25,2,2,0.755,0.950550580004347,1.23423865299992,2,2,3
25,3,3,0.84,1.56469315200229,1.89497710900469,2,2,1
25,3,3,0.678333333333333,0.999468964000698,1.25901894400158,2,2,4
25,1,1,0.693333333333333,1.06792877599946,1.39237533000414,2,2,4
25,1,1,0.888333333333333,1.38777493900125,1.77549235799961,2,2,4
25,1,2,0.64,1.21121048499481,1.78288366099878,2,2,2
25,3,3,0.861666666666667,0.955002901006083,1.41471365900361,2,2,2
25,4,3,0.881666666666667,1.11327878999873,1.56426114100032,2,2,3
25,4,4,0.55,1.2497188769994,1.6129577029933,2,2,1
25,2,2,0.886666666666667,0.975165126998036,1.6971252229996,2,3,3
25,3,3,0.83,0.785529804998077,1.29206842600252,2,3,2
25,2,3,0.658333333333333,1.10929626999859,1.50415518500085,2,3,3
25,2,2,0.9,0.784687512998062,1.20465195400175,2,3,3
25,3,3,0.94,0.791433619997406,1.20259018700017,2,3,2
25,3,3,0.971666666666667,0.750489812999149,1.18584168799862,2,3,2
25,2,2,0.636666666666667,0.822573498000565,1.12195679000433,2,3,3
25,2,2,0.521666666666667,1.02586233300099,1.46093591899989,2,3,3
25,3,3,0.715,0.684832969003764,0.99281200900441,2,3,2
25,2,2,0.763333333333333,0.732148568000412,1.08703013200284,2,3,3
25,3,3,0.855,0.792176228998869,1.09082664599555,2,3,2
25,2,2,0.518333333333333,0.868865409000136,1.18275153000286,2,3,3
25,3,3,0.885,0.54130035599519,0.848812545998953,2,3,2
25,2,2,0.496666666666667,0.674182085997018,0.988912278000498,2,3,3
25,2,3,0.678333333333333,0.530768041004194,0.99722780600132,2,3,3
25,3,3,0.806666666666667,0.656863693002379,1.08495522900193,2,3,2
25,3,3,0.876666666666667,0.637258575996384,1.15312973700202,2,3,2
25,2,2,0.87,0.902301771995553,1.3764545679951,2,3,3
25,3,3,0.978333333333333,0.598498311002913,1.03234490100294,2,3,2
25,3,3,0.923333333333333,0.564555131997622,0.943414162997215,2,3,2
25,2,2,1,0.50091996199626,0.904933054996945,2,3,3
25,2,2,0.501666666666667,0.826283696995233,1.20431063299475,2,3,3
25,2,2,0.501666666666667,0.897319019000861,1.14137495499745,2,3,3
25,3,3,0.695,0.619893663999392,0.934868186996027,2,3,2
25,3,3,0.706666666666667,0.509477727995545,0.856859075996908,2,3,2
25,3,3,0.925,0.626596672998858,1.07069676499668,2,3,2
25,2,2,0.768333333333333,0.511438446003012,0.874072796999826,2,3,3
25,2,2,0.858333333333333,0.643315223998798,1.05540692099748,2,3,3
25,3,3,0.631666666666667,0.640703216995462,0.899496452999301,2,3,2
25,3,3,0.8,0.596169924996502,1.01632705600059,2,3,2
25,3,3,0.783333333333333,0.514590535000025,0.854561961998115,2,3,2
25,3,3,0.586666666666667,0.872159580001608,1.18697151200467,2,3,2
25,2,2,0.586666666666667,0.720862305002811,1.00270666700089,2,3,3
25,2,2,0.501666666666667,0.703813986998284,1.22753778799961,2,3,3
25,3,2,0.193333333333333,0.565037705993745,2.04069503699429,2,3,2
25,3,3,0.621666666666667,1.55315498200071,1.96311348999734,2,1,NaN
25,2,3,0.503333333333333,0.776942632997816,0.987590541997633,2,1,NaN
25,2,2,0.723333333333333,0.889172452996718,1.16471396200359,2,1,NaN
25,2,2,0.976666666666667,0.545507836002798,0.892042088002199,2,1,NaN
25,3,3,0.876666666666667,0.725808554998366,1.08853458399972,2,1,NaN
25,1,1,0.56,0.881918268998561,1.14181625899801,2,1,NaN
25,4,4,0.501666666666667,1.16425370700017,1.51045921599871,2,1,NaN
25,3,3,0.656666666666667,0.709916455998609,0.944425323999894,2,1,NaN
25,2,2,0.301666666666667,1.83213498000259,2.46785116899991,2,1,NaN
25,4,4,0.325,1.35562705199845,2.12570263700036,2,1,NaN
25,1,1,0.66,0.845096311000816,1.16883221500029,2,1,NaN
25,2,2,0.505,1.01411454800109,1.26457439600199,2,1,NaN
25,2,2,0.495,0.826646235997032,1.49392234299739,2,1,NaN
25,4,4,0.54,1.15809084500506,1.4640678470023,2,1,NaN
25,4,4,0.501666666666667,0.738597550996928,0.949936764998711,2,1,NaN
25,3,3,0.623333333333333,1.25203866700031,1.5350543339955,2,1,NaN
25,1,2,0.515,1.4219035999995,1.64109091000137,2,1,NaN
25,4,4,0.313333333333333,1.52296749200468,2.14332296400244,2,1,NaN
25,2,2,0.626666666666667,1.10799294800381,1.39756372900592,2,1,NaN
25,3,3,0.675,0.994548456001212,1.26913301800232,2,1,NaN
25,3,3,0.738333333333333,0.69546191200061,1.04226482399827,2,1,NaN
25,3,3,0.668333333333333,0.980884813994635,1.23933638399467,2,1,NaN
25,3,3,0.501666666666667,0.619375818001572,0.92534912800329,2,1,NaN
25,1,1,0.615,1.2293672329979,1.60014643499744,2,1,NaN
25,1,1,0.71,0.692951123004605,1.06388653500471,2,1,NaN
25,2,2,0.706666666666667,0.817012186998909,1.23551839599531,2,1,NaN
25,1,2,0.383333333333333,1.33542889099772,2.1951974439944,2,1,NaN
25,3,3,0.383333333333333,0.997886018994905,1.57677944899478,2,1,NaN
25,3,3,0.501666666666667,0.829908906998753,1.08815730499919,2,1,NaN
25,1,3,0.315,1.20955594100087,1.68533277000097,2,1,NaN
25,1,1,0.401666666666667,1.37301538800239,1.86521248400095,2,1,NaN
25,1,1,0.705,0.969092381004884,1.33290486100304,2,1,NaN
25,1,1,0.636666666666667,0.699491377999948,1.23084834899782,2,1,NaN
25,1,1,0.663333333333333,0.849272273997485,1.27680314800091,2,1,NaN
25,2,2,0.916666666666667,0.869252739998046,1.36897532400326,2,1,NaN
26,1,1,0.605,2.31411510700127,5.56498923600157,2,2,4
26,3,3,0.861666666666667,1.61395773200638,2.7858106240019,2,2,1
26,4,4,0.685,1.97224835499946,3.13583155700326,2,2,2
26,3,3,0.916666666666667,1.59571916199639,2.84705716899771,2,2,2
26,4,2,0.501666666666667,2.01555356000608,3.18651292300638,2,2,2
26,4,3,0.648333333333333,2.50110413799848,3.71198291799374,2,2,3
26,1,3,0.518333333333333,2.32488481399923,3.46463990399934,2,2,3
26,3,3,0.426666666666667,2.12720913199882,2.94675681600347,2,2,1
26,1,2,0.691666666666667,2.92591323500528,4.2252035690035,2,2,2
26,4,2,0.59,2.4736510579969,4.9578556109991,2,2,2
26,1,1,0.753333333333333,1.19067259899748,3.29050976500002,2,2,2
26,2,2,0.89,1.62473693000356,3.01285933100007,2,2,3
26,1,1,0.716666666666667,1.90919353500067,4.11961054700078,2,2,3
26,4,1,0.525,1.94093364699802,3.50424974600173,2,2,1
26,2,2,0.628333333333333,1.88584485599858,3.08172689600178,2,2,3
26,4,4,0.751666666666667,1.65547509200405,3.00334267500148,2,2,1
26,2,2,0.916666666666667,1.57189019799989,3.49476289300219,2,2,3
26,2,2,0.68,2.14091700399877,4.58301029399445,2,2,4
26,3,3,0.845,1.43362622400309,3.18875990000379,2,2,1
26,1,1,0.501666666666667,2.38362763600162,3.1150961730018,2,2,3
26,2,2,0.753333333333333,1.43237411799782,3.21900286099844,2,2,3
26,4,4,0.503333333333333,3.40380190800352,3.91873548100557,2,2,2
26,3,3,0.913333333333333,1.41170370399777,2.79854138399969,2,2,2
26,4,2,0.64,2.45724842199706,4.12489108899899,2,2,2
26,2,2,0.878333333333333,1.51238953999564,3.39641521599697,2,2,1
26,4,4,0.738333333333333,1.98976909400517,3.60895459900348,2,2,1
26,2,2,0.643333333333333,1.69074954900134,2.8132297359989,2,2,4
26,2,2,0.933333333333333,1.51911962399754,2.77731715599657,2,2,3
26,2,2,0.788333333333333,1.66929144800088,2.70378255899413,2,2,3
26,1,1,0.718333333333333,1.53487689000031,3.2972876299973,2,2,3
26,4,3,0.63,2.11186011200334,3.97842945699813,2,2,3
26,1,1,0.773333333333333,1.92620212100155,2.93709631900128,2,2,4
26,1,1,0.813333333333333,1.70220838100067,4.13005690900172,2,2,4
26,4,3,0.56,2.22841192899796,3.51226213299378,2,2,3
26,3,3,0.918333333333333,1.32466872499936,3.02368782700069,2,2,1
26,3,3,0.956666666666667,1.56873835200531,4.05202235100296,2,3,1
26,3,3,0.838333333333333,1.15480530299828,2.8697239969988,2,3,1
26,3,3,0.925,1.54165744299826,3.22419668999646,2,3,1
26,3,3,0.985,1.43425758100057,2.71784148200095,2,3,1
26,1,3,0.505,2.27505898899835,3.66190182799619,2,3,3
26,1,1,0.551666666666667,2.18105638999987,3.42321601099684,2,3,3
26,3,3,0.623333333333333,1.34536992100038,2.1413994060058,2,3,1
26,3,3,0.791666666666667,1.33069676499872,2.88469967399578,2,3,1
26,1,1,0.786666666666667,1.46114622200548,3.83285051699932,2,3,3
26,1,3,0.613333333333333,1.92023776199494,3.63417294999817,2,3,3
26,3,3,0.846666666666667,1.39510759899713,2.487095288001,2,3,1
26,1,1,0.681666666666667,1.70268948000012,4.63425001699943,2,3,3
26,3,1,0.583333333333333,1.64833144099975,2.91515378400072,2,3,1
26,3,3,0.756666666666667,1.4574670410002,2.93257554100273,2,3,1
26,1,1,0.711666666666667,1.44170974400186,2.2930184969955,2,3,3
26,3,3,0.776666666666667,1.37200508199749,2.6000864259986,2,3,1
26,1,1,0.875,1.57838283000456,2.74030286900233,2,3,3
26,1,1,0.801666666666667,1.49095332700381,2.84472231400287,2,3,3
26,3,3,0.908333333333333,1.23794051300501,2.11225070500223,2,3,1
26,1,1,0.843333333333333,1.68832567000209,2.77083748600126,2,3,3
26,3,3,0.948333333333333,1.37458347999927,2.39471992600011,2,3,1
26,3,3,0.961666666666667,1.28537306599901,2.75221199700172,2,3,1
26,1,1,0.591666666666667,1.67690443500032,2.79141091000201,2,3,3
26,3,3,0.896666666666667,1.25102328600042,2.61435024299863,2,3,1
26,1,1,0.966666666666667,1.21666782900138,2.28391528799693,2,3,3
26,1,1,0.83,1.37173630100006,2.45491365099588,2,3,3
26,3,3,0.891666666666667,1.43886385000224,3.09941461900598,2,3,1
26,1,1,0.975,1.33621444699384,2.64470568199613,2,3,3
26,1,1,0.521666666666667,2.42094007699779,3.69651491400145,2,3,3
26,3,3,0.905,2.085162217998,3.44737893899583,2,3,1
26,1,1,0.753333333333333,1.58415042600245,2.9225338690012,2,3,3
26,3,3,0.73,2.33738648700091,4.73104586499539,2,3,1
26,3,3,0.868333333333333,1.60719610700471,2.38539145800314,2,3,1
26,1,1,0.608333333333333,2.12611183099943,3.59198882900091,2,3,3
26,1,1,0.771666666666667,2.09954487099458,3.7743632290003,2,3,3
26,4,2,0.501666666666667,2.16854166199482,3.67533987599745,2,1,NaN
26,2,2,0.443333333333333,1.65816435699526,3.12578142799612,2,1,NaN
26,3,3,0.713333333333333,1.53922546800459,3.26906630000303,2,1,NaN
26,4,2,0.796666666666667,1.74911290599994,5.32041087600373,2,1,NaN
26,4,2,0.265,5.42705451100483,7.06307585300237,2,1,NaN
26,1,1,0.711666666666667,1.8181858809985,3.57361552299699,2,1,NaN
26,2,2,0.771666666666667,1.58436148799956,2.9953705989974,2,1,NaN
26,3,3,0.725,1.62974170700181,4.36839741300355,2,1,NaN
26,1,1,0.256666666666667,10.3395800859944,12.5832342959984,2,1,NaN
26,4,3,0.65,1.70300988799863,4.36093749300198,2,1,NaN
26,2,2,0.591666666666667,1.62693444999604,3.35789639900031,2,1,NaN
26,4,2,0.616666666666667,1.64207073499711,3.78887283699441,2,1,NaN
26,1,1,0.756666666666667,1.70337069200468,4.02609386100085,2,1,NaN
26,3,3,0.816666666666667,1.54756979499507,3.60568273699755,2,1,NaN
26,2,2,0.841666666666667,1.72844557299686,5.48305416900257,2,1,NaN
26,1,3,0.881666666666667,1.51113304799946,2.56970967000234,2,1,NaN
26,2,2,0.75,1.76710024400381,2.70471670700499,2,1,NaN
26,4,2,0.566666666666667,1.95254720400408,3.49219592000009,2,1,NaN
26,4,3,0.768333333333333,1.25809663499967,3.17335544600064,2,1,NaN
26,4,3,0.878333333333333,1.31246166000346,2.15474983100285,2,1,NaN
26,4,3,0.568333333333333,2.24112625799899,3.23618600100599,2,1,NaN
26,2,2,0.701666666666667,1.55673998300335,3.00855576200411,2,1,NaN
26,4,4,0.636666666666667,1.76196367499506,2.93397894699592,2,1,NaN
26,4,4,0.573333333333333,2.00211214400042,3.22949072600022,2,1,NaN
26,4,3,0.52,1.44671890000609,3.24118737600656,2,1,NaN
26,4,4,0.446666666666667,2.37802777799516,4.73314723499789,2,1,NaN
26,1,3,0.526666666666667,1.92065788999753,4.30693854900164,2,1,NaN
26,3,3,0.728333333333333,1.60724257300171,2.8576897699968,2,1,NaN
26,4,3,0.758333333333333,1.33894452899403,2.37338091499987,2,1,NaN
26,1,1,0.658333333333333,1.63434949300427,3.07877594599995,2,1,NaN
26,3,3,0.831666666666667,1.40455412900337,2.28767510200123,2,1,NaN
26,1,1,0.501666666666667,1.70396016499581,3.36235194899928,2,1,NaN
26,3,3,0.378333333333333,2.32578993900097,3.52930872700381,2,1,NaN
26,2,2,0.608333333333333,1.66121620399645,7.62485021699831,2,1,NaN
26,1,1,0.53,2.01213125800132,3.38417123299587,2,1,NaN
26,2,2,0.65,1.64656768299756,3.08057066599577,2,1,NaN
26,4,4,0.745,1.67240352200315,2.48264579199895,2,1,NaN
26,4,4,0.678333333333333,1.61147745399649,2.48636879299738,2,1,NaN
26,4,1,0.561666666666667,1.45392138999887,2.40860904500005,2,1,NaN
26,1,1,0.835,1.30017757199676,2.27072247600154,2,1,NaN
26,1,1,0.815,1.5194197210003,2.53060372300388,2,1,NaN
26,1,1,0.376666666666667,3.02436553099687,4.62668504699832,2,1,NaN
26,3,3,0.67,1.27504124100233,2.37470452100388,2,1,NaN
26,1,1,0.621666666666667,1.41064442600327,2.85301922600047,2,1,NaN
26,2,2,0.498333333333333,1.59010424800363,3.2901931400047,2,1,NaN
26,1,2,0.461666666666667,2.04008780200093,2.73974789200292,2,1,NaN
26,4,4,0.708333333333333,1.44041891000234,3.06665442200028,2,1,NaN
26,3,3,0.743333333333333,1.25906782400125,3.26191954000387,2,1,NaN
26,4,2,0.501666666666667,2.23758855600317,3.36855886800186,2,1,NaN
26,3,3,0.555,1.65955763200327,2.94390413500514,2,1,NaN
26,2,2,0.746666666666667,1.40468223600328,3.04654769199988,2,1,NaN
26,1,2,0.793333333333333,1.39961495099851,2.46718525399774,2,1,NaN
26,1,1,0.293333333333333,2.82707633599784,3.91806811199785,2,1,NaN
26,1,1,0.428333333333333,1.45878682900366,2.43747135200101,2,1,NaN
26,2,2,0.678333333333333,1.1916165319999,2.53037568000582,2,1,NaN
26,4,1,0.571666666666667,1.62411679900106,2.4828595450017,2,1,NaN
26,3,3,0.751666666666667,1.38673796699732,2.91729163900163,2,1,NaN
26,4,3,0.633333333333333,1.62709554500179,3.7507621650002,2,1,NaN
26,2,2,0.57,1.96230036000634,3.47717848100001,2,1,NaN
26,3,1,0.633333333333333,1.84450960700633,3.00016430600226,2,1,NaN
26,1,1,0.69,1.52179049900587,2.63633896100509,2,1,NaN
26,1,1,0.701666666666667,1.63019128099404,2.74639138299972,2,1,NaN
26,3,4,0.501666666666667,2.08603559999756,3.10521125399828,2,1,NaN
26,3,3,0.446666666666667,1.48787127300602,4.84982844800106,2,1,NaN
26,1,3,0.46,1.63303989400447,4.01076717600517,2,1,NaN
26,1,1,0.755,1.36472974700155,2.887873751999,2,1,NaN
26,3,3,0.755,1.54343939300452,3.01082868800586,2,1,NaN
26,1,1,0.836666666666667,1.36418296100601,3.11923695700534,2,1,NaN
26,1,1,0.643333333333333,1.59653685200465,3.34478598400165,2,1,NaN
26,1,1,0.733333333333333,1.49993263999932,2.9182255439955,2,1,NaN
26,1,1,0.863333333333333,1.71554299900163,3.82250855099846,2,2,4
26,3,3,0.825,1.5352322500039,2.57858863000001,2,2,2
26,3,3,0.751666666666667,1.54950150899822,3.00820950900379,2,2,1
26,4,1,0.71,1.59569988099975,3.10261911099951,2,2,1
26,1,1,0.946666666666667,1.4450645600009,2.56073552300222,2,2,2
26,3,3,0.65,1.44344515799457,3.63828380599443,2,2,1
26,2,2,0.588333333333333,1.67159066299791,3.01799970499997,2,2,1
26,1,1,0.571666666666667,1.78038049799943,3.11912406700139,2,2,2
26,2,2,0.673333333333333,1.6285769840033,3.720781971002,2,2,1
26,1,1,0.9,1.21291099600057,2.15222341100161,2,2,3
26,2,2,0.693333333333333,1.45267604800028,2.34419996500219,2,2,3
26,4,2,0.671666666666667,1.31680251200305,3.51155599499907,2,2,2
26,1,2,0.738333333333333,1.37333748599485,2.840231725997,2,2,4
26,1,1,0.751666666666667,1.5538215839988,2.55621993100067,2,2,2
26,3,3,0.903333333333333,1.56932278699969,3.73283052600164,2,2,2
26,3,3,0.918333333333333,1.40848645500228,3.09191596099845,2,2,4
26,1,1,0.845,1.54699003299902,2.99708443000418,2,2,3
26,3,3,0.786666666666667,1.43196162400272,2.69129225500365,2,2,2
26,1,1,0.933333333333333,1.36248439300107,2.90872883299744,2,2,3
26,4,1,0.64,2.00374831099907,3.05449142800353,2,2,1
26,4,3,0.853333333333333,1.50288079600432,3.26531932200305,2,2,3
26,3,3,0.965,1.42547639799886,2.18890999699943,2,2,4
26,1,1,0.95,2.12878561700199,3.25271809699916,2,2,2
26,1,1,0.748333333333333,1.61939563900523,4.68637007800135,2,2,3
26,1,1,0.856666666666667,2.12432848000026,3.06321407300129,2,2,4
26,3,3,0.88,1.65503563799575,3.63376581599732,2,2,2
26,1,1,0.96,1.88167361399974,3.46040448499843,2,2,4
26,4,3,0.64,1.90892410800006,2.87262462200306,2,2,3
26,3,3,0.596666666666667,1.49557024399837,2.72923936199368,2,2,1
26,2,2,0.746666666666667,1.37529394000012,2.30629218099784,2,2,4
26,2,3,0.58,1.59417152399692,3.33226589999686,2,2,3
26,4,2,0.745,2.05714906399953,3.49308470299729,2,2,2
26,3,3,0.62,2.24230740499479,3.88486816400109,2,2,2
26,2,2,0.84,2.31573310400563,3.68575249399873,2,2,4
26,1,1,0.836666666666667,1.80511159700109,2.88762744200358,2,2,4
26,4,3,0.501666666666667,2.54998931100272,3.92840524100029,2,3,3
26,3,3,0.75,1.83671477200551,4.46474564100208,2,3,4
26,4,3,0.591666666666667,2.57436797999981,3.32153440499678,2,3,3
26,4,3,0.778333333333333,1.47019035199628,2.66530599899852,2,3,3
26,4,4,0.643333333333333,1.43417402399791,1.93232354600332,2,3,3
26,4,3,0.526666666666667,1.77918576200318,2.42270472900418,2,3,3
26,4,4,0.646666666666667,1.78458893799689,2.74756496099872,2,3,3
26,4,3,0.728333333333333,1.50395820300037,2.36354143099743,2,3,3
26,4,4,0.82,1.38362422800128,2.10711243500555,2,3,3
26,4,4,0.651666666666667,1.06632967999758,1.90038311600074,2,3,3
26,4,4,0.641666666666667,2.7563979829938,3.64752914400015,2,3,3
26,3,3,0.875,1.54339762499876,2.65030773999752,2,3,4
26,3,3,0.933333333333333,1.55489884900453,2.35802518499986,2,3,4
26,4,4,0.748333333333333,1.62766055400425,2.96785636400455,2,3,3
26,4,4,0.898333333333333,0.985905549998279,1.96530219599663,2,3,3
26,4,4,0.891666666666667,1.36252682899794,2.19752363600128,2,3,3
26,4,4,0.675,1.18468376000237,2.28415987200424,2,3,3
26,4,4,0.721666666666667,1.64378079600283,2.57504175400391,2,3,3
26,4,4,0.553333333333333,1.24299658699601,1.9890505000003,2,3,3
26,3,3,0.9,1.24994896299904,2.41983175300265,2,3,4
26,4,3,0.565,1.46319443999528,2.39416007699765,2,3,3
26,4,3,0.515,1.42155696800182,2.30524046700157,2,3,3
26,3,3,0.901666666666667,1.19193471400649,2.04182886800118,2,3,4
26,3,3,0.986666666666667,1.00492596899858,1.93641952300095,2,3,4
26,4,3,0.948333333333333,1.381692474999,2.29713217700191,2,3,3
26,3,3,1,1.21655724800075,2.25843797100242,2,3,4
26,4,3,0.75,1.29248146100144,2.55961956700048,2,3,3
26,3,3,0.943333333333333,1.11600307399931,1.91783267400024,2,3,4
26,4,4,0.603333333333333,1.52547700000287,2.47209329600446,2,3,3
26,3,3,1,1.27294103400345,2.45947930200055,2,3,4
26,3,3,0.976666666666667,1.30887331999838,2.02335240699904,2,3,4
26,3,3,0.818333333333333,1.2498617070014,2.82174284299981,2,3,4
26,4,4,0.69,1.4473195180035,2.41792307100695,2,3,3
26,4,3,0.726666666666667,1.3083706940015,2.27096133799932,2,3,3
26,4,4,0.815,1.57644644499669,2.34817715399549,2,3,3
26,4,2,0.713333333333333,1.55030533100216,2.36907784999494,2,3,2
26,2,2,0.803333333333333,1.12614231900079,1.78563225299877,2,3,4
26,2,2,0.76,1.5897162149995,2.55309289399884,2,3,4
26,2,2,0.85,1.26941405300022,2.24918388399965,2,3,4
26,4,4,0.835,1.13775648999581,2.43685118299618,2,3,2
26,2,2,0.706666666666667,1.35009655300382,2.03419442900486,2,3,4
26,2,2,0.781666666666667,1.27547269000206,1.98324989299726,2,3,4
26,4,4,0.51,2.16310920099932,2.87041278299876,2,3,2
26,2,2,0.706666666666667,1.28543682800228,2.28080995500204,2,3,4
26,4,4,0.793333333333333,1.23246650500369,1.86846073099878,2,3,2
26,4,4,0.636666666666667,1.30901532700227,2.03180730900203,2,3,2
26,4,4,0.53,1.31398961900413,1.87608922900108,2,3,2
26,4,4,0.908333333333333,1.14961557499919,2.1136276440011,2,3,2
26,4,2,0.62,2.31989098800113,3.26746440600255,2,3,2
26,4,4,0.588333333333333,1.44225254200137,3.66881615099555,2,3,2
26,4,4,0.776666666666667,1.42841038299957,2.81451789700077,2,3,2
26,4,4,0.856666666666667,1.14501162200031,2.18718246299977,2,3,2
26,4,2,0.668333333333333,1.71929053599888,4.85858106299565,2,3,2
26,4,2,0.53,1.25709209599881,2.54806280799676,2,3,2
26,2,2,0.798333333333333,1.38457509,2.37917700199614,2,3,4
26,4,4,0.751666666666667,1.53600925900537,3.05101360800472,2,3,2
26,4,2,0.59,2.07447736399627,2.71711068999866,2,3,2
26,4,2,0.578333333333333,1.57166552300623,2.23203648500203,2,3,2
26,2,2,0.911666666666667,1.36103867799829,2.2681591379951,2,3,4
26,4,4,0.68,1.35683498899743,2.36689778699656,2,3,2
26,4,2,0.825,1.65207041300164,2.56710297599784,2,3,2
26,4,2,0.678333333333333,1.5714000989974,2.14968420699734,2,3,2
26,2,2,0.665,1.65193425100006,3.39003732399578,2,3,4
26,2,2,0.896666666666667,1.58563264699478,3.01291464099631,2,3,4
26,2,2,0.901666666666667,1.51803895799821,3.25729584100191,2,3,4
26,2,2,0.826666666666667,1.45719160199951,4.59693560800224,2,3,4
26,4,4,0.753333333333333,1.14899441899615,2.39274551400013,2,3,2
26,2,2,0.883333333333333,1.31577586299682,2.1029021409995,2,3,4
26,2,2,0.953333333333333,1.14235059500061,2.09696841100231,2,3,4
26,4,4,0.603333333333333,1.3524357070055,2.35487906200433,2,3,2
26,2,2,0.77,1.70143558300333,3.68864207000297,2,2,3
26,4,4,0.88,1.31860190899897,2.74650698199548,2,2,2
26,2,2,0.948333333333333,1.42158753499825,2.11985126500076,2,2,4
26,4,4,0.606666666666667,1.40736820700113,2.17932456600101,2,2,2
26,4,4,0.773333333333333,1.45487769500323,2.6092212079966,2,2,3
26,3,3,0.65,1.51655772899539,2.35190175699972,2,2,4
26,1,1,0.548333333333333,2.29256244899443,2.97588280899799,2,2,2
26,3,3,0.905,1.41056228399975,2.25389764300053,2,2,1
26,2,2,0.706666666666667,1.18353085499984,2.77806330900057,2,2,1
26,4,2,0.546666666666667,2.54894222500297,3.15265458999784,2,2,2
26,3,3,0.716666666666667,1.51632877999509,2.97475781099638,2,2,2
26,2,2,0.798333333333333,1.37182670100447,2.35929687300086,2,2,1
26,4,3,0.641666666666667,1.31479857999511,2.62905177599896,2,2,3
26,1,1,0.748333333333333,1.77566857299826,2.61860024299676,2,2,2
26,3,3,0.823333333333333,1.45218240700342,2.23870273100329,2,2,4
26,1,1,0.848333333333333,1.81747525499668,4.07627023699752,2,2,3
26,4,4,0.748333333333333,1.6909403430036,2.92545728700497,2,2,3
26,1,3,0.841666666666667,1.49967562700476,2.51949598300416,2,2,3
26,1,1,0.828333333333333,1.48527975800243,2.65624160600419,2,2,2
26,2,2,0.938333333333333,1.33750867699564,2.25130407999677,2,2,1
26,4,4,0.585,1.82905421299802,2.5685512889977,2,2,1
26,2,2,0.71,1.26883572699444,2.52068303799751,2,2,4
26,2,2,0.853333333333333,1.35038121199614,2.22545326199906,2,2,1
26,1,1,0.741666666666667,1.39529001300252,2.53520354300417,2,2,3
26,4,4,0.538333333333333,1.7158476820041,2.60727038799814,2,2,1
26,2,2,0.785,1.3941745810007,2.91707548499835,2,2,4
26,1,1,0.886666666666667,1.77856680499826,2.85418386899983,2,2,4
26,3,3,0.863333333333333,1.36661078399629,2.12895276200288,2,2,2
26,1,1,0.968333333333333,1.84776745999989,3.69024711499515,2,2,2
26,1,1,0.75,2.13702994100458,6.13232743900153,2,2,2
26,1,1,0.688333333333333,1.54186284299794,2.57721807599592,2,2,4
26,3,3,0.528333333333333,2.03671228700114,2.74312686700432,2,2,4
26,1,1,0.64,1.37222650700278,2.62269420499797,2,2,2
26,2,2,0.903333333333333,1.41697998900054,2.08380884899816,2,2,1
26,4,2,0.708333333333333,1.66021760700096,2.53612980600155,2,2,2
26,2,2,0.893333333333333,1.26493560000381,2.13109127300413,2,1,NaN
26,4,4,0.653333333333333,1.47392465500161,2.71729579599923,2,1,NaN
26,3,3,0.948333333333333,1.00285489299858,2.06189294299838,2,1,NaN
26,2,2,0.74,1.4068742620002,2.36966411400499,2,1,NaN
26,2,2,0.881666666666667,1.2707116179954,2.01737555900036,2,1,NaN
26,1,1,0.748333333333333,1.33993655000086,2.52830439899844,2,1,NaN
26,3,3,0.616666666666667,1.30895658700319,2.12727273100609,2,1,NaN
26,1,1,0.455,1.38994924500003,2.16106151999702,2,1,NaN
26,2,2,0.688333333333333,1.22992548000184,1.72157509899989,2,1,NaN
26,3,3,0.895,1.12020768599905,1.83444120399508,2,1,NaN
26,2,2,0.615,1.26136677400063,1.89500986599887,2,1,NaN
26,1,1,0.375,1.68801580400032,2.29866879700421,2,1,NaN
26,3,3,0.643333333333333,1.25024990500242,1.96487257999979,2,1,NaN
26,2,2,0.56,1.22615897200012,1.91789112300467,2,1,NaN
26,4,4,0.51,1.39629642300133,2.15808385000128,2,1,NaN
26,2,2,0.408333333333333,1.42823738999869,1.99953239999741,2,1,NaN
26,4,4,0.775,1.2270588609972,2.06258754800365,2,1,NaN
26,3,3,0.848333333333333,1.26267721399927,1.76976986799855,2,1,NaN
26,3,3,0.643333333333333,1.32668657900649,2.08924773100443,2,1,NaN
26,2,2,0.571666666666667,1.24994667500141,1.86791453500337,2,1,NaN
26,1,1,0.52,1.58219437499793,2.46547067099891,2,1,NaN
26,4,4,0.625,1.37724258499657,1.93213340800139,2,1,NaN
26,4,1,0.308333333333333,1.75491333500395,2.46075510200171,2,1,NaN
26,1,1,0.695,0.893291332002264,1.8071487460038,2,1,NaN
26,1,2,0.368333333333333,1.38806972999737,2.01572278999811,2,1,NaN
26,3,2,0.723333333333333,1.58579761099827,2.83661035299883,2,1,NaN
26,4,4,0.743333333333333,1.3498055759992,2.12968458099931,2,1,NaN
26,4,3,0.791666666666667,1.27045213300153,2.31315056300082,2,1,NaN
26,2,2,0.88,1.47151973799919,2.45177345099364,2,1,NaN
26,4,4,0.535,1.5244524860027,2.56022131600184,2,1,NaN
26,3,3,0.681666666666667,1.25128746400151,2.23933694999869,2,1,NaN
26,4,3,0.756666666666667,1.34430746499856,2.07425158999831,2,1,NaN
26,4,3,0.8,1.21951463299774,2.05450282299716,2,1,NaN
26,2,2,0.625,1.94337571600045,2.93884327400156,2,1,NaN
26,2,2,0.751666666666667,1.52795128899743,2.60320109999884,2,1,NaN
26,2,2,0.876666666666667,1.50723012699746,2.94140311700176,2,3,1
26,2,2,0.785,0.706401763003669,2.02831994100416,2,3,1
26,1,1,0.755,1.15969953599415,3.5629856319938,2,3,2
26,2,2,0.64,1.45375422399957,2.24047715099732,2,3,1
26,1,1,0.64,1.51458520299639,2.62137928399898,2,3,2
26,1,1,0.541666666666667,1.1438599930043,1.66596295600175,2,3,2
26,1,1,0.758333333333333,0.955976917000953,1.62315600599686,2,3,2
26,2,2,0.746666666666667,0.914469693001593,1.99001524200139,2,3,1
26,1,1,0.848333333333333,0.841413622998516,1.45941136499459,2,3,2
26,1,1,0.841666666666667,1.17420852799842,1.90436183400016,2,3,2
26,1,1,0.973333333333333,0.864599220003583,1.58755302200007,2,3,2
26,2,2,0.593333333333333,1.01636640799552,1.63441849599621,2,3,1
26,1,1,0.743333333333333,0.974298483000894,1.81683979999798,2,3,2
26,1,1,0.695,0.715722740002093,1.78325109599973,2,3,2
26,1,2,0.786666666666667,0.811661927000387,2.92648810500395,2,3,2
26,2,2,0.621666666666667,1.45269287400151,2.59208783800568,2,3,1
26,1,1,0.746666666666667,0.635264836993883,1.4308249129972,2,3,2
26,1,2,0.818333333333333,1.16033599899674,2.69931257199642,2,3,2
26,2,2,0.893333333333333,0.978648807998979,1.78894375600066,2,3,1
26,1,1,0.626666666666667,1.28228387099807,2.22131992999493,2,3,2
26,2,2,0.978333333333333,1.1033135760008,2.08225427599973,2,3,1
26,1,1,0.893333333333333,0.86687315999734,1.86895269499655,2,3,2
26,1,1,0.881666666666667,0.926336616998015,2.10563420299877,2,3,2
26,1,2,0.53,1.79323934399872,2.68447800599824,2,3,2
26,1,1,0.503333333333333,1.24382458799664,3.96586614399712,2,3,2
26,1,2,0.58,1.21726969000156,3.92343314200116,2,3,2
26,2,2,0.74,1.25735429199995,2.50034075699659,2,3,1
26,2,2,0.781666666666667,0.907326576998457,1.78221677499823,2,3,1
26,1,1,0.955,0.825988586002495,1.51755906000471,2,3,2
26,1,1,0.903333333333333,1.09311185700062,1.82326800800365,2,3,2
26,2,2,0.988333333333333,1.12335757599794,1.94992445699609,2,3,1
26,2,2,1,0.907974665999063,1.59915003999777,2,3,1
26,2,2,1,0.834939951004344,1.7244035420008,2,3,1
26,1,1,0.988333333333333,0.820467575998919,1.72075812800176,2,3,2
26,2,2,1,0.694780588004505,1.47430370499933,2,3,1
26,2,2,0.741666666666667,1.35113831800118,2.30498771600105,2,1,NaN
26,3,3,0.753333333333333,1.07206601199869,2.37857968799653,2,1,NaN
26,2,2,0.888333333333333,1.11068407699349,3.3373142309938,2,1,NaN
26,3,3,0.965,1.23855017700407,2.15363799300394,2,1,NaN
26,4,4,0.501666666666667,1.73502629099676,4.08226380799897,2,1,NaN
26,3,2,0.458333333333333,1.54400691699993,2.95516856700124,2,1,NaN
26,2,3,0.385,1.70358989299712,2.43427166999754,2,1,NaN
26,4,4,0.666666666666667,1.45238069799962,2.54341276500054,2,1,NaN
26,2,2,0.538333333333333,1.37312351600121,2.27181748399744,2,1,NaN
26,2,2,0.71,1.14485785600118,1.75470095300261,2,1,NaN
26,3,3,0.765,1.49767257700296,2.34924395900453,2,1,NaN
26,2,2,0.88,1.18607638699905,1.90875881700049,2,1,NaN
26,3,2,0.645,1.48436285099888,2.25438087999646,2,1,NaN
26,1,1,0.845,1.46474144899548,2.08238793199416,2,1,NaN
26,3,3,0.953333333333333,1.30714356799581,2.23896489999606,2,1,NaN
26,4,4,0.741666666666667,1.52829886999825,2.69180987199798,2,1,NaN
26,1,2,0.505,2.05072288199881,3.67871687399747,2,1,NaN
26,4,4,0.621666666666667,1.39629901499575,2.18259129999933,2,1,NaN
26,3,3,0.695,1.37830903499707,2.4700820040016,2,1,NaN
26,4,2,0.4,1.44494276700425,2.04835769400233,2,1,NaN
26,1,1,0.678333333333333,1.43379380899569,2.5401051709996,2,1,NaN
26,2,2,0.785,1.27463225700194,1.91661380000005,2,1,NaN
26,3,1,0.636666666666667,1.37990654399619,2.39211827600229,2,1,NaN
26,3,3,0.698333333333333,1.24310501099535,1.91778629699547,2,1,NaN
26,4,2,0.33,1.82865847799985,2.96778483100206,2,1,NaN
26,1,1,0.438333333333333,1.41184387599787,2.08653962700191,2,1,NaN
26,3,3,0.671666666666667,1.3673448450063,2.33087020800303,2,1,NaN
26,4,3,0.408333333333333,2.49578594899504,3.13879021399771,2,1,NaN
26,3,3,0.573333333333333,1.47950511599629,2.53170937499817,2,1,NaN
26,4,4,0.7,1.65651626999897,3.73060252099822,2,1,NaN
26,4,2,0.45,1.36767387700093,2.27421554399916,2,1,NaN
26,2,2,0.76,1.18708557500213,2.19830099999672,2,1,NaN
26,1,2,0.76,0.977926790998026,2.09339837000152,2,1,NaN
26,1,1,0.741666666666667,1.20437494400539,2.14365518800332,2,1,NaN
26,1,1,0.846666666666667,0.932127125000989,1.59932256500178,2,1,NaN
26,3,3,0.733333333333333,1.94946468700073,2.78500513600011,2,2,2
26,3,3,0.83,1.02801232600177,2.39094789299998,2,2,1
26,4,4,0.498333333333333,2.98646368200571,4.26190510100423,2,2,1
26,2,2,0.821666666666667,1.23558958600188,1.94301624099899,2,2,1
26,2,2,0.805,1.30836601399642,1.95193857599952,2,2,1
26,1,2,0.74,0.948778210993623,1.99966806999873,2,2,2
26,1,1,0.733333333333333,4.49167601099907,11.8222868610028,2,2,3
26,4,4,0.651666666666667,2.25450043000455,3.58578438300174,2,2,2
26,4,2,0.515,5.17190611799742,7.06224161499995,2,2,2
26,1,1,0.758333333333333,1.56338055599917,2.83086345699849,2,2,3
26,1,1,0.81,1.02350587499677,1.98738833500101,2,2,3
26,1,1,0.646666666666667,1.44671600100264,2.8336119279993,2,2,4
26,2,3,0.745,1.67453107099573,3.64686232199892,2,2,3
26,4,4,0.781666666666667,1.6617112870008,2.64160930499929,2,2,1
26,1,1,0.821666666666667,1.00170189699566,2.56589532699581,2,2,2
26,1,2,0.748333333333333,1.91307752700232,2.85292816100264,2,2,2
26,1,1,0.836666666666667,1.0689813650024,2.26499652199709,2,2,3
26,3,3,0.893333333333333,1.25636815699545,2.74741610499768,2,2,2
26,2,2,0.761666666666667,1.29651451399695,2.07604126299702,2,2,1
26,4,4,0.626666666666667,2.06775249700149,2.97450610400119,2,2,2
26,2,1,0.621666666666667,1.57034992600529,2.90898023600312,2,2,1
26,1,1,0.723333333333333,1.41189677900547,2.07822386699991,2,2,2
26,3,3,0.748333333333333,1.28639106599439,2.36951206799858,2,2,1
26,4,4,0.871666666666667,1.67788107300294,2.489664626999,2,2,2
26,1,1,0.568333333333333,1.87313981899933,3.34071253000002,2,2,3
26,2,2,0.71,1.45696926300297,2.38074901599612,2,2,3
26,3,3,0.906666666666667,1.36727677100134,2.10755361200427,2,2,4
26,2,1,0.603333333333333,1.72182285300369,3.22990301000391,2,2,1
26,3,3,0.948333333333333,1.34163093700045,1.99364739700104,2,2,1
26,3,3,0.89,1.22052899400296,2.41555750500265,2,2,2
26,2,2,0.936666666666667,1.33796444399923,2.4844652669999,2,2,3
26,2,2,0.645,1.91638735999732,3.14453872999729,2,2,3
26,4,4,0.54,2.22736156800238,3.37573359500675,2,2,3
26,4,4,0.631666666666667,1.4261255579986,2.16584793999937,2,2,3
26,3,3,0.651666666666667,1.87420644600206,2.78113689599559,2,2,2
26,4,4,0.618333333333333,1.57850302000588,2.27078194600472,2,1,NaN
26,4,4,0.475,1.5584443090047,2.57793188000505,2,1,NaN
26,1,1,0.755,1.15759070800414,2.24930175900226,2,1,NaN
26,2,2,0.666666666666667,1.48932763899938,2.74058281899488,2,1,NaN
26,3,3,0.825,1.17719810799463,1.85266426299495,2,1,NaN
26,3,3,0.746666666666667,1.26973204500246,2.38539430000674,2,1,NaN
26,2,2,0.628333333333333,1.54832137199992,2.33485902499524,2,1,NaN
26,1,1,0.538333333333333,1.86048835799738,2.59122390999983,2,1,NaN
26,2,2,0.673333333333333,1.60240123299445,2.64537858800031,2,1,NaN
26,3,3,0.848333333333333,1.39067329400132,2.01812312200491,2,1,NaN
26,2,2,0.868333333333333,1.38059773799614,2.4244269119954,2,1,NaN
26,2,2,0.656666666666667,1.32132394100336,1.94708664900099,2,1,NaN
26,1,2,0.416666666666667,1.85733764500037,2.45261307599867,2,1,NaN
26,1,3,0.336666666666667,1.66948503500316,2.34442602600029,2,1,NaN
26,1,1,0.481666666666667,1.6461145630019,3.12899328200001,2,1,NaN
26,4,4,0.541666666666667,1.55742710199411,2.23907962699741,2,1,NaN
26,1,1,0.673333333333333,1.52254110399372,2.12538869299897,2,1,NaN
26,1,4,0.313333333333333,1.7795673340006,2.3759561659972,2,1,NaN
26,2,2,0.55,1.43536532400321,2.4936656409991,2,1,NaN
26,2,1,0.698333333333333,1.54930111099384,2.22453922599379,2,1,NaN
26,2,2,0.42,1.5313135710021,3.11780418000126,2,1,NaN
26,1,3,0.288333333333333,1.79596072900313,2.54364751300454,2,1,NaN
26,1,1,0.656666666666667,1.73157315599383,2.81382497899904,2,1,NaN
26,2,2,0.696666666666667,1.36821722600143,2.01098590000038,2,1,NaN
26,3,3,0.695,1.61415732099704,2.30594990599639,2,1,NaN
26,2,3,0.581666666666667,1.73678909400041,3.21242908600107,2,1,NaN
26,4,3,0.601666666666667,1.38960714299901,1.89718953199917,2,1,NaN
26,2,2,0.685,1.52728932200262,2.24230024900316,2,1,NaN
26,4,4,0.763333333333333,1.53984261900041,2.17493623700284,2,1,NaN
26,4,4,0.68,1.3637738000034,1.91967537800519,2,1,NaN
26,2,2,0.423333333333333,1.53356169299514,2.22507811399555,2,1,NaN
26,2,2,0.645,1.6103615519969,2.09463008699822,2,1,NaN
26,4,3,0.718333333333333,1.30871576400386,1.81611414100189,2,1,NaN
26,4,1,0.76,1.46703678499762,2.12578561699775,2,1,NaN
26,4,4,0.51,1.82124370199745,3.15268502099934,2,1,NaN
26,4,4,0.735,1.29100866500085,2.30215001000033,2,3,1
26,1,1,0.621666666666667,1.15700668500358,2.24714905300061,2,3,4
26,1,1,0.535,0.83352687000297,1.89983895900514,2,3,4
26,1,1,0.866666666666667,0.891651161000482,2.23107451599935,2,3,4
26,1,1,0.748333333333333,0.952766486996552,2.57258441700105,2,3,4
26,4,4,0.595,0.824407683001482,1.76427133599645,2,3,1
26,1,1,0.938333333333333,1.00071307899634,1.89169199099706,2,3,4
26,4,4,0.62,1.26791760400374,2.20590141299908,2,3,1
26,1,1,0.768333333333333,0.89766520599369,2.02812891299982,2,3,4
26,4,4,0.5,1.12694206499873,1.94539331299893,2,3,1
26,4,4,0.745,0.848132107996207,1.62667669499933,2,3,1
26,1,1,0.956666666666667,1.09374955800013,1.80816607399902,2,3,4
26,4,1,0.65,0.964263114001369,2.03179120000277,2,3,1
26,4,4,0.751666666666667,1.04954199799977,2.05176375400333,2,3,1
26,1,1,0.803333333333333,0.909826160001103,1.70521451700188,2,3,4
26,4,4,0.741666666666667,0.865100843999244,1.74739605600189,2,3,1
26,1,1,0.801666666666667,1.1377291050012,1.86820144800004,2,3,4
26,4,4,0.898333333333333,0.877320230996702,2.10373285799869,2,3,1
26,4,4,0.685,1.42373524199502,2.89921667699673,2,3,1
26,4,4,0.64,1.0252588900039,2.86847041900182,2,3,1
26,1,1,0.75,0.644264287002443,1.47240023100312,2,3,4
26,4,4,0.923333333333333,0.896953837000183,1.75493821799319,2,3,1
26,4,4,0.826666666666667,1.36209607800265,3.29224025800067,2,3,1
26,4,4,0.893333333333333,1.05938629199954,2.89503162400069,2,3,1
26,1,1,0.948333333333333,1.02932233799947,1.96843838899804,2,3,4
26,4,4,0.963333333333333,1.03729220700188,1.82306727700052,2,3,1
26,1,1,0.961666666666667,0.859062866999011,1.58128166000097,2,3,4
26,1,1,1,0.722853945997485,1.55748449699604,2,3,4
26,1,1,1,0.715352279999934,1.35133775500435,2,3,4
26,4,4,0.66,2.04529977599304,2.75242904799961,2,3,1
26,4,4,0.791666666666667,0.869105640005728,1.47866735400021,2,3,1
26,1,1,0.936666666666667,0.880685321004421,1.66720325699862,2,3,4
26,4,4,0.905,0.948662315997353,1.78333656399627,2,3,1
26,1,1,0.643333333333333,1.2523603419977,2.91157829299482,2,3,4
26,1,1,0.883333333333333,0.724769075997756,1.41522794499906,2,3,4
26,1,1,0.523333333333333,3.39986044100078,4.77046277100453,2,2,2
26,1,1,0.548333333333333,1.46908041300048,2.42325672399602,2,2,2
26,2,2,0.741666666666667,1.74696519999998,2.58913314500387,2,2,3
26,3,3,0.8,1.6012561710013,2.76456370099913,2,2,1
26,2,2,0.863333333333333,1.60847014699539,2.62026469800185,2,2,1
26,4,3,0.738333333333333,1.6696845080005,2.68018889000086,2,2,3
26,1,1,0.788333333333333,1.28012898000452,2.393857562005,2,2,2
26,4,2,0.558333333333333,2.5814018250021,3.84905021200393,2,2,2
26,3,3,0.885,1.43987216900132,2.97171637500287,2,2,4
26,4,3,0.566666666666667,1.96639217199845,2.68239304800227,2,2,3
26,4,4,0.663333333333333,1.7370799670025,2.98047911000322,2,2,1
26,3,3,0.876666666666667,1.47901912099769,2.08263071499823,2,2,2
26,4,4,0.635,2.00951883800008,2.71762839300209,2,2,2
26,3,3,0.756666666666667,1.92294363800465,3.23012206300336,2,2,4
26,2,2,0.781666666666667,1.54239600599976,2.26593870999932,2,2,4
26,4,4,0.751666666666667,1.7611662959971,2.84516455399717,2,2,3
26,1,1,0.7,1.6686606229996,3.15103638400615,2,2,3
26,3,3,0.743333333333333,1.37129046699556,3.28722112999822,2,2,4
26,4,4,0.836666666666667,1.38931315700029,2.00944595799956,2,2,1
26,1,1,0.626666666666667,2.179192951,3.18233331899683,2,2,4
26,4,4,0.711666666666667,1.83271775199682,2.51653929000167,2,2,1
26,1,1,0.675,1.29020574600145,2.8690811070046,2,2,4
26,2,2,0.811666666666667,1.61299206600233,2.47993206800311,2,2,3
26,3,3,0.78,1.82401663900237,3.1065646729985,2,2,4
26,2,2,0.861666666666667,1.28931039700547,2.10029571100313,2,2,4
26,1,1,0.746666666666667,1.48338959299872,3.51845811199746,2,2,2
26,2,2,0.745,4.05221649699524,5.20000488300138,2,2,4
26,3,3,0.926666666666667,1.46302735499921,2.13059425899701,2,2,1
26,2,2,0.84,1.51194505799504,2.34666153299622,2,2,1
26,1,1,0.558333333333333,1.72781158299767,2.70606266899995,2,2,3
26,4,1,0.511666666666667,2.08959086700634,2.81190051600424,2,2,1
26,4,4,0.491666666666667,2.03045124799974,2.72131611599616,2,2,2
26,1,1,0.631666666666667,1.46296647000418,2.51535346900346,2,2,3
26,4,4,0.775,1.57666146799602,2.49103923599614,2,2,2
26,4,1,0.745,2.33160006999969,3.20543582299433,2,2,1
26,2,2,0.583333333333333,2.61439204600174,3.44090999299806,2,2,4
26,4,1,0.533333333333333,2.33785868599807,2.93159511300473,2,2,1
26,3,3,0.91,1.39370688700001,1.80372451199946,2,2,1
26,3,3,0.911666666666667,1.4728385060007,2.04273956900579,2,2,1
26,3,3,0.921666666666667,1.30085957199481,1.95173298399459,2,2,2
26,2,2,0.811666666666667,1.32586357200489,2.20826747500541,2,2,4
26,3,3,0.836666666666667,1.37212432700471,2.35812793500372,2,2,2
26,1,1,0.751666666666667,1.50841822799703,2.31193174500368,2,2,4
26,1,1,0.568333333333333,1.86986694199732,2.39365991399973,2,2,2
26,4,3,0.746666666666667,1.87550010400446,2.74370062600065,2,2,3
26,1,3,0.675,2.33181287500338,3.3574204050019,2,2,3
26,1,4,0.501666666666667,3.53055505199882,4.17320696399838,2,2,4
26,4,4,0.663333333333333,2.13551578799525,2.78800494199822,2,2,1
26,3,3,0.803333333333333,1.53472365800553,2.449973710005,2,2,1
26,2,2,0.831666666666667,1.61834785800602,2.90830355300568,2,2,4
26,4,3,0.825,1.73150644099951,2.30396187500446,2,2,3
26,1,4,0.546666666666667,2.57378355700348,3.20908616400266,2,2,4
26,3,3,0.768333333333333,1.87552963599592,3.06186155400064,2,2,2
26,1,1,0.528333333333333,4.23798262900527,4.83240277200093,2,2,4
26,3,3,0.843333333333333,1.52030278200255,2.25035929600563,2,2,4
26,4,4,0.858333333333333,1.54826854999556,2.27861683000083,2,2,3
26,1,1,0.823333333333333,1.79967895500158,2.69079692600644,2,2,2
26,2,2,0.681666666666667,1.72990549899987,2.39670497600309,2,2,4
26,4,2,0.543333333333333,2.60014846399281,4.54705523099983,2,2,2
26,1,2,0.755,1.9731961840007,2.84844098499889,2,2,2
26,3,1,0.751666666666667,1.75329771100223,2.63623964600265,2,2,1
26,4,4,0.815,1.71781777199794,2.78477869500057,2,2,3
26,2,2,0.688333333333333,1.88399758099695,2.58391025299352,2,2,1
26,4,2,0.77,1.77088113700302,2.4534637550023,2,2,2
26,3,3,0.831666666666667,1.27817474299809,1.79293062400393,2,2,2
26,1,1,0.926666666666667,1.61368693099939,2.46470617599698,2,2,2
26,4,4,0.745,1.84104387900152,3.31626622500335,2,2,1
26,4,4,0.748333333333333,1.77736357299727,2.9166394979984,2,2,2
26,3,3,0.681666666666667,1.93842158799816,2.66159894500015,2,2,4
26,4,1,0.645,2.01317304099939,2.8972356459999,2,2,1
26,1,1,0.798333333333333,1.30186720100028,2.44012258199655,2,1,NaN
26,4,3,0.855,1.44990995200351,2.55667381300009,2,1,NaN
26,3,3,0.75,1.32165209099912,2.0918060690019,2,1,NaN
26,1,1,0.786666666666667,1.32485655000346,2.10425270999986,2,1,NaN
26,3,3,0.748333333333333,1.42357148199517,2.68242367099447,2,1,NaN
26,1,3,0.498333333333333,1.56102082500001,2.12400942100066,2,1,NaN
26,4,2,0.636666666666667,1.37162920999981,2.26960866500303,2,1,NaN
26,3,3,0.8,1.30234467700211,2.03212638200057,2,1,NaN
26,1,1,0.746666666666667,1.1955599330031,1.95830306199787,2,1,NaN
26,3,3,0.73,1.28404232399771,2.3436013909959,2,1,NaN
26,3,3,0.768333333333333,1.32390547799878,2.32726764900144,2,1,NaN
26,3,3,0.878333333333333,1.28426871400006,2.14358071199968,2,1,NaN
26,4,4,0.496666666666667,1.46102867500304,2.37482874700072,2,1,NaN
26,4,4,0.456666666666667,1.29217131299811,1.80794087499817,2,1,NaN
26,4,4,0.565,1.94679540600191,3.26245898699563,2,1,NaN
26,2,2,0.743333333333333,1.21324099300546,1.95128789100272,2,1,NaN
26,3,3,0.818333333333333,1.33408171899646,2.04125413199654,2,1,NaN
26,1,1,0.685,1.46719054999994,2.5023746079969,2,1,NaN
26,2,2,0.65,1.3249230030051,2.27961291700194,2,1,NaN
26,4,2,0.588333333333333,1.70338740500301,2.46711022700038,2,1,NaN
26,2,2,0.713333333333333,1.72257565499604,3.00613610499568,2,1,NaN
26,3,3,0.821666666666667,1.06459482799983,1.66743432599469,2,1,NaN
26,2,2,0.753333333333333,1.48420507699484,2.47903304400097,2,1,NaN
26,3,3,0.625,1.29534638499899,2.34552209200046,2,1,NaN
26,1,1,0.745,1.5113905879989,2.3463385540017,2,1,NaN
26,4,1,0.573333333333333,1.88729872800468,2.8344258510042,2,1,NaN
26,2,2,0.78,1.34771856300358,2.054723827001,2,1,NaN
26,4,2,0.311666666666667,3.43194485300046,4.24214025099354,2,1,NaN
26,3,3,0.565,1.34667338600411,2.25359099500201,2,1,NaN
26,3,3,0.728333333333333,1.42199428499589,2.23283497899683,2,1,NaN
26,2,2,0.81,1.40336217299773,2.01509039800294,2,1,NaN
26,2,3,0.748333333333333,1.488974083004,2.38009578199853,2,1,NaN
26,3,3,0.676666666666667,1.30395846499596,1.93040056699829,2,1,NaN
26,4,2,0.308333333333333,1.2171203120015,2.63607629200123,2,1,NaN
26,3,3,0.831666666666667,1.15009334200295,1.81646888099931,2,1,NaN
26,2,2,0.585,2.03171728600137,6.00991162900027,2,3,3
26,3,3,0.876666666666667,1.02617741900031,1.90824409099878,2,3,2
26,2,2,0.79,1.29228110700205,2.11920185799681,2,3,3
26,2,2,0.803333333333333,1.11834638800065,2.10513395499584,2,3,3
26,3,3,0.751666666666667,0.929059627997049,1.79553115399904,2,3,2
26,2,2,0.616666666666667,0.848004760002368,1.70638801500172,2,3,3
26,2,2,0.858333333333333,1.12271853199491,1.89308413699473,2,3,3
26,3,3,0.988333333333333,0.765218588996504,2.33652521399927,2,3,2
26,2,2,0.793333333333333,0.837973171997874,1.55390473300213,2,3,3
26,3,3,0.748333333333333,0.847364707995439,1.58646514699649,2,3,2
26,2,2,0.765,0.966535721003311,2.11354053299874,2,3,3
26,3,2,0.683333333333333,1.41638280999905,2.48438235199865,2,3,2
26,2,2,0.75,1.22671276199981,2.34166715399624,2,3,3
26,2,2,0.81,0.8036137819945,1.39910499299731,2,3,3
26,3,3,0.82,0.947414700996887,3.34321440599888,2,3,2
26,3,3,0.863333333333333,0.898209902996314,1.71806239299622,2,3,2
26,3,3,0.933333333333333,0.819939315995725,1.51896715499606,2,3,2
26,3,3,0.913333333333333,0.719245202999446,1.48279466100212,2,3,2
26,2,2,0.853333333333333,0.874886368001171,2.06901895999908,2,3,3
26,3,3,0.888333333333333,0.958127133002563,1.88089777000278,2,3,2
26,2,2,0.796666666666667,0.794118008998339,1.50135456299904,2,3,3
26,2,2,0.861666666666667,0.933148470998276,1.84009032099857,2,3,3
26,3,3,0.95,0.930227010001545,1.66940996800258,2,3,2
26,2,2,0.981666666666667,0.918507745998795,1.79245789199922,2,3,3
26,2,2,0.753333333333333,0.949116199000855,2.31304737600294,2,3,3
26,2,3,0.848333333333333,1.3424942749989,2.40898697800003,2,3,3
26,3,3,0.906666666666667,1.07613405199663,1.67081128800055,2,3,2
26,3,3,0.931666666666667,0.824429626998608,1.51630592600122,2,3,2
26,2,2,0.655,1.04239676499856,2.20526464399882,2,3,3
26,3,3,0.811666666666667,0.992829605995212,1.73217685699638,2,3,2
26,2,2,0.568333333333333,1.18664594599977,2.22939644000144,2,3,3
26,2,2,0.686666666666667,1.00772956999572,1.69952561799437,2,3,3
26,3,3,0.751666666666667,0.722927131995675,1.58150079799816,2,3,2
26,2,2,0.635,1.53028803199413,2.73238252699957,2,3,3
26,2,2,0.79,0.96237613500125,1.70949244900112,2,3,3
27,4,4,0.756666666666667,1.79507762900175,3.18315477400029,2,1,NaN
27,4,3,0.651666666666667,3.64084419799474,4.63583279599698,2,1,NaN
27,3,3,1,1.04388239199761,2.06991236799513,2,1,NaN
27,1,1,0.886666666666667,1.11111854299816,2.33934187499835,2,1,NaN
27,1,1,0.748333333333333,3.82410023700504,5.47451368000475,2,1,NaN
27,1,1,0.75,1.31993157200486,2.73180966400105,2,1,NaN
27,2,2,0.915,1.64884995399916,2.86778402799973,2,1,NaN
27,2,2,0.961666666666667,1.28357721000066,2.91821420199994,2,1,NaN
27,3,3,0.821666666666667,1.30046245900303,4.15123343899904,2,1,NaN
27,1,2,0.623333333333333,2.49834296000336,5.81355755899858,2,1,NaN
27,3,3,0.656666666666667,3.00450438600092,5.0794889309982,2,1,NaN
27,4,2,0.548333333333333,6.86822770800063,7.90354222300084,2,1,NaN
27,2,1,0.835,2.10516313600237,3.57186420899961,2,1,NaN
27,4,2,0.806666666666667,1.9508313519982,6.69691249899915,2,1,NaN
27,2,2,0.67,3.84452846099884,4.79247958499764,2,1,NaN
27,2,2,0.99,1.43239897499734,2.38035218699952,2,1,NaN
27,3,3,0.876666666666667,1.695039334998,3.4579715019936,2,1,NaN
27,4,4,0.686666666666667,1.46575276999647,3.00446333499713,2,1,NaN
27,1,1,0.756666666666667,2.51931084700482,3.58561792399996,2,1,NaN
27,2,2,0.938333333333333,1.29329862399754,2.64906662899739,2,1,NaN
27,4,2,0.336666666666667,2.84095068199531,4.02714256000036,2,1,NaN
27,1,1,0.65,1.13288694000221,1.91930276899802,2,1,NaN
27,4,4,0.335,1.41408532400237,3.85650108799746,2,1,NaN
27,2,2,0.991666666666667,1.18432831399696,2.27437250300136,2,1,NaN
27,1,4,0.738333333333333,1.91601410200383,2.94201481200435,2,1,NaN
27,1,1,0.38,4.98816392900335,5.81411414100148,2,1,NaN
27,2,2,0.503333333333333,3.15770200800034,7.49757295900054,2,1,NaN
27,2,2,0.505,3.67489510899759,6.80575733500154,2,1,NaN
27,2,2,0.381666666666667,3.03649004900217,4.88663036400249,2,1,NaN
27,4,3,0.67,1.86838841499412,2.59882134299551,2,1,NaN
27,3,3,1,1.05031233900081,2.52580952100107,2,1,NaN
27,4,4,0.741666666666667,2.01163149400236,3.27725122399715,2,1,NaN
27,3,3,0.898333333333333,1.08556722799403,2.54518211999675,2,1,NaN
27,2,2,0.76,1.3257220489977,2.65772777599341,2,1,NaN
27,3,3,0.823333333333333,1.30539500599843,3.26891859099851,2,1,NaN
27,4,4,0.983333333333333,2.46428469700186,3.85044210700289,2,2,3
27,4,4,0.36,3.35431916500238,4.74945012100216,2,2,1
27,3,3,0.905,1.24786616399797,2.54766681299952,2,2,1
27,2,2,0.966666666666667,1.24813943300251,2.70204100800038,2,2,3
27,2,2,0.995,1.209785594001,2.34927476699522,2,2,3
27,3,4,0.501666666666667,7.04217831700225,9.30085320200305,2,2,4
27,4,4,0.476666666666667,1.38839014199766,5.61474726199958,2,2,3
27,2,2,0.945,1.3258128430025,2.55392678000499,2,2,3
27,3,3,0.993333333333333,2.83036418100528,4.21646993500326,2,2,4
27,2,2,0.99,1.28971524100052,2.61147539599915,2,2,4
27,3,3,0.981666666666667,1.31918624499667,2.77715176799393,2,2,4
27,1,1,0.878333333333333,1.85296306900273,3.2243871699975,2,2,4
27,1,4,0.0333333333333333,4.60990820900042,6.68527512299625,2,2,4
27,1,1,0.248333333333333,8.19990586499625,9.88199997600168,2,2,2
27,4,1,0.646666666666667,4.36266101200454,5.35072721700271,2,2,1
27,1,1,0.746666666666667,3.1600932040019,4.26646289500059,2,2,4
27,4,2,0.956666666666667,1.53685929199855,8.04503207300149,2,2,2
27,2,2,0.93,1.26381145699997,2.32284075400094,2,2,4
27,3,3,0.95,1.52963789199566,3.17985960799706,2,2,2
27,2,2,0.916666666666667,1.35952105200704,2.60951269700308,2,2,3
27,4,4,0.553333333333333,3.1009368619998,4.87921216500399,2,2,1
27,4,2,0.245,6.02912390299753,7.68084401099622,2,2,2
27,4,1,0.806666666666667,2.52229163900483,3.80534835000435,2,2,1
27,4,4,0.681666666666667,2.91949464500067,4.44976411700191,2,2,1
27,3,2,0.588333333333333,2.82526012699964,3.66002572300204,2,2,2
27,3,3,0.608333333333333,1.86746063499595,2.83829182599584,2,2,2
27,4,4,0.658333333333333,1.71206539899867,3.09860219300026,2,2,1
27,4,4,0.496666666666667,3.60886791200028,6.06749120200402,2,2,3
27,3,3,0.673333333333333,1.22457180900528,2.46679504000349,2,2,1
27,3,3,0.986666666666667,1.19627245999436,2.88779643499583,2,2,4
27,2,2,0.973333333333333,1.27819077999447,2.90429724299611,2,2,1
27,2,2,0.995,0.991878640998038,2.11468120099744,2,2,3
27,1,1,0.291666666666667,3.63396782200289,5.62082358200132,2,2,4
27,3,3,0.928333333333333,1.37967501000094,2.77482622700336,2,2,2
27,1,1,0.883333333333333,1.46670986800018,2.27696666600241,2,2,4
27,2,2,0.763333333333333,1.36894927200046,2.88532480599679,2,3,1
27,1,2,0.558333333333333,2.65132431299571,3.40684330099612,2,3,2
27,1,2,0.66,1.83186642699729,2.98598791599943,2,3,2
27,2,2,0.815,1.12636906999978,2.19223502499517,2,3,1
27,1,1,0.26,2.5168414869986,3.47268099700159,2,3,2
27,1,1,0.475,3.02267718400253,5.23320237000007,2,3,2
27,1,1,0.44,3.98468498599686,6.35535454199999,2,3,2
27,1,1,0.961666666666667,0.980435690005834,2.119525823,2,3,2
27,1,2,0.993333333333333,1.26943109000422,2.46489220600051,2,3,2
27,2,2,0.766666666666667,0.969657339002879,2.27688548700098,2,3,1
27,2,2,0.761666666666667,0.980655024002772,1.81554152099852,2,3,1
27,2,2,0.738333333333333,1.02671992399701,3.32601600299677,2,3,1
27,1,1,0.573333333333333,1.47435863999999,2.4689229450014,2,3,2
27,1,1,0.753333333333333,1.41442063100112,2.71316760400077,2,3,2
27,1,1,0.208333333333333,12.2867306960034,13.6251324960031,2,3,2
27,1,1,0.823333333333333,1.31961881300231,2.29156481799873,2,3,2
27,1,2,0.521666666666667,0.880853980997927,1.645468814997,2,3,2
27,2,2,0.996666666666667,0.884951587002433,1.93569328300509,2,3,1
27,1,2,0.348333333333333,3.61450881099881,6.20116758999939,2,3,2
27,2,2,0.995,0.856387618994631,1.81939541599422,2,3,1
27,1,1,0.266666666666667,2.95082930500212,5.28213569500076,2,3,2
27,1,1,0.741666666666667,1.54154879900307,2.47320127900457,2,3,2
27,2,2,0.845,1.12905445100478,4.10924236500432,2,3,1
27,1,1,0.71,1.92921315000422,3.07697744500183,2,3,2
27,1,1,0.998333333333333,1.04410051800369,2.17367150700011,2,3,2
27,2,2,1,0.899344478995772,2.15131738100172,2,3,1
27,2,2,0.981666666666667,0.868016668006021,1.75117725300515,2,3,1
27,2,2,0.82,1.34908178099431,2.5989044339949,2,3,1
27,2,2,0.998333333333333,1.0741719409998,2.11804230699636,2,3,1
27,2,2,0.91,0.963900527000078,2.02292888800002,2,3,1
27,1,1,0.993333333333333,0.985177361006208,2.26809822400537,2,3,2
27,1,2,0.433333333333333,2.88425449399801,3.73568849900039,2,3,2
27,2,2,0.901666666666667,1.21988527999929,2.04744898899662,2,3,1
27,1,1,0.605,1.68777114399563,3.01158270800079,2,3,2
27,1,1,0.391666666666667,2.45304907600075,3.13530122100201,2,3,2
27,1,1,0.986666666666667,2.06789898499846,3.81515533399943,2,2,4
27,1,1,0.583333333333333,3.07186595600069,5.41741116600315,2,2,3
27,4,4,0.968333333333333,1.8014803959959,2.829340201999,2,2,1
27,3,3,0.94,1.66178730800311,2.51212400300574,2,2,4
27,2,2,0.996666666666667,1.23146415000519,2.25730373500119,2,2,3
27,1,1,0.881666666666667,1.40300380700501,7.17484393699851,2,2,2
27,2,2,0.971666666666667,1.22941686400009,2.2252756079979,2,2,3
27,2,2,0.998333333333333,1.19485832999635,2.14208557999518,2,2,4
27,4,1,0.985,1.45253349399718,2.81564232699748,2,2,1
27,4,4,0.201666666666667,4.54501260099642,6.7888612559982,2,2,1
27,4,4,0.93,1.81141457899503,3.51713027599908,2,2,2
27,3,3,0.601666666666667,4.33135503900121,6.18226097199658,2,2,4
27,1,1,0.788333333333333,1.92609706500662,3.09658819900505,2,2,4
27,3,3,0.973333333333333,1.34358610400523,2.38688143699983,2,2,4
27,2,2,0.95,1.28568217700376,2.36961004100158,2,2,3
27,4,2,0.301666666666667,3.22913737400086,4.58407357900433,2,2,2
27,4,4,0.14,6.55408395799896,8.66839009900286,2,2,1
27,2,2,0.956666666666667,1.31003298800351,2.66556900900468,2,2,4
27,4,4,0.561666666666667,1.72190807299921,3.29220391599665,2,2,2
27,3,3,0.498333333333333,1.85117232800258,3.28573639399838,2,2,2
27,3,3,0.98,1.03680488499958,2.22307329699834,2,2,4
27,2,2,0.803333333333333,1.54636133999884,2.30010562599637,2,2,1
27,4,4,0.958333333333333,1.33233962699887,2.19948997999745,2,2,1
27,3,3,1,1.20259576299577,2.00527770599729,2,2,1
27,3,3,0.985,1.03327632099536,2.16502570099692,2,2,1
27,1,1,0.181666666666667,2.08875936600089,3.38889748600195,2,2,4
27,1,3,0.0416666666666667,1.52670689299703,4.55434002199763,2,2,3
27,2,2,0.985,1.47605628499878,3.25580373900448,2,2,4
27,1,3,0.171666666666667,2.39141077100066,5.84959104000154,2,2,2
27,3,3,0.751666666666667,1.48766670800251,8.33121882100386,2,2,4
27,3,3,0.97,1.21882313300011,2.27687305700238,2,2,1
27,1,4,0.76,3.64576056499936,4.94525558299938,2,2,4
27,3,2,0.955,1.83567039899935,2.84742697399633,2,2,4
27,4,4,0.75,3.95094549599889,5.53748672099755,2,2,1
27,2,2,0.97,1.26859112599777,3.10329768499651,2,2,3
27,3,3,0.843333333333333,1.39228861100128,2.39643354900181,2,1,NaN
27,3,3,0.721666666666667,1.1743722060055,2.48153223600093,2,1,NaN
27,4,3,0.243333333333333,2.28116887399665,3.17202312599693,2,1,NaN
27,1,2,0.401666666666667,4.36741909400007,5.25819285300531,2,1,NaN
27,1,1,0.993333333333333,1.02472720699734,1.94698730300297,2,1,NaN
27,3,3,0.755,1.25719320999633,2.50778146499943,2,1,NaN
27,4,4,0.868333333333333,2.4595722679951,3.83903167699464,2,1,NaN
27,1,1,0.856666666666667,1.54255506100162,2.9129300870045,2,1,NaN
27,3,3,0.758333333333333,1.70311317300366,4.12245319900103,2,1,NaN
27,3,2,0.125,2.13451280599838,3.9948046540012,2,1,NaN
27,3,3,0.743333333333333,1.37113094900269,2.27737404800428,2,1,NaN
27,4,4,0.92,1.3344930470048,2.10581437899964,2,1,NaN
27,1,1,0.528333333333333,1.64091358499718,2.46717721399909,2,1,NaN
27,1,1,0.748333333333333,1.65978963200178,2.49470316099905,2,1,NaN
27,3,2,0.806666666666667,1.82217101300193,2.70474844000273,2,1,NaN
27,4,2,0.54,2.24742165899806,2.86678700600169,2,1,NaN
27,4,4,0.876666666666667,2.58555142099794,3.30979605200264,2,1,NaN
27,3,3,0.803333333333333,2.31468597400089,3.46898419100035,2,1,NaN
27,2,2,0.976666666666667,1.49335262499517,2.95253547399625,2,1,NaN
27,2,4,0.791666666666667,3.20514539400028,4.45527419199789,2,1,NaN
27,1,1,0.973333333333333,1.4944527599946,2.8010838889968,2,1,NaN
27,2,2,0.951666666666667,1.34065586499491,3.03083275399695,2,1,NaN
27,2,2,0.96,2.20073029299965,3.13841047700407,2,1,NaN
27,2,2,0.943333333333333,1.31248644900188,2.33852892499999,2,1,NaN
27,4,4,0.896666666666667,1.62549976300215,2.53923375900195,2,1,NaN
27,3,1,0.215,2.79369198899803,3.66828307900141,2,1,NaN
27,2,2,0.045,2.89139442000305,4.53425695300393,2,1,NaN
27,2,1,0.263333333333333,2.44252123799379,4.45404624799994,2,1,NaN
27,1,1,1,1.14794032400096,2.03117644199665,2,1,NaN
27,3,1,0.498333333333333,4.57752351199451,6.54779577199952,2,1,NaN
27,4,4,0.5,4.42837017899728,5.46294804300123,2,1,NaN
27,2,1,0.248333333333333,1.04580917300336,3.06558286500513,2,1,NaN
27,2,2,0.723333333333333,1.48841193700355,2.78824037400045,2,1,NaN
27,4,4,0.733333333333333,3.52617458099849,4.56911737500195,2,1,NaN
27,3,3,0.271666666666667,1.63523164299841,3.67002225599572,2,1,NaN
27,4,4,0.936666666666667,1.91633814299712,3.40658917299879,2,3,2
27,4,4,0.756666666666667,1.20894093500101,2.90859782099869,2,3,2
27,4,4,0.748333333333333,2.42714369999885,3.58194096199441,2,3,2
27,2,2,0.811666666666667,0.94396812699415,2.42652231399552,2,3,4
27,2,2,0.936666666666667,0.91692234200309,2.36838380200061,2,3,4
27,4,2,0.285,2.18841940599668,3.40059550799924,2,3,2
27,4,4,0.353333333333333,0.969701114001509,2.01947449600266,2,3,2
27,2,2,0.758333333333333,1.19951633699384,2.05905193899525,2,3,4
27,4,2,0.755,2.69224447099987,3.93568311000126,2,3,2
27,4,4,0.085,1.27533638999739,3.49493647399504,2,3,2
27,4,2,0.868333333333333,1.63564465299714,2.47791449799843,2,3,2
27,4,2,0.945,1.17442008799844,2.39367278300051,2,3,2
27,2,2,0.986666666666667,0.924443266005255,1.79242487800366,2,3,4
27,2,2,0.985,0.939528162998613,2.01446214000316,2,3,4
27,2,2,0.733333333333333,1.44158416199934,2.72393011900567,2,3,4
27,2,2,0.75,1.06675297400216,2.02985844700015,2,3,4
27,2,2,0.978333333333333,0.863263753002684,2.2256220430063,2,3,4
27,4,4,0.513333333333333,1.85331088000385,2.70330543599994,2,3,2
27,2,2,0.795,0.919334135003737,2.20107513600669,2,3,4
27,4,4,0.906666666666667,1.73317044499709,3.80868514699978,2,3,2
27,4,4,0.888333333333333,2.00181559700286,2.97243772500224,2,3,2
27,4,4,0.746666666666667,1.12070917799429,2.23461956199753,2,3,2
27,2,4,0.905,1.3252829990015,2.25583304400061,2,3,4
27,2,2,0.885,1.25762859400129,2.10909872900083,2,3,4
27,4,4,0.756666666666667,0.923118836995855,1.66955800399592,2,3,2
27,4,4,0.11,2.09610770099971,3.42730988899712,2,3,2
27,2,2,0.628333333333333,0.955465841005207,6.7988986210039,2,3,4
27,2,2,0.761666666666667,1.14909489099955,3.08730558100069,2,3,4
27,2,2,1,0.982497386001342,2.11370217100193,2,3,4
27,2,2,0.968333333333333,0.872526145998563,1.83576903300127,2,3,4
27,2,2,0.508333333333333,1.0138096840019,2.76169825599936,2,3,4
27,2,2,1,0.828820874005032,1.68020733400044,2,3,4
27,4,4,0.748333333333333,1.08837006500107,2.12425705900387,2,3,2
27,2,2,0.873333333333333,0.786440023002797,1.61342815000535,2,3,4
27,4,2,0.691666666666667,1.14395077600057,1.95637729200098,2,3,2
27,4,4,0.626666666666667,1.31282436499896,2.30844344799698,2,3,1
27,1,1,0.825,0.859000017000653,2.10262133200013,2,3,4
27,4,4,1,1.1654584450007,2.08896550200006,2,3,1
27,4,4,1,1.13550962400041,2.08343519600021,2,3,1
27,4,4,0.998333333333333,1.0270448500014,2.85367966700142,2,3,1
27,4,4,0.315,1.59071369699814,2.88241743500112,2,3,1
27,4,4,0.931666666666667,1.17597289800324,1.95535754500452,2,3,1
27,1,1,0.948333333333333,1.56891592600005,2.80434558900015,2,3,4
27,4,4,0.536666666666667,1.2380453049991,2.17050313200161,2,3,1
27,4,4,0.858333333333333,1.7985211990017,2.97016780499689,2,3,1
27,4,4,0.636666666666667,1.55607064699871,2.75153475000116,2,3,1
27,4,1,0.0466666666666667,5.1477575070021,6.47069393700076,2,3,1
27,4,4,0.806666666666667,1.22718728999462,2.07820923299732,2,3,1
27,4,4,0.903333333333333,1.19826299700071,2.16125844800263,2,3,1
27,4,4,0.808333333333333,1.43782998299866,2.30533419700078,2,3,1
27,1,4,0.555,2.71200388699799,3.78803013399738,2,3,4
27,1,1,0.981666666666667,1.28439917499782,2.11053556499974,2,3,4
27,1,1,0.566666666666667,1.39780326499749,2.08064740899863,2,3,4
27,4,4,0.501666666666667,1.25721436599997,2.07738637200237,2,3,1
27,1,1,0.905,1.24460536600236,2.14439256800688,2,3,4
27,1,1,0.973333333333333,1.6126653159954,2.84093129499524,2,3,4
27,4,4,0.0283333333333333,1.53623035399505,3.8267334389966,2,3,1
27,1,1,0.693333333333333,1.16361784900073,1.85388795900508,2,3,4
27,4,4,0.995,1.03227321799932,2.07475331900059,2,3,1
27,1,1,0.911666666666667,1.38714036699821,2.35144156799652,2,3,4
27,4,1,0.925,1.25167001500085,2.00579055900016,2,3,1
27,1,1,0.908333333333333,1.65802319600334,2.84466089100169,2,3,4
27,1,1,0.991666666666667,1.32564426500176,2.4807841550064,2,3,4
27,1,1,0.538333333333333,2.57659428499755,3.41251073899912,2,3,4
27,4,4,0.95,0.764396831997146,1.85547590799979,2,3,1
27,4,1,0.873333333333333,2.92144830400503,3.86104280900327,2,3,1
27,4,4,0.721666666666667,1.31525278500339,2.93438423200132,2,3,1
27,1,1,0.94,1.45923406300426,2.37457038999855,2,3,4
27,1,1,0.976666666666667,1.22701601099834,2.43737859599787,2,3,4
27,4,4,0.266666666666667,1.18391095099651,3.4269198280017,2,3,1
27,2,2,0.77,2.94408205299987,5.37910831900081,2,1,NaN
27,3,3,0.986666666666667,1.25910711100005,2.1658006860016,2,1,NaN
27,2,2,0.82,1.06686889199773,1.83913290499913,2,1,NaN
27,4,4,0.748333333333333,1.22479033900163,2.69964643900312,2,1,NaN
27,2,2,0.665,2.99480441000196,3.74935957400157,2,1,NaN
27,3,3,0.905,0.960631216003094,1.70723707300203,2,1,NaN
27,2,2,0.998333333333333,1.06009838000318,2.00672376900184,2,1,NaN
27,1,4,0.181666666666667,3.77073858700169,4.71708982899872,2,1,NaN
27,1,1,0.991666666666667,1.26553944400075,2.56311776400253,2,1,NaN
27,4,4,0.85,1.40870090299723,2.81216506700002,2,1,NaN
27,1,1,0.67,2.51747295899986,3.8005415699954,2,1,NaN
27,4,4,0.815,1.16985458600539,2.15760546800448,2,1,NaN
27,4,4,0.81,2.80226392799523,3.80572287800169,2,1,NaN
27,1,1,0.978333333333333,1.24674977100221,2.20922602000064,2,1,NaN
27,2,2,0.993333333333333,1.21265650200075,2.24002841800393,2,1,NaN
27,1,1,0.731666666666667,1.80144925299828,2.65147858300043,2,1,NaN
27,3,3,0.93,1.3970767619976,2.87175830599881,2,1,NaN
27,3,3,0.616666666666667,1.73640410699591,3.09978540500015,2,1,NaN
27,2,2,0.858333333333333,1.36189663600089,2.09239885999705,2,1,NaN
27,2,2,0.933333333333333,1.12394165799924,2.27177912299521,2,1,NaN
27,1,2,0.145,2.35141885199846,4.67398033599602,2,1,NaN
27,1,1,0.931666666666667,2.824263333001,3.63629082099942,2,1,NaN
27,4,2,0.171666666666667,3.33995086600044,4.60618510000495,2,1,NaN
27,3,3,0.761666666666667,3.24003446799907,5.34658660800051,2,1,NaN
27,3,3,0.983333333333333,1.44403597799828,2.7428933830015,2,1,NaN
27,1,1,0.928333333333333,1.24429266600055,2.06252631799725,2,1,NaN
27,2,1,0.0366666666666667,1.64832835699781,4.36299039299774,2,1,NaN
27,4,3,0.245,1.42903899500379,2.94451559599838,2,1,NaN
27,2,2,0.868333333333333,2.5811763830061,4.39888579100079,2,1,NaN
27,3,2,0.333333333333333,1.28841492799984,3.85080190800363,2,1,NaN
27,4,4,0.526666666666667,2.89944439000101,4.49489440199977,2,1,NaN
27,4,4,0.233333333333333,3.22004949399707,5.0629688830013,2,1,NaN
27,2,2,0.785,1.48393182899599,2.55953316699743,2,1,NaN
27,3,2,0.968333333333333,2.66767041799903,3.65326276899577,2,1,NaN
27,3,2,0.493333333333333,6.63764864100085,7.92947815100342,2,1,NaN
27,3,3,0.948333333333333,1.39843649299291,2.50609062899457,2,2,2
27,1,1,0.96,2.36005354700319,3.85090633100481,2,2,4
27,1,1,0.278333333333333,3.63497451799776,5.02882898600365,2,2,4
27,4,3,0.688333333333333,1.88466923799569,2.87960098599433,2,2,3
27,4,2,0.0583333333333333,1.8389187990033,3.35294954800338,2,2,2
27,4,1,0.746666666666667,3.29384834299708,4.28103622199706,2,2,1
27,3,3,0.913333333333333,1.22209312099585,2.32942617999652,2,2,4
27,3,3,0.916666666666667,1.16623739799979,2.15239190899592,2,2,1
27,2,2,0.98,1.4861695590007,2.68858871799603,2,2,1
27,1,3,0.00833333333333333,1.48081198400178,4.14733272000012,2,2,2
27,2,2,0.955,1.46317875599925,3.70649459600099,2,2,4
27,3,3,0.785,1.51112968899542,2.50562103099946,2,2,1
27,3,3,0.978333333333333,1.11288241699367,3.84406593199674,2,2,2
27,3,3,1,1.25206474600418,2.85605451000447,2,2,4
27,3,3,0.748333333333333,5.38373418200354,6.84251463800319,2,2,4
27,1,1,0.863333333333333,2.9518507870016,4.05094394100161,2,2,4
27,4,4,0.3,2.61810182000045,4.54007892999653,2,2,3
27,2,1,0.885,1.54391745399334,2.56390677299351,2,2,1
27,3,3,0.99,1.31884646899562,3.5300291589956,2,2,2
27,4,4,0.39,1.26236648500344,2.97776973700093,2,2,3
27,3,3,0.943333333333333,1.1645425520037,2.35130548700545,2,2,4
27,1,1,0.953333333333333,1.76501263999671,3.39941669799737,2,2,3
27,3,3,0.986666666666667,1.12131151599897,2.78837991000182,2,2,4
27,2,2,0.603333333333333,1.94409128499683,4.13988489599433,2,2,4
27,1,2,0.398333333333333,4.95074789399951,6.86530539699743,2,2,2
27,1,2,0.263333333333333,3.30078420200152,5.00760378899577,2,2,2
27,1,1,0.501666666666667,3.28044763100479,5.09097073900193,2,2,2
27,2,2,0.831666666666667,1.99225196900079,4.2756609470016,2,2,3
27,2,2,0.751666666666667,1.08928832300444,2.7958335650037,2,2,3
27,4,4,0.726666666666667,2.11967641699448,3.13062160499976,2,2,2
27,1,3,0.135,4.76755546400091,5.88149825700384,2,2,3
27,1,3,0.593333333333333,2.99757848800073,3.79241475500021,2,2,3
27,2,2,0.995,1.20210241199675,2.18107336499816,2,2,1
27,4,4,0.586666666666667,2.52890689999913,3.49198033200082,2,2,1
27,2,2,0.996666666666667,1.03360430499743,1.93309950800176,2,2,1
27,1,1,0.993333333333333,1.24248585100577,2.37406290299987,2,2,4
27,2,2,0.906666666666667,0.946138193998195,1.76616502399702,2,2,1
27,3,3,0.945,1.09043948399631,2.90976265200152,2,2,2
27,4,2,0.968333333333333,1.23509872300201,2.25426661100209,2,2,2
27,3,2,0.906666666666667,2.4474641170018,3.43457369800308,2,2,2
27,3,3,0.815,1.38706838699727,2.77471491100005,2,2,4
27,4,4,0.893333333333333,1.45810424099909,2.3486260819991,2,2,3
27,4,1,0.0433333333333333,3.72229198699642,6.04505947000143,2,2,1
27,3,3,0.981666666666667,1.35451114099851,5.14145411000209,2,2,4
27,3,3,0.991666666666667,1.39279567100311,2.37881622200075,2,2,4
27,4,4,0.52,4.40731716799928,5.49755813299998,2,2,3
27,1,1,0.501666666666667,2.49417811400053,3.40856532799808,2,2,2
27,4,4,0.715,2.92352708100225,4.36527235699759,2,2,1
27,1,1,1,2.30456530000083,3.31629393200274,2,2,4
27,4,4,0.898333333333333,1.50494376900315,2.56279689300572,2,2,1
27,4,4,0.138333333333333,10.7683063430013,12.2999958279979,2,2,3
27,1,1,0.26,3.21478448299604,6.01903711100022,2,2,4
27,1,4,0.255,6.65679999200074,8.91503482800181,2,2,4
27,2,2,0.235,2.20363582299615,3.67965728799754,2,2,1
27,2,2,0.981666666666667,0.973164456001541,1.80708283499553,2,2,1
27,2,2,0.975,1.1157082810023,2.43907997100177,2,2,1
27,2,1,0.955,2.00084852400323,3.4439737970024,2,2,1
27,3,3,0.511666666666667,6.4437825290006,7.49476596499881,2,2,4
27,1,2,0.758333333333333,1.15263223199872,2.26029327099968,2,2,2
27,3,3,0.788333333333333,1.24408176900033,2.550460724,2,2,2
27,4,4,1,1.6764664029979,2.98228566199396,2,2,3
27,3,3,0.675,3.75463074500294,4.85234977200162,2,2,2
27,4,4,0.746666666666667,1.58001563399739,2.49532072099828,2,2,3
27,1,1,0.501666666666667,3.70994150899787,4.80917800000316,2,2,2
27,4,3,0.0483333333333333,7.56905096300034,9.67511621699668,2,2,3
27,3,2,0.983333333333333,1.5806989240009,4.05570766799792,2,2,2
27,4,2,0.73,2.60667282000213,4.19436130200484,2,2,2
27,4,2,0.506666666666667,6.49035756599915,7.94110385999375,2,2,2
27,4,2,0.41,1.27765982499841,2.64084529299726,2,2,2
27,3,3,0.753333333333333,1.45034736799425,2.31797036899661,2,2,4
27,3,3,0.968333333333333,1.35257482999441,2.37133921699569,2,3,2
27,3,3,0.991666666666667,0.784633289003978,1.86034294400451,2,3,2
27,2,2,0.905,1.11607751200063,2.01537125000323,2,3,3
27,2,2,0.896666666666667,1.31434167300176,2.17412294400128,2,3,3
27,2,2,0.886666666666667,1.13690188100009,2.29930602999957,2,3,3
27,3,2,0.75,4.65155004199914,7.91865359900112,2,3,2
27,2,2,0.8,1.18313836500602,4.32227898800193,2,3,3
27,2,3,0.263333333333333,5.06234991800011,6.55391717900056,2,3,3
27,3,3,1,0.961766916996567,1.93199872999685,2,3,2
27,2,2,0.401666666666667,3.61101088900614,7.09441878900543,2,3,3
27,2,2,0.743333333333333,2.35232203899795,3.85878418199718,2,3,3
27,2,2,0.751666666666667,1.17945333499665,2.17338649200246,2,3,3
27,2,2,0.5,1.51505239200196,2.53317684899957,2,3,3
27,2,2,0.263333333333333,1.0669712989984,3.66938802499499,2,3,3
27,2,2,0.53,1.91742669499945,5.07269084299332,2,3,3
27,2,2,1,3.22229237099964,5.23369240700413,2,3,3
27,2,3,0.506666666666667,3.35197799000161,4.27508540100098,2,3,3
27,2,2,0.746666666666667,1.56871697600582,2.77191173100437,2,3,3
27,3,2,0.795,1.11151611999958,2.97072223800205,2,3,2
27,2,2,0.738333333333333,3.99107408500277,5.50532341899816,2,3,3
27,2,3,0.718333333333333,2.58966573600628,4.75945559600223,2,3,3
27,2,2,0.755,1.60292072499578,2.96614105800109,2,3,3
27,2,3,0.035,6.80138845399779,8.15701305500261,2,3,3
27,2,2,0.983333333333333,0.907442153002194,1.9428947760025,2,3,3
27,3,3,0.84,1.25193510599638,2.13574052799959,2,3,2
27,3,3,0.895,1.02939019000041,1.95133820699994,2,3,2
27,3,3,0.875,1.22967256300035,2.15374451299431,2,3,2
27,2,3,0.745,3.0540053720033,4.3300068239987,2,3,3
27,3,3,0.805,1.34854477599583,2.52750563299924,2,3,2
27,2,3,0.06,7.01319604700257,9.61550140600593,2,3,3
27,2,2,0.965,0.946977565996349,1.85448916599853,2,3,3
27,2,2,0.996666666666667,0.799140370996611,2.11491628099611,2,3,3
27,2,2,0.99,0.881698633995256,1.74728746099572,2,3,3
27,3,3,0.943333333333333,0.914087283999834,2.75002693399438,2,3,2
27,2,2,0.936666666666667,1.19349286700162,2.42984961399634,2,3,3
27,3,3,0.745,1.63540415099851,3.14274654499604,2,1,NaN
27,1,1,0.87,1.33941095000046,2.13461711799755,2,1,NaN
27,2,2,0.926666666666667,1.10015378199751,2.35100042900012,2,1,NaN
27,3,3,0.928333333333333,1.10841417399934,1.9587035470031,2,1,NaN
27,2,2,0.73,1.02011787800438,1.94295240499923,2,1,NaN
27,2,2,0.688333333333333,1.06135911399906,2.07182902199565,2,1,NaN
27,4,4,0.816666666666667,1.16086605700548,1.78011973899993,2,1,NaN
27,1,1,0.925,0.984643677002168,2.170363352001,2,1,NaN
27,4,4,0.538333333333333,2.456114994995,3.12189152399515,2,1,NaN
27,1,1,0.255,1.69631238999864,3.6504735349954,2,1,NaN
27,4,4,0.675,1.09148526399804,1.87111227899732,2,1,NaN
27,4,4,0.0133333333333333,2.44770766100555,4.60920172300393,2,1,NaN
27,2,2,0.913333333333333,1.22690618900378,1.95047102900571,2,1,NaN
27,4,4,0.706666666666667,1.63584044299932,2.51063779999822,2,1,NaN
27,2,2,0.94,1.44471943499957,2.48075429999881,2,1,NaN
27,1,1,0.916666666666667,1.28739717700228,2.05817483999999,2,1,NaN
27,3,4,0.808333333333333,2.22007935699366,2.91066860199498,2,1,NaN
27,4,4,0.593333333333333,1.88492851499905,2.88773469599982,2,1,NaN
27,4,4,1,1.13522051900509,1.93916649900348,2,1,NaN
27,4,2,0.095,3.01660156199796,4.16404777400021,2,1,NaN
27,1,1,0.503333333333333,1.68567086199619,3.02534408399515,2,1,NaN
27,4,1,0.18,2.6584816540053,4.16650294200372,2,1,NaN
27,2,2,0.276666666666667,1.6325900449956,3.49190621599701,2,1,NaN
27,4,3,0.228333333333333,1.96144413599541,3.73983939899335,2,1,NaN
27,2,2,0.958333333333333,2.44078740000259,3.88349635800114,2,1,NaN
27,3,3,0.873333333333333,1.21844819800026,2.69288180700096,2,1,NaN
27,2,2,0.918333333333333,2.14008561399532,3.13398729699838,2,1,NaN
27,1,1,0.79,1.09176009699877,1.96611343300174,2,1,NaN
27,3,2,0.871666666666667,1.89965214800031,2.91792805799923,2,1,NaN
27,1,1,0.52,2.17301592400327,3.69560541900137,2,1,NaN
27,3,3,0.766666666666667,1.38952628900006,2.55184382099833,2,1,NaN
27,2,2,0.943333333333333,1.35725759500201,2.1998210649981,2,1,NaN
27,3,3,1,1.05187652099994,1.79775262800104,2,1,NaN
27,4,3,0.698333333333333,1.59416555699863,2.36606107499392,2,1,NaN
27,3,3,0.683333333333333,2.28987876499741,3.11666332599998,2,1,NaN
27,4,4,0.625,1.95483624299959,2.84562226400158,2,1,NaN
27,2,2,0.74,1.14180631899944,2.45739263499854,2,1,NaN
27,4,2,0.736666666666667,0.857955141000275,1.86904056300409,2,1,NaN
27,1,1,1,1.126535221003,1.95229539600405,2,1,NaN
27,3,3,0.98,1.15131630699761,2.09792832799576,2,1,NaN
27,1,1,0.02,1.68113528099639,3.44335263399989,2,1,NaN
27,4,3,0.283333333333333,2.41337183100404,3.5672708810016,2,1,NaN
27,2,2,0.973333333333333,1.57080478599528,2.85429959299654,2,1,NaN
27,3,3,0.788333333333333,1.06321043700154,1.99306552299822,2,1,NaN
27,4,3,0.576666666666667,2.36459441800253,3.14404913300677,2,1,NaN
27,4,4,0.633333333333333,1.37894732000132,2.24610897299863,2,1,NaN
27,1,1,0.981666666666667,1.21482541199657,1.88126301299781,2,1,NaN
27,2,2,0.836666666666667,1.4342766990012,2.43748412800051,2,1,NaN
27,4,2,0.511666666666667,3.83904784500191,4.85794818199793,2,1,NaN
27,1,4,0.355,3.31212983799924,5.3232816689997,2,1,NaN
27,2,2,0.966666666666667,0.862473232999037,1.55264330599312,2,1,NaN
27,1,1,0.813333333333333,1.03130619999865,1.73074556199572,2,1,NaN
27,3,3,1,0.969307937004487,1.65280588500173,2,1,NaN
27,1,1,0.78,1.31032053799572,2.14462172099593,2,1,NaN
27,2,2,0.9,1.03848453899991,1.95350786500057,2,1,NaN
27,2,2,0.761666666666667,1.11123119999684,2.37897045700083,2,1,NaN
27,3,3,0.0583333333333333,1.93383008299861,3.62566063299892,2,1,NaN
27,1,2,0.943333333333333,1.45754436100106,2.1416129499994,2,1,NaN
27,2,2,0.986666666666667,1.57105933099956,2.49312366900267,2,1,NaN
27,1,1,0.511666666666667,1.90835239999433,2.63235722199897,2,1,NaN
27,4,4,0.71,1.16912991899881,2.17274258999532,2,1,NaN
27,3,3,0.773333333333333,1.13733895800397,2.76460726399819,2,1,NaN
27,3,3,0.99,1.06405665700004,2.1146005940027,2,1,NaN
27,4,2,0.105,4.61786304199632,6.31583695599693,2,1,NaN
27,3,3,0.511666666666667,1.82306384299591,3.07447020399559,2,1,NaN
27,1,3,0.498333333333333,2.53746012299962,4.73255059400253,2,1,NaN
27,3,3,0.973333333333333,0.95934137400036,1.82604282900138,2,1,NaN
27,2,2,1,1.42141159900348,2.73664176500461,2,1,NaN
27,3,3,0.751666666666667,2.05367432600178,3.36901245899935,2,1,NaN
27,2,2,1,2.27576150199457,4.04588468799921,2,1,NaN
27,3,3,0.9,2.02917789999628,4.36814700099785,2,3,1
27,1,1,0.845,0.946517358002893,1.91733494499931,2,3,3
27,3,3,0.985,0.89194675199542,1.81417815700115,2,3,1
27,3,3,0.155,5.27426393199858,6.39635702400119,2,3,1
27,1,1,1,0.812855616997695,1.71946036200097,2,3,3
27,1,1,1,1.43841629300005,2.38583069699962,2,3,3
27,1,1,0.886666666666667,1.8139655949999,3.28956216900406,2,3,3
27,3,3,0.561666666666667,2.35963015499874,3.30542170399713,2,3,1
27,1,1,0.946666666666667,2.93700566099869,3.84396027700132,2,3,3
27,3,3,0.98,1.01117967999744,2.09455941100168,2,3,1
27,1,3,0.183333333333333,3.22177188700152,4.09724470999936,2,3,3
27,3,3,0.781666666666667,1.33356430300046,2.01650913799676,2,3,1
27,3,3,0.948333333333333,1.4036215390006,2.44718041699525,2,3,1
27,1,1,0.85,1.39190512700588,2.3462659210054,2,3,3
27,1,1,0.951666666666667,1.67205637299776,2.5477316089964,2,3,3
27,3,3,0.858333333333333,1.12773421699967,2.29964106999978,2,3,1
27,1,1,0.02,1.25019430600514,3.50153215500177,2,3,3
27,1,1,0.968333333333333,1.06660043100419,2.14265624100517,2,3,3
27,3,3,0.501666666666667,2.57160889700026,3.1678707040046,2,3,1
27,3,3,1,0.85045447399898,1.62899633299821,2,3,1
27,3,3,1,0.743737609001982,1.64212938000128,2,3,1
27,3,3,0.925,0.844539101999544,1.82352615499985,2,3,1
27,3,3,1,1.05092069300008,1.97359668400168,2,3,1
27,3,3,0.995,0.963370706995192,1.9102076909985,2,3,1
27,1,1,0.503333333333333,0.972987422006554,2.73528929500026,2,3,3
27,1,3,0.32,6.77304970800469,7.95191595000506,2,3,3
27,3,3,0.55,1.28766451299452,2.83494980799878,2,3,1
27,3,3,0.94,0.812075412999548,1.59847403800086,2,3,1
27,1,1,0.521666666666667,2.45101814699592,3.77409902199724,2,3,3
27,3,3,0.88,0.992840886996419,2.06692902399664,2,3,1
27,3,3,0.745,1.28452996099804,3.58276136899804,2,3,1
27,1,1,0.948333333333333,1.09802787700028,1.97277042800124,2,3,3
27,3,3,1,0.91367189000448,1.96421906700562,2,3,1
27,1,3,0.256666666666667,4.48950567700376,7.772570481,2,3,3
27,3,3,0.766666666666667,1.36304523400031,2.09482252300222,2,3,1
27,2,2,0.921666666666667,1.1695861029948,1.91584711500036,2,2,4
27,2,4,0.756666666666667,1.738969566999,2.54181448800227,2,2,4
27,3,3,0.0666666666666667,4.89118010099628,6.02990881900041,2,2,2
27,4,4,1,1.19692331999977,1.88688810299936,2,2,2
27,2,2,0.976666666666667,1.54436493499816,2.33077721000154,2,2,1
27,3,4,0.501666666666667,4.24046535600064,5.9800385089984,2,2,4
27,3,3,1,2.5630851179958,3.4450404800009,2,2,2
27,4,4,0.715,1.43753720700624,2.00998392800102,2,2,3
27,2,2,0.796666666666667,1.34713827000087,2.98971557200275,2,2,3
27,2,2,0.678333333333333,2.97689304500091,4.14849736399628,2,2,3
27,4,4,0.841666666666667,1.53522662099567,2.61101162799605,2,2,3
27,2,2,0.968333333333333,2.01230963799753,3.15180906799651,2,2,4
27,4,4,0.958333333333333,2.51541965000069,3.59027203099686,2,2,1
27,4,4,0.925,1.28969527699519,2.16375771999446,2,2,1
27,1,1,0.916666666666667,2.35996643100225,3.40354554400255,2,2,3
27,3,3,0.9,1.31787496600009,2.67256355800055,2,2,4
27,1,1,0.505,4.17675405200134,5.64391917299508,2,2,3
27,1,1,0.865,2.03389332700317,4.25330394300545,2,2,3
27,3,3,0.825,1.14746337599354,2.19138885799475,2,2,2
27,2,2,0.913333333333333,1.38719906599727,2.68617501299741,2,2,4
27,2,2,0.968333333333333,0.901012160000391,1.72015074999945,2,2,3
27,4,1,0.258333333333333,5.44770398100081,10.4590365289987,2,2,1
27,4,4,0.986666666666667,1.17048325599899,1.8769892929995,2,2,3
27,3,4,0.513333333333333,2.07785903000331,3.74485832700157,2,2,4
27,2,2,0.766666666666667,1.67658036100329,4.51102273000288,2,2,1
27,1,1,1,0.940268603000732,1.8394901319989,2,2,3
27,4,1,0.768333333333333,3.12998111899651,4.21382761000132,2,2,1
27,1,1,0.875,1.98940575199958,2.99213689899625,2,2,3
27,1,1,1,1.66766303499753,2.50232736700127,2,2,3
27,4,3,0.761666666666667,3.10929252699862,4.00940829899628,2,2,3
27,2,2,0.988333333333333,1.22560222899483,2.09968124899751,2,2,4
27,2,2,0.995,1.05133110899624,2.41486941200128,2,2,3
27,1,1,0.868333333333333,1.08866860400303,1.97279161700135,2,2,4
27,1,1,1,1.04858981500001,1.93139318899921,2,2,3
27,4,4,0.495,1.80957720700098,2.90847340600158,2,2,3
27,4,4,0.888333333333333,1.03682803499396,2.18460507199779,2,3,3
27,3,3,1,0.667748845997266,1.51897599599761,2,3,4
27,4,4,0.891666666666667,0.790104787003656,1.64869004000502,2,3,3
27,4,4,0.756666666666667,1.3549075300034,2.05374429299991,2,3,3
27,3,3,0.906666666666667,0.783608821999223,1.65960873000586,2,3,4
27,4,4,0.756666666666667,0.979485918003775,2.18246797600295,2,3,3
27,3,3,0.938333333333333,0.883075592995738,1.77416151699435,2,3,4
27,3,3,0.63,1.25105041999632,1.8782768509991,2,3,4
27,4,4,0.783333333333333,1.27848327600077,1.89651377499831,2,3,3
27,3,3,0.546666666666667,1.03322458099865,1.92428964500141,2,3,4
27,3,3,0.798333333333333,1.05901264099521,1.96543578300043,2,3,4
27,4,4,0.04,2.52276901299774,3.83750276499632,2,3,3
27,4,3,0.701666666666667,1.46226168500289,2.24058145200252,2,3,3
27,3,3,0.978333333333333,0.963094878003176,1.73309959700418,2,3,4
27,3,3,0.721666666666667,0.932208838996303,1.648532332998,2,3,4
27,3,3,0.74,1.03383685299923,1.86120243999903,2,3,4
27,4,4,0.588333333333333,1.12586210499285,3.0087890759969,2,3,3
27,3,3,0.775,1.21925613500207,1.85319089200493,2,3,4
27,4,4,0.843333333333333,1.0715584829959,2.16358199100068,2,3,3
27,3,3,0.895,1.02279844500299,1.90600086100312,2,3,4
27,3,3,0.956666666666667,0.921722512997803,1.90077535699675,2,3,4
27,3,3,0.993333333333333,0.772879885997099,2.36768446699716,2,3,4
27,3,3,0.99,0.796409793001658,1.69605371799844,2,3,4
27,4,4,0.725,0.92728399400221,1.62647868299973,2,3,3
27,3,3,0.89,1.17258172899892,1.8713898979986,2,3,4
27,4,4,0.83,1.07221855400712,2.23637395700644,2,3,3
27,4,4,0.73,1.62924467300036,2.24874683600501,2,3,3
27,4,4,1,0.953991021000547,1.70104637899931,2,3,3
27,3,3,0.853333333333333,0.812319812997885,1.71062576000259,2,3,4
27,3,3,0.905,0.975225825000962,1.72224487300264,2,3,4
27,4,4,1,0.944575140994857,2.13173401499807,2,3,3
27,3,3,0.306666666666667,1.90644896100275,2.82086914100364,2,3,4
27,3,3,0.996666666666667,0.855005190998781,1.58612134099531,2,3,4
27,3,3,0.321666666666667,2.4629824329968,3.22592932599946,2,3,4
27,3,3,0.655,1.07547052200243,1.81522026399762,2,3,4
27,4,4,0.9,1.34909671900095,2.59271583100053,2,2,3
27,2,2,0.888333333333333,1.10834621100366,1.85533865400066,2,2,4
27,2,2,0.98,0.751467206995585,1.42714874599915,2,2,3
27,3,2,0.905,2.66930365000007,3.65720067200164,2,2,2
27,3,4,0.738333333333333,3.040117782999,3.83503925399418,2,2,4
27,4,2,0.961666666666667,1.11609426000359,1.85479977200157,2,2,2
27,1,1,0.99,1.14467458499712,1.86047067999607,2,2,4
27,4,4,0.74,1.22016498500307,2.46249908099708,2,2,2
27,4,4,0.63,1.83174464499461,2.73938717599958,2,2,2
27,1,2,0.395,3.96867772599944,5.02830932200595,2,2,2
27,3,3,0.188333333333333,1.53099679899606,2.70084013899759,2,2,2
27,4,4,0.971666666666667,1.38077180399705,2.21500721399934,2,2,1
27,3,3,0.74,1.79419767700165,2.8853813329988,2,2,4
27,4,1,0.918333333333333,1.94061065700225,2.66422393899848,2,2,1
27,4,2,0.848333333333333,2.00003228899732,2.86651942000026,2,2,2
27,4,4,0.953333333333333,2.19460384099511,3.1567201910002,2,2,3
27,2,2,1,1.62608949199785,2.53248763999727,2,2,4
27,4,4,0.545,1.01826786199672,1.67694534699694,2,2,3
27,4,2,0.418333333333333,1.56610553000064,2.84813372200006,2,2,2
27,2,2,0.79,1.7604731140018,2.6118237970004,2,2,3
27,4,4,0.206666666666667,2.31806137199601,3.24837736899644,2,2,2
27,2,2,0.97,1.15268455899786,2.29909357699944,2,2,1
27,4,4,0.755,2.57052655799635,3.40539519299637,2,2,2
27,2,2,1,0.919235433000722,1.92305401700287,2,2,4
27,2,2,0.84,1.28153652999754,2.42149285799678,2,2,1
27,3,2,0.743333333333333,2.34207089499978,3.3055312419965,2,2,2
27,1,1,1,1.51079908300017,2.48984558400116,2,2,4
27,4,4,0.51,3.33720983199601,4.42783599600079,2,2,3
27,1,1,0.96,1.37157376600226,2.17443551200267,2,2,4
27,3,1,0.0866666666666667,2.87577381500159,4.13426901999628,2,2,1
27,1,1,0.928333333333333,1.16212166100013,1.89285619500151,2,2,3
27,2,2,1,0.980930488003651,1.74378371200146,2,2,1
27,3,3,1,1.15839652199793,2.21704235999641,2,2,2
27,2,2,0.986666666666667,1.01175332399725,2.02292077199672,2,2,1
27,2,2,1,2.18500328500522,2.9553151670043,2,2,4
27,1,1,0.86,1.11755061199801,2.00155143399752,2,1,NaN
27,3,3,0.213333333333333,2.46861533999618,3.34318166699813,2,1,NaN
27,1,1,0.748333333333333,1.01150799800234,1.8136192880047,2,1,NaN
27,1,2,0.505,3.68131816199457,4.28426363699691,2,1,NaN
27,3,3,0.711666666666667,0.937982333998661,1.79636721199495,2,1,NaN
27,2,2,0.751666666666667,1.40072442499513,2.14078092999989,2,1,NaN
27,4,2,0.366666666666667,2.34548564600118,3.19592750100128,2,1,NaN
27,3,3,0.818333333333333,1.11903123200318,1.80259063999983,2,1,NaN
27,2,2,0.801666666666667,1.02204957899812,1.79388904599909,2,1,NaN
27,3,3,0.18,1.90087587299786,3.10382967199985,2,1,NaN
27,2,2,1,1.17374259100325,1.88935345799837,2,1,NaN
27,3,3,0.998333333333333,1.1529562749929,1.85149916299997,2,1,NaN
27,4,1,0.856666666666667,1.47007221699459,2.67337166599464,2,1,NaN
27,1,1,0.908333333333333,1.12935079699673,2.01235535299929,2,1,NaN
27,2,2,0.501666666666667,3.87098487900221,4.56215575600072,2,1,NaN
27,4,4,0.831666666666667,1.33997418500076,2.03937135400338,2,1,NaN
27,2,2,1,0.993285842996556,1.79664958099602,2,1,NaN
27,3,3,0.503333333333333,1.77564728400466,2.47490169500088,2,1,NaN
27,3,3,0.988333333333333,0.882969802005391,1.93473270400136,2,1,NaN
27,3,3,0.976666666666667,0.732410938995599,1.92666218699742,2,1,NaN
27,1,1,1,0.917966041000909,1.73648719199991,2,1,NaN
27,4,2,0.0916666666666667,4.96711443400272,5.96320239600027,2,1,NaN
27,3,2,0.695,1.21087090000219,2.09397864300263,2,1,NaN
27,4,4,0.973333333333333,1.22901480799919,1.8559360290019,2,1,NaN
27,2,2,0.971666666666667,0.697964814004081,1.62211720699997,2,1,NaN
27,4,3,1,1.05664226500085,1.63459454399708,2,1,NaN
27,3,3,0.183333333333333,0.74191030899965,1.7604597699974,2,1,NaN
27,4,4,1,1.39806670200051,2.08070163199591,2,1,NaN
27,1,3,0.506666666666667,1.57724468800006,2.41319749099785,2,1,NaN
27,2,2,0.876666666666667,0.926597441997728,1.5292594709972,2,1,NaN
27,1,1,0.993333333333333,1.03229965900391,1.93977322600404,2,1,NaN
27,1,2,0.325,1.18558616100199,2.16390912199859,2,1,NaN
27,4,4,0.35,1.40932611400058,2.6361644130011,2,1,NaN
27,4,3,0.768333333333333,2.334259422998,3.16040362799686,2,1,NaN
27,3,3,0.775,0.980843042998458,1.80772078400332,2,1,NaN
28,3,3,0.501666666666667,1.83413370600465,1.93259000000398,2,1,NaN
28,3,3,0.508333333333333,0.851578330999473,0.926811614001053,2,1,NaN
28,4,1,0.565,2.02214779899805,2.12853321799776,2,1,NaN
28,3,3,0.536666666666667,1.25523593000253,1.3458065090017,2,1,NaN
28,4,3,0.561666666666667,1.49640181499853,1.65077817899873,2,1,NaN
28,2,2,0.506666666666667,1.22804534299939,1.28651165499468,2,1,NaN
28,4,4,0.556666666666667,1.69626715200138,1.83566105199861,2,1,NaN
28,1,3,0.511666666666667,1.93349591300648,2.01751125500596,2,1,NaN
28,3,3,0.513333333333333,1.31602101599856,1.39806933599903,2,1,NaN
28,1,1,0.533333333333333,1.34634670200467,1.42912628100021,2,1,NaN
28,2,2,0.528333333333333,1.37604182899668,1.48422267899878,2,1,NaN
28,1,1,0.501666666666667,1.25930571099889,1.31105738800397,2,1,NaN
28,3,3,0.506666666666667,1.59702622199984,1.66443114899448,2,1,NaN
28,4,3,0.511666666666667,1.34498839200387,1.39696158999868,2,1,NaN
28,1,1,0.503333333333333,1.26474646000133,1.35445969099965,2,1,NaN
28,3,2,0.52,1.1377159919939,1.29202368199913,2,1,NaN
28,1,1,0.501666666666667,1.46123268500378,1.50499246000254,2,1,NaN
28,3,3,0.58,1.16866544300137,1.25208577099693,2,1,NaN
28,4,2,0.548333333333333,1.49336291800137,2.64824728499661,2,1,NaN
28,4,2,0.533333333333333,2.08178551599849,2.21943516800093,2,1,NaN
28,3,1,0.52,1.51907173799555,1.70618375699996,2,1,NaN
28,3,3,0.535,1.39415008400101,1.62844892100111,2,1,NaN
28,1,1,0.525,1.09502938600053,1.22657458700269,2,1,NaN
28,4,1,0.523333333333333,1.02143982599955,1.12938401699648,2,1,NaN
28,2,1,0.501666666666667,0.647577694995562,0.715496621000057,2,1,NaN
28,3,2,0.648333333333333,0.786674133996712,1.05378832599672,2,1,NaN
28,1,1,0.501666666666667,0.96010082999419,1.02612600199791,2,1,NaN
28,1,1,0.501666666666667,1.45521870299854,1.64108554599807,2,1,NaN
28,1,1,0.501666666666667,1.31657875899691,1.43900643500092,2,1,NaN
28,3,3,0.531666666666667,2.69072390499787,2.87816286399902,2,1,NaN
28,3,2,0.54,1.81330693899508,2.43220586700045,2,1,NaN
28,1,1,0.501666666666667,1.41716492999694,1.72534689799795,2,1,NaN
28,2,2,0.551666666666667,1.40352506299678,1.54227862699918,2,1,NaN
28,2,2,0.501666666666667,1.10933212999953,1.1436269879996,2,1,NaN
28,4,2,0.506666666666667,0.92626772299991,1.04220911599987,2,1,NaN
28,4,4,0.55,2.01835936700081,2.24602398700517,2,3,3
28,4,4,0.538333333333333,1.69429844900151,1.89838198299549,2,3,3
28,4,4,0.501666666666667,1.38561902700167,1.41264203900209,2,3,3
28,3,3,0.501666666666667,1.52774151299673,1.61942138500308,2,3,4
28,4,4,0.501666666666667,1.24647032200301,1.41790011500416,2,3,3
28,3,3,0.595,1.53279352500249,1.67118637200474,2,3,4
28,3,3,0.51,1.29714930699993,1.52435654500005,2,3,4
28,4,4,0.501666666666667,2.0909649469977,2.22960923999926,2,3,3
28,4,4,0.501666666666667,1.35226841400436,1.59637109900359,2,3,3
28,3,3,0.633333333333333,1.19950692300336,1.65755396700115,2,3,4
28,3,3,0.648333333333333,1.37975884099433,2.26422275199729,2,3,4
28,4,4,0.573333333333333,1.72800972899859,2.02703791599924,2,3,3
28,3,4,0.585,1.62046450700291,1.91254298699641,2,3,4
28,3,3,0.503333333333333,0.943191300000763,1.0892425359998,2,3,4
28,3,3,0.501666666666667,1.62728508999862,1.66313687899674,2,3,4
28,3,3,0.548333333333333,1.79154612399725,2.13108826700045,2,3,4
28,4,4,0.568333333333333,1.34455156399781,1.722810983003,2,3,3
28,4,3,0.605,1.58657441700052,1.90107300000091,2,3,3
28,4,4,0.593333333333333,1.50118861700321,2.07240178400389,2,3,3
28,3,3,0.548333333333333,1.34512918200198,1.8514121210028,2,3,4
28,3,3,0.618333333333333,1.64551531900361,2.07360070100549,2,3,4
28,4,3,0.556666666666667,1.39369524000358,1.87549435500114,2,3,3
28,3,3,0.573333333333333,1.1658458019956,1.75156535199494,2,3,4
28,4,3,0.548333333333333,2.12624439299543,2.60084546799771,2,3,3
28,3,3,0.593333333333333,7.08409996899718,7.47173348599608,2,3,4
28,4,4,0.551666666666667,2.09786171899759,2.87679614200169,2,3,3
28,4,4,0.573333333333333,1.60459011700004,1.98422030599613,2,3,3
28,3,3,0.535,1.34032831800141,1.75204641000164,2,3,4
28,4,4,0.58,1.29321039800561,1.59983187600301,2,3,3
28,4,3,0.561666666666667,1.23579224000423,1.55058452600497,2,3,3
28,4,4,0.545,1.40517339699727,1.81675113600068,2,3,3
28,4,4,0.581666666666667,1.29149880600016,1.55861479199666,2,3,3
28,4,4,0.573333333333333,1.31587109099928,1.79885308500525,2,3,3
28,4,4,0.548333333333333,1.39497278799536,1.87906456099881,2,3,3
28,4,4,0.57,1.34208306299843,1.56108108699846,2,3,3
28,3,1,0.568333333333333,3.61339847300405,4.12953634600126,2,2,1
28,1,4,0.59,3.48442007700214,4.03893621300085,2,2,4
28,2,2,0.503333333333333,1.80670104800083,1.9613509080009,2,2,4
28,4,4,0.578333333333333,2.72610142700432,3.01680521300295,2,2,2
28,2,2,0.56,1.92299143899436,2.27871058799792,2,2,1
28,1,1,0.525,1.75743286500074,2.0881747530002,2,2,3
28,1,4,0.556666666666667,3.34351603299729,3.7637354489998,2,2,4
28,3,3,0.623333333333333,2.25336768900161,2.73724723199848,2,2,4
28,1,1,0.501666666666667,1.65236736799852,1.85501542299608,2,2,4
28,4,4,0.596666666666667,3.00851795099879,3.35496767799486,2,2,2
28,3,4,0.55,2.81595534300141,3.42589287499868,2,2,4
28,2,2,0.608333333333333,1.98060529800568,2.42438008700265,2,2,3
28,1,1,0.551666666666667,1.63397590100067,2.02186948300368,2,2,4
28,1,1,0.586666666666667,1.67181592599809,2.14753502800158,2,2,2
28,1,1,0.546666666666667,1.33529585100041,1.69114701700164,2,2,2
28,3,3,0.546666666666667,1.32282544700138,1.56683199800318,2,2,4
28,2,2,0.501666666666667,1.47528328699991,1.58225782899535,2,2,1
28,1,1,0.591666666666667,1.11488011099573,1.66111597800045,2,2,2
28,3,3,0.51,1.69462980500248,1.84224684999936,2,2,4
28,1,1,0.558333333333333,2.49280858699785,3.15181842700258,2,2,3
28,4,3,0.59,3.34778592300427,3.95981510700221,2,2,3
28,1,1,0.611666666666667,1.77047396600392,2.56447920400387,2,2,4
28,3,3,0.568333333333333,2.58496133500012,3.00382029599859,2,2,2
28,4,4,0.611666666666667,3.54329332800262,4.16221650999796,2,2,1
28,4,4,0.573333333333333,3.52507707900077,4.03098155000043,2,2,1
28,4,3,0.615,2.664007940999,3.15510414000164,2,2,3
28,4,4,0.58,2.81488187499781,3.17061673900025,2,2,2
28,1,1,0.555,3.52564480699948,4.18385869600024,2,2,3
28,3,3,0.583333333333333,2.40252195899666,2.78103204900253,2,2,1
28,3,3,0.583333333333333,2.08912592699926,2.56478220999998,2,2,2
28,3,3,0.535,2.66465992599842,3.17185202400287,2,2,4
28,2,2,0.593333333333333,2.79833446299745,3.57762741399347,2,2,4
28,4,1,0.553333333333333,2.8691954340029,3.21541652900487,2,2,1
28,3,3,0.52,1.60977602699859,1.90827791600168,2,2,1
28,2,2,0.601666666666667,1.74752966900269,2.07817168399924,2,2,3
28,2,2,0.501666666666667,2.13316339100129,2.51193936300115,2,2,4
28,4,1,0.43,3.43098153399478,4.24986461999652,2,2,1
28,2,2,0.563333333333333,1.98435360599979,2.42044035399886,2,2,3
28,4,2,0.55,1.99007188699761,2.37607857699913,2,2,2
28,4,1,0.548333333333333,0.830034036000143,1.70534118900105,2,2,1
28,1,1,0.596666666666667,2.27212068800145,2.69147769399569,2,2,3
28,2,1,0.541666666666667,3.19499239199649,3.62987101899489,2,2,1
28,2,2,0.58,2.01449794999644,2.3539154359969,2,2,3
28,3,3,0.583333333333333,2.00627410000016,2.42610889099888,2,2,4
28,1,1,0.543333333333333,1.62802347599791,2.12683352299791,2,2,4
28,3,3,0.608333333333333,2.63718647199858,3.26419537200127,2,2,4
28,3,3,0.56,2.19191900699661,2.71554069800186,2,2,2
28,2,2,0.563333333333333,1.76818364000064,2.14737118600169,2,2,1
28,1,1,0.54,1.75303200000053,2.49208352300047,2,2,4
28,3,3,0.538333333333333,2.18768145299691,2.74305952499708,2,2,1
28,4,4,0.548333333333333,3.04362074200617,3.6784580090025,2,2,3
28,2,2,0.586666666666667,1.74836145399604,2.11085183500109,2,2,4
28,2,2,0.598333333333333,2.82218751400069,3.05049153399887,2,2,4
28,4,4,0.525,2.6097410930015,3.21305087999644,2,2,3
28,4,2,0.555,4.16667600299843,4.67339749199891,2,2,2
28,4,4,0.561666666666667,3.47077406999597,3.85898322499997,2,2,1
28,4,2,0.528333333333333,3.1778410889965,3.55701794199558,2,2,3
28,2,2,0.571666666666667,2.08084885599965,2.52284956900257,2,2,4
28,2,2,0.536666666666667,2.86611548400106,3.25218605899863,2,2,4
28,4,2,0.51,2.85343062999891,3.11273352599528,2,2,2
28,2,2,0.52,1.90128045099846,2.4091221330018,2,2,3
28,4,3,0.6,2.64361533000192,3.26263755100081,2,2,3
28,1,1,0.525,1.51041792799515,2.14487754499714,2,2,2
28,2,2,0.608333333333333,1.86287281499972,2.21046868099802,2,2,4
28,2,2,0.59,1.90840448900417,2.24712794000516,2,2,3
28,3,3,0.546666666666667,1.66460471999744,2.11596390899649,2,2,4
28,3,2,0.545,2.21056471699558,2.7325217539983,2,2,2
28,1,1,0.553333333333333,1.89827983899886,2.33299364200502,2,2,3
28,4,4,0.578333333333333,6.65952989899961,7.07017087699933,2,2,2
28,2,2,0.556666666666667,1.62579105299665,1.86031440999795,2,2,4
28,1,1,0.561666666666667,1.54947570799413,1.8725821009939,2,3,4
28,1,4,0.535,1.44957031299418,1.76543069399486,2,3,4
28,1,1,0.515,1.40143633799744,1.66858208499616,2,3,4
28,4,4,0.521666666666667,1.32459150599607,1.61643218300014,2,3,1
28,4,4,0.638333333333333,1.10731235200365,1.32663907200185,2,3,1
28,4,4,0.501666666666667,1.15714892299729,1.29538052599673,2,3,1
28,1,1,0.501666666666667,0.712998641996819,0.955523953998636,2,3,4
28,1,1,0.576666666666667,0.841440806005266,1.15573200700601,2,3,4
28,4,4,0.521666666666667,1.49026828400383,1.66149292400223,2,3,1
28,4,4,0.551666666666667,1.49425293999957,1.53616973700264,2,3,1
28,1,1,0.633333333333333,0.959763832004683,1.36334701700252,2,3,4
28,1,1,0.585,2.81623167199723,3.73917032800091,2,3,4
28,4,1,0.596666666666667,2.78323357299814,3.33095874999708,2,3,1
28,1,1,0.535,1.29466045300069,1.63471662699885,2,3,4
28,1,1,0.575,1.12312601399753,1.39848633699876,2,3,4
28,1,1,0.516666666666667,1.09043717599707,1.22883001099399,2,3,4
28,1,1,0.598333333333333,1.2391447350019,1.56932917599624,2,3,4
28,1,1,0.513333333333333,1.23175136400096,1.73112040100386,2,3,4
28,4,4,0.523333333333333,1.42472268499841,1.62698269900284,2,3,1
28,1,4,0.543333333333333,1.30210101499688,1.4723145619937,2,3,4
28,1,1,0.583333333333333,2.77104333100579,3.09382695200475,2,3,4
28,4,4,0.513333333333333,1.1475278939979,1.43077944099787,2,3,1
28,1,1,0.565,7.81725740600086,8.37938095100253,2,3,4
28,1,1,0.54,1.54570229900128,2.09361399299814,2,3,4
28,1,1,0.535,1.19624674900115,1.57460536099825,2,3,4
28,4,4,0.555,4.17961052100145,4.6220422089973,2,3,1
28,4,4,0.58,1.26277116900019,1.56850352300535,2,3,1
28,1,4,0.538333333333333,2.06998190499871,3.25804307499493,2,3,4
28,4,1,0.541666666666667,2.08884681299969,2.55572614400444,2,3,1
28,4,4,0.625,1.2722788300016,1.59528863000014,2,3,1
28,1,1,0.516666666666667,1.24775351800054,1.92961575699883,2,3,4
28,4,4,0.536666666666667,1.6398873529979,2.01846621599543,2,3,1
28,4,4,0.541666666666667,2.07824819199595,2.58448570100154,2,3,1
28,4,4,0.538333333333333,3.50083348699991,4.07151262999832,2,3,1
28,1,1,0.561666666666667,1.56580126599874,2.07188242400298,2,3,4
28,4,4,0.653333333333333,3.3680744979938,3.92283772299561,2,1,NaN
28,4,4,0.54,2.15999351599748,2.31409546400391,2,1,NaN
28,3,3,0.576666666666667,1.35307667899906,1.65168675099994,2,1,NaN
28,3,1,0.526666666666667,3.02203799499694,3.35284551199584,2,1,NaN
28,1,2,0.525,1.94886331499583,2.04086642699986,2,1,NaN
28,3,3,0.543333333333333,2.65818824499729,3.44441327299864,2,1,NaN
28,4,2,0.561666666666667,2.03044929199677,2.15239881399611,2,1,NaN
28,3,3,0.55,1.50248568999814,1.86477970499982,2,1,NaN
28,2,2,0.508333333333333,1.4825106099961,1.69351976300095,2,1,NaN
28,3,3,0.54,1.6459090060016,1.8574458410003,2,1,NaN
28,2,2,0.533333333333333,3.46655572699819,3.75819831399713,2,1,NaN
28,1,1,0.535,1.41695824400085,1.74910772899602,2,1,NaN
28,1,1,0.553333333333333,1.38586075499916,1.8449678209945,2,1,NaN
28,2,2,0.548333333333333,2.27906081300171,2.79478756600292,2,1,NaN
28,1,1,0.53,1.72466023900051,2.19856289699965,2,1,NaN
28,1,1,0.535,2.15521469899977,2.58947972400347,2,1,NaN
28,3,1,0.545,2.47365886100306,2.76491660700412,2,1,NaN
28,3,2,0.571666666666667,2.22447549599747,3.65057811100269,2,1,NaN
28,2,2,0.52,1.73104488199897,2.01480188999994,2,1,NaN
28,1,1,0.543333333333333,2.31296936500439,2.65899055499904,2,1,NaN
28,1,1,0.54,1.74909028600086,2.15972941200016,2,1,NaN
28,3,1,0.548333333333333,3.06111736100138,3.42316521999601,2,1,NaN
28,4,4,0.551666666666667,3.12166934199922,3.5088843400008,2,1,NaN
28,2,2,0.56,1.17830220199539,1.67652566299512,2,1,NaN
28,3,3,0.551666666666667,1.26220518400078,1.60110648300179,2,1,NaN
28,3,3,0.546666666666667,1.42907712000306,1.81611664900265,2,1,NaN
28,1,1,0.576666666666667,1.58725752000464,2.00684031300625,2,1,NaN
28,1,2,0.543333333333333,2.00996763400326,2.42033199100115,2,1,NaN
28,2,2,0.543333333333333,1.48702696699911,1.96965715099941,2,1,NaN
28,4,4,0.548333333333333,1.44656664699869,1.81072062699968,2,1,NaN
28,4,3,0.396666666666667,3.20518313500361,3.79176143299992,2,1,NaN
28,1,1,0.603333333333333,1.37808356099413,1.80508467399341,2,1,NaN
28,4,4,0.551666666666667,1.61732803999621,2.3960889250011,2,1,NaN
28,1,1,0.541666666666667,1.44683881200035,1.99337058400124,2,1,NaN
28,3,3,0.581666666666667,2.55791185099952,2.89631520699913,2,1,NaN
28,3,3,0.6,2.48241906100156,4.11816480300331,2,2,4
28,4,2,0.543333333333333,1.95381677100522,2.31694749400049,2,2,2
28,2,2,0.546666666666667,1.70710845400026,2.02148537799803,2,2,1
28,3,3,0.538333333333333,5.23344948099839,5.70726601599745,2,2,1
28,2,2,0.571666666666667,1.77500031000091,3.00986445400486,2,2,3
28,2,2,0.608333333333333,1.58031445199595,2.15879121799662,2,2,1
28,4,4,0.648333333333333,2.44450257599965,3.0077051890039,2,2,2
28,3,3,0.54,2.64967189200252,3.03621502999886,2,2,1
28,3,3,0.581666666666667,1.83008955600235,2.10422953200032,2,2,1
28,3,3,0.55,1.7677826040017,2.05846528200345,2,2,2
28,3,3,0.515,1.86840167700575,1.95949208000093,2,2,4
28,1,3,0.501666666666667,0.899705096999242,1.08679613099957,2,2,4
28,1,1,0.501666666666667,1.68052722200082,1.92317445699882,2,2,4
28,2,2,0.546666666666667,1.62620531800349,1.90133012000297,2,2,4
28,4,4,0.548333333333333,3.18814648700209,3.61469270100497,2,2,1
28,2,2,0.513333333333333,1.55938683699787,2.55342393899627,2,2,3
28,1,1,0.565,1.59125389100518,1.90687575000629,2,2,2
28,1,1,0.58,2.25765800099907,2.59582051599864,2,2,4
28,3,4,0.61,5.00643841199781,5.3383063509973,2,2,4
28,1,1,0.541666666666667,1.75612441200064,2.11050448299648,2,2,2
28,1,1,0.565,2.10954211599892,2.7855528250002,2,2,2
28,3,1,0.525,1.46051629500289,1.77540321400011,2,2,1
28,3,2,0.553333333333333,1.94039472000441,2.28722833500069,2,2,2
28,1,1,0.575,2.12690389800264,2.52296791700064,2,2,2
28,2,2,0.575,1.84076885599643,3.36425095899904,2,2,4
28,4,3,0.641666666666667,3.10268678099965,3.54641891500069,2,2,3
28,1,1,0.553333333333333,2.50185176199739,2.85574421499769,2,2,3
28,2,2,0.571666666666667,2.12037981199683,2.49051197699737,2,2,3
28,2,2,0.55,1.75509214200429,2.06281923200004,2,2,1
28,2,2,0.523333333333333,1.69526787899667,2.12170499899366,2,2,1
28,1,1,0.533333333333333,2.16092070499872,2.90741889600031,2,2,4
28,4,2,0.593333333333333,1.7616251579966,2.20560603000195,2,2,2
28,1,1,0.538333333333333,1.10286918299971,1.65778472400416,2,2,3
28,3,3,0.568333333333333,1.98731851100456,2.64592171899858,2,2,2
28,1,3,0.55,2.57534543300426,3.01058062100492,2,2,3
28,2,2,0.576666666666667,1.93974054700084,2.41387574499822,2,1,NaN
28,4,4,0.576666666666667,1.49680909699964,1.66838943900075,2,1,NaN
28,4,2,0.56,1.42133441199985,1.63226180699712,2,1,NaN
28,2,2,0.515,1.34697177599446,1.50283738299913,2,1,NaN
28,4,3,0.501666666666667,0.94233589599753,1.02469870400091,2,1,NaN
28,4,1,0.521666666666667,1.59719682899595,1.75958222599729,2,1,NaN
28,1,1,0.531666666666667,0.75012904900359,0.928295224002795,2,1,NaN
28,4,2,0.501666666666667,2.3524814429984,2.4022615319991,2,1,NaN
28,4,4,0.523333333333333,2.26260529099818,2.5858187949998,2,1,NaN
28,2,2,0.66,1.78054148600495,2.07942805400671,2,1,NaN
28,3,3,0.576666666666667,1.38400081000145,1.55554922400188,2,1,NaN
28,4,4,0.585,1.66447349100054,1.92391068299912,2,1,NaN
28,3,3,0.585,1.41917419599486,1.66273385800014,2,1,NaN
28,1,1,0.551666666666667,1.47136661099648,1.68217579399789,2,1,NaN
28,1,1,0.581666666666667,2.16277750799782,2.78078446899599,2,1,NaN
28,3,1,0.633333333333333,1.7848970039995,2.07532353900024,2,1,NaN
28,4,2,0.558333333333333,1.38775229499879,1.55957573599881,2,1,NaN
28,2,2,0.56,1.01349121399835,1.16904381500353,2,1,NaN
28,1,1,0.515,0.957592751998163,1.17779917999724,2,1,NaN
28,3,3,0.536666666666667,1.17399818900594,1.28833470999962,2,1,NaN
28,1,1,0.53,1.20995104200119,1.63666179899883,2,1,NaN
28,1,1,0.54,1.07195202200091,1.36184658099955,2,1,NaN
28,1,1,0.511666666666667,1.00823770099669,1.23525445300038,2,1,NaN
28,3,1,0.501666666666667,1.15860076899844,1.280730202001,2,1,NaN
28,1,4,0.501666666666667,0.666744957998162,0.877770981001959,2,1,NaN
28,3,1,0.516666666666667,0.718806092001614,0.881260852002015,2,1,NaN
28,2,3,0.506666666666667,0.500742525000533,1.43862198300485,2,1,NaN
28,3,3,0.501666666666667,0.592776700999821,0.691361309000058,2,1,NaN
28,3,2,0.515,1.50160731400683,1.60125854200305,2,1,NaN
28,2,2,0.501666666666667,0.997004397002456,1.12003736100451,2,1,NaN
28,1,1,0.503333333333333,0.863287510997907,1.04285189799702,2,1,NaN
28,3,3,0.535,0.717127885000082,0.83181270500063,2,1,NaN
28,1,1,0.503333333333333,0.931509932997869,1.26967703300033,2,1,NaN
28,1,1,0.538333333333333,0.792532203995506,1.02843254999607,2,1,NaN
28,3,3,0.585,1.07875562700065,1.21848258499813,2,1,NaN
28,3,3,0.676666666666667,1.76417144700099,1.91121938899596,2,3,1
28,1,1,0.51,0.813345027003379,0.921124911001243,2,3,3
28,1,1,0.501666666666667,1.12029577000067,1.29922805800015,2,3,3
28,3,3,0.501666666666667,0.595561395995901,0.800073471997166,2,3,1
28,1,1,0.506666666666667,0.500622686995484,0.703710198999033,2,3,3
28,3,3,0.536666666666667,0.791789843002334,0.939338533004047,2,3,1
28,1,3,0.505,0.538100275000033,1.47815806500148,2,3,3
28,3,3,0.513333333333333,1.04554755499703,1.15286912499869,2,3,1
28,3,3,0.601666666666667,0.895410675999301,1.48170407999714,2,3,1
28,1,1,0.55,0.85890824499802,1.03855418299645,2,3,3
28,1,1,0.503333333333333,0.841322944004787,0.948704708003788,2,3,3
28,3,3,0.526666666666667,1.27437070000451,1.44491178799944,2,3,1
28,1,1,0.516666666666667,0.871229067997774,1.11417639900174,2,3,3
28,3,3,0.506666666666667,0.961648797005182,1.21215895400383,2,3,1
28,1,1,0.58,0.935744227004761,1.21808465300273,2,3,3
28,1,1,0.536666666666667,1.00558658399677,1.28853606899793,2,3,3
28,3,3,0.625,1.04208501300309,1.24617018400022,2,3,1
28,1,1,0.505,0.983750025996414,1.11429812699498,2,3,3
28,3,1,0.546666666666667,1.34589090599911,1.58821666300355,2,3,1
28,1,1,0.541666666666667,0.825149481999688,1.29173421100131,2,3,3
28,1,1,0.616666666666667,0.540805423996062,0.927585044999432,2,3,3
28,3,3,0.626666666666667,1.37498755100387,1.73809477500618,2,3,1
28,3,1,0.551666666666667,0.927362096001161,1.31400762599515,2,3,1
28,1,1,0.525,0.850224657995568,1.1652075009988,2,3,3
28,3,3,0.546666666666667,0.98749274200236,1.39029396200203,2,3,1
28,1,1,0.548333333333333,0.858100502002344,1.22034904300381,2,3,3
28,3,3,0.581666666666667,0.753036243004317,1.30003914100234,2,3,1
28,1,1,0.545,1.17260305999662,1.48803196999506,2,3,3
28,3,3,0.535,1.13633979100268,1.43472316199768,2,3,1
28,1,3,0.306666666666667,0.989860035006132,2.30385867400037,2,3,3
28,1,1,0.543333333333333,0.648341526000877,1.13984753700061,2,3,3
28,1,3,0.59,0.674625239000306,1.03787728099996,2,3,3
28,1,1,0.521666666666667,0.624517268995987,0.924568773996725,2,3,3
28,1,1,0.556666666666667,0.675336298001639,1.01553492899984,2,3,3
28,3,3,0.55,0.658273667002504,1.02232053400076,2,3,1
28,2,2,0.576666666666667,1.8534665210027,2.69702371099993,2,3,3
28,2,2,0.576666666666667,0.871061885998643,1.24308988199482,2,3,3
28,3,3,0.54,0.764351425001223,0.880001044002711,2,3,2
28,3,3,0.518333333333333,0.672940587995981,0.883059793995926,2,3,2
28,3,2,0.558333333333333,0.741422433995467,1.07241729799716,2,3,2
28,2,2,0.516666666666667,0.690335810999386,0.830331702003605,2,3,3
28,2,2,0.498333333333333,1.4329972839987,1.71586461900006,2,3,3
28,3,3,0.556666666666667,0.826548983000976,1.12634511200304,2,3,2
28,2,2,0.576666666666667,0.981139038005495,1.32013015400298,2,3,3
28,3,3,0.526666666666667,1.0477687179955,1.36365152600047,2,3,2
28,2,2,0.538333333333333,0.856076901000051,1.07532783799979,2,3,3
28,2,2,0.571666666666667,0.612982161001128,0.912286254999344,2,3,3
28,3,2,0.615,0.535972757003037,1.06642814700172,2,3,2
28,3,3,0.528333333333333,0.980771191003441,1.3520644809978,2,3,2
28,3,2,0.436666666666667,1.3028540249943,3.01034819099732,2,3,2
28,2,2,0.605,0.867459430002782,1.14198373600084,2,3,3
28,2,2,0.561666666666667,1.29429707700183,1.78430108499742,2,3,3
28,2,2,0.543333333333333,1.24592762700195,1.60004940100043,2,3,3
28,2,2,0.585,0.964315021999937,1.24705022600392,2,3,3
28,2,2,0.588333333333333,1.41753881999466,1.78878922500007,2,3,3
28,2,2,0.526666666666667,0.500838833999296,0.716267028001312,2,3,3
28,3,2,0.501666666666667,0.7409927300032,0.904235498004709,2,3,2
28,3,3,0.6,0.552397809005925,0.755376768000133,2,3,2
28,3,3,0.521666666666667,1.10666490300355,1.23682775300404,2,3,2
28,2,2,0.576666666666667,0.520399970999279,0.715223551000236,2,3,3
28,2,2,0.546666666666667,0.563774921000004,0.807315236001159,2,3,3
28,2,2,0.528333333333333,0.539701415997115,0.68675679199805,2,3,3
28,3,3,0.515,0.584603948998847,0.771843502996489,2,3,2
28,3,3,0.501666666666667,0.577385165001033,0.707530018997204,2,3,2
28,3,3,0.56,0.509087245001865,0.783730643001036,2,3,2
28,2,2,0.545,0.917736997005704,1.05741903500166,2,3,3
28,2,2,0.513333333333333,0.563754470000276,0.71857137799816,2,3,3
28,3,3,0.621666666666667,0.783133463999548,1.0652047399999,2,3,2
28,2,2,0.508333333333333,0.500701481003489,0.79055860000517,2,3,3
28,2,2,0.546666666666667,0.564208951000182,0.878542329999618,2,3,3
28,4,3,0.746666666666667,2.1751354070002,2.38680635699711,2,2,3
28,2,2,0.613333333333333,1.6856246210009,1.95349029600038,2,2,1
28,2,2,0.501666666666667,1.66219442400325,1.84137452999857,2,2,1
28,4,4,0.595,2.04353176499717,2.43086304600001,2,2,3
28,3,2,0.605,1.39206117200229,1.72384392799722,2,2,1
28,3,3,0.568333333333333,1.45816628600005,1.82063078899955,2,2,2
28,3,3,0.598333333333333,1.26502023699868,1.77900163499726,2,2,4
28,3,3,0.575,2.14412025600177,3.09099704899563,2,2,4
28,2,2,0.548333333333333,1.7223245760033,2.06193386299856,2,2,3
28,1,1,0.523333333333333,1.35798383699876,1.66504759999953,2,2,4
28,1,3,0.57,2.12973392799904,2.42964737599686,2,2,3
28,2,4,0.621666666666667,2.23102954500064,2.59295616300369,2,2,4
28,2,2,0.628333333333333,1.38120492699818,1.72065598300105,2,2,3
28,3,3,0.57,1.59159773199644,1.99566182999843,2,2,1
28,3,3,0.531666666666667,2.95727628999884,3.52857387599943,2,2,1
28,1,1,0.563333333333333,1.89255025999591,2.20907408199855,2,2,3
28,4,4,0.658333333333333,2.59498862200417,2.8453961990017,2,2,1
28,4,2,0.558333333333333,2.23080095199839,2.58643665199634,2,2,2
28,4,3,0.546666666666667,4.34163752599852,6.0645492620024,2,2,3
28,4,1,0.603333333333333,1.9891235469986,2.24024172299687,2,2,1
28,2,2,0.601666666666667,1.57012871200277,1.78928419300064,2,2,1
28,2,2,0.565,0.97713641700102,1.31618273200002,2,2,3
28,2,2,0.575,1.12297964699974,1.38121367600252,2,2,4
28,3,3,0.535,0.994721168994147,1.71775831299601,2,2,2
28,2,2,0.565,1.94122211899958,2.13607017199683,2,2,1
28,2,3,0.541666666666667,2.66244280300452,2.94545898800425,2,2,3
28,4,2,0.655,3.74993979699502,4.06407435199799,2,2,2
28,4,4,0.563333333333333,2.58362070799922,2.87444975200196,2,2,2
28,3,3,0.57,2.4895616740032,2.82115078700008,2,2,4
28,1,1,0.528333333333333,2.41459996800404,3.0340315680005,2,2,4
28,1,1,0.551666666666667,2.01109172800352,2.35054976500396,2,2,4
28,3,3,0.62,3.33126001899655,3.75745929499681,2,2,1
28,4,1,0.528333333333333,1.77789731999655,2.11720436299947,2,2,1
28,1,1,0.545,0.947251329002029,1.26264465999702,2,2,4
28,2,2,0.575,2.50370820100215,2.84330730500369,2,2,1
28,2,2,0.523333333333333,3.13863301400124,3.24635086300259,2,1,NaN
28,1,1,0.615,1.28592353800195,1.5373287600014,2,1,NaN
28,4,3,0.56,1.80809897499421,1.92246800199791,2,1,NaN
28,3,3,0.525,0.745683802000713,0.876124654001615,2,1,NaN
28,2,2,0.501666666666667,0.669964879001782,1.00863591099915,2,1,NaN
28,2,2,0.515,0.621882302999438,0.688020421002875,2,1,NaN
28,1,1,0.525,0.666748721996555,0.78174998099712,2,1,NaN
28,3,3,0.628333333333333,0.755164950998733,0.949218950998329,2,1,NaN
28,1,1,0.591666666666667,0.757108361998689,2.10309385700384,2,1,NaN
28,2,2,0.56,1.03089887800161,1.26674650100176,2,1,NaN
28,1,1,0.553333333333333,0.652376810001442,0.83155966400227,2,1,NaN
28,2,2,0.528333333333333,1.23410964300274,1.44453124300344,2,1,NaN
28,4,1,0.536666666666667,1.40778459500143,1.54578998900251,2,1,NaN
28,4,2,0.525,1.49679805000051,1.66806841300422,2,1,NaN
28,1,1,0.551666666666667,1.38916988499841,1.64823923700169,2,1,NaN
28,4,2,0.516666666666667,1.72952083100245,1.95662019399606,2,1,NaN
28,4,1,0.58,2.23482393599988,2.70234889400308,2,1,NaN
28,2,2,0.563333333333333,1.73239317700063,1.9427635999964,2,1,NaN
28,3,2,0.571666666666667,1.74159032700118,1.95310757000698,2,1,NaN
28,3,1,0.543333333333333,0.950495076001971,1.28010957600054,2,1,NaN
28,3,1,0.513333333333333,1.00191691600048,1.16546029500023,2,1,NaN
28,3,2,0.581666666666667,1.41079525399982,1.75806436299899,2,1,NaN
28,2,2,0.538333333333333,0.868054073005624,1.18333857499965,2,1,NaN
28,1,1,0.541666666666667,1.35617072899913,1.7187187640011,2,1,NaN
28,2,3,0.36,1.35799061600119,2.6489908950025,2,1,NaN
28,3,1,0.531666666666667,2.02553881000495,2.30818154900044,2,1,NaN
28,4,4,0.561666666666667,2.16427095999825,2.4307713599992,2,1,NaN
28,1,1,0.521666666666667,1.49678947499342,1.79586517599819,2,1,NaN
28,4,2,0.288333333333333,1.65532033700583,2.81048130000272,2,1,NaN
28,2,2,0.57,1.37325235999742,1.67120757399971,2,1,NaN
28,3,1,0.545,1.76160504500149,2.23564481300127,2,1,NaN
28,4,2,0.536666666666667,1.75858333500219,2.19262252599583,2,1,NaN
28,4,3,0.575,1.90096905999962,2.5993172669987,2,1,NaN
28,4,4,0.555,1.59552304699901,2.00712030100112,2,1,NaN
28,1,1,0.543333333333333,2.44980275999842,2.87733276600193,2,1,NaN
28,2,2,0.53,1.3910111879959,1.54648963199725,2,1,NaN
28,4,4,0.781666666666667,1.60820022699772,1.81110467499821,2,1,NaN
28,3,3,0.571666666666667,1.57401254599972,1.73645231500268,2,1,NaN
28,2,1,0.13,0.694621187998564,2.05104977099836,2,1,NaN
28,2,2,0.505,0.891708337003365,1.23005133100378,2,1,NaN
28,3,3,0.585,1.26586936999956,1.42773693599884,2,1,NaN
28,4,4,0.586666666666667,1.43987824400392,1.68953193200286,2,1,NaN
28,4,3,0.528333333333333,1.85928072199749,2.16695507399709,2,1,NaN
28,2,2,0.561666666666667,1.71503305400256,2.02164096399792,2,1,NaN
28,4,2,0.538333333333333,1.72023602099944,1.946984729002,2,1,NaN
28,3,3,0.506666666666667,1.18473685099889,1.42122172699601,2,1,NaN
28,4,2,0.558333333333333,1.58386297599645,1.79511624899897,2,1,NaN
28,4,2,0.533333333333333,1.95070588700037,2.40852009700029,2,1,NaN
28,2,2,0.505,0.788756912996178,1.01508573799947,2,1,NaN
28,3,3,0.615,0.851481903999229,1.15827558199817,2,1,NaN
28,2,2,0.591666666666667,1.02102440300223,1.27290173700021,2,1,NaN
28,1,1,0.573333333333333,0.913322824999341,1.18150139899808,2,1,NaN
28,1,1,0.551666666666667,1.08216525800526,1.30086418100109,2,1,NaN
28,4,2,0.503333333333333,1.54929210199771,1.67256000100315,2,1,NaN
28,2,1,0.571666666666667,2.48093237300054,3.73309436000272,2,1,NaN
28,4,3,0.558333333333333,2.04756920199725,4.87424662499689,2,1,NaN
28,3,3,0.558333333333333,1.07201804599754,1.19458718799433,2,1,NaN
28,1,1,0.518333333333333,1.09570614100085,1.28957829600404,2,1,NaN
28,2,2,0.505,1.54710713300301,1.61427397499938,2,1,NaN
28,2,1,0.571666666666667,0.993878533001407,1.180708357002,2,1,NaN
28,1,1,0.505,0.570062997001514,0.700411139005155,2,1,NaN
28,3,3,0.505,0.741827032004949,0.928166342004261,2,1,NaN
28,2,3,0.52,1.36745717799931,1.7788854590035,2,1,NaN
28,1,1,0.508333333333333,0.694769030000316,0.825766953996208,2,1,NaN
28,1,1,0.513333333333333,0.733479914000782,0.959750987000007,2,1,NaN
28,2,3,0.506666666666667,0.574347370005853,0.785471438000968,2,1,NaN
28,3,1,0.501666666666667,1.22219999399385,1.42493562899472,2,1,NaN
28,3,2,0.568333333333333,1.73281781400146,1.91250988300453,2,1,NaN
28,2,3,0.536666666666667,0.814788961004524,1.38594003800245,2,1,NaN
28,1,1,0.528333333333333,0.766381483001169,0.953428378001263,2,1,NaN
28,4,2,0.578333333333333,1.89530698599992,2.01011022499733,2,2,2
28,2,2,0.56,0.957823453994934,1.12106547699659,2,2,1
28,3,3,0.501666666666667,1.52877012299723,1.58677375499974,2,2,1
28,1,1,0.666666666666667,0.832291932005319,1.6674009250055,2,2,3
28,1,1,0.533333333333333,1.26869206500123,1.46242462300143,2,2,2
28,4,1,0.00166666666666667,1.39285128600022,3.64496280300227,2,2,2
28,2,2,0.576666666666667,1.69947256199521,2.22312787400006,2,2,1
28,3,3,0.6,1.44153078800446,1.89979177200439,2,2,2
28,1,1,0.55,1.08352041899343,3.167302430993,2,2,2
28,2,2,0.57,1.60304094699677,1.91752366300352,2,2,1
28,2,1,0.571666666666667,1.54846473399812,2.15108934800082,2,2,1
28,2,2,0.523333333333333,1.98047807699913,2.22393618500064,2,2,3
28,2,2,0.561666666666667,1.03438451599504,1.4047652090012,2,2,1
28,2,2,0.526666666666667,1.17776481500186,1.58927923499868,2,2,3
28,4,4,0.548333333333333,3.05711425399932,3.49172072900546,2,2,3
28,2,2,0.558333333333333,1.61135038600332,1.84541859599994,2,2,4
28,1,1,0.521666666666667,1.60745874500572,2.04993325400574,2,2,3
28,1,1,0.528333333333333,2.07620903600036,2.47948370499944,2,2,3
28,1,1,0.591666666666667,1.9828154450006,2.39449492399581,2,2,4
28,1,1,0.536666666666667,1.98900594400038,2.27920315499796,2,2,2
28,1,1,0.566666666666667,1.87222620599641,2.19455670099705,2,2,4
28,4,1,0.528333333333333,2.04597959600505,2.52164545200503,2,2,1
28,1,2,0.575,2.8310551120012,3.32289899200259,2,2,2
28,2,2,0.59,1.52027756199823,2.87555724199774,2,2,1
28,1,1,0.578333333333333,0.850332460002392,1.34197772700281,2,2,4
28,3,3,0.516666666666667,2.54873933099589,2.86416139100038,2,2,1
28,4,4,0.571666666666667,3.71992029900139,4.58627142600017,2,2,3
28,1,1,0.518333333333333,1.26825193999684,1.71806617699622,2,2,3
28,1,1,0.59,3.23836044500058,3.56067221600097,2,2,2
28,4,4,0.528333333333333,3.80457891299739,4.54424703100085,2,2,3
28,2,2,0.533333333333333,2.29965690399695,2.78945317599573,2,2,4
28,1,1,0.558333333333333,2.09777877899614,2.56590846399922,2,2,3
28,2,2,0.541666666666667,3.31297215499944,3.68385776899959,2,2,1
28,3,1,0.551666666666667,4.94618249599444,5.55009602099744,2,2,1
28,4,4,0.536666666666667,2.61469872200541,3.07417582100607,2,2,1
28,2,2,0.526666666666667,2.52088481500687,2.66854880800383,2,3,1
28,2,2,0.531666666666667,0.643878027003666,0.735006360002444,2,3,1
28,1,1,0.503333333333333,0.557446410006378,0.703688031004276,2,3,2
28,1,1,0.551666666666667,0.63399595500232,0.74857431500277,2,3,2
28,1,1,0.515,0.547026498003106,0.645518272001937,2,3,2
28,1,1,0.545,0.528682543998002,0.644241827998485,2,3,2
28,2,2,0.518333333333333,0.590951012003643,0.689407388003019,2,3,1
28,2,2,0.501666666666667,0.650543918003677,0.694104882000829,2,3,1
28,2,2,0.571666666666667,0.7262371159959,0.784019487997284,2,3,1
28,1,1,0.56,0.591018813000119,0.71300442500069,2,3,2
28,1,1,0.52,0.585590331997082,0.7239278929992,2,3,2
28,1,1,0.603333333333333,0.61181857700285,0.84686438600329,2,3,2
28,2,2,0.553333333333333,0.730002449003223,0.852994211003534,2,3,1
28,2,2,0.545,0.543591032001132,0.697933036994073,2,3,1
28,1,2,0.586666666666667,0.522366579003574,0.74193156399997,2,3,2
28,1,1,0.548333333333333,0.6130759650041,0.807609280003817,2,3,2
28,1,1,0.616666666666667,0.63626663100149,0.8152263209995,2,3,2
28,2,2,0.536666666666667,1.26769306499773,1.3501894889996,2,3,1
28,2,2,0.52,1.31679915999848,1.36780577900208,2,3,1
28,2,1,0.541666666666667,0.613907564002147,1.18464322599903,2,3,1
28,1,1,0.501666666666667,0.717360271999496,0.793059157003881,2,3,2
28,2,2,0.503333333333333,0.804188103997149,1.03146188199753,2,3,1
28,1,1,0.575,1.05872125199676,1.40544260799652,2,3,2
28,2,2,0.596666666666667,1.23358860200096,1.52457098799641,2,3,1
28,2,2,0.521666666666667,0.699345689994516,1.01480145199457,2,3,1
28,2,2,0.553333333333333,0.506200285002706,0.772803104002378,2,3,1
28,2,2,0.531666666666667,0.643155402998673,1.07923110899719,2,3,1
28,2,2,0.553333333333333,0.671061016000749,1.37038039899926,2,3,1
28,2,2,0.578333333333333,0.703145373001462,1.0658882860007,2,3,1
28,1,1,0.551666666666667,0.747507052001311,1.14257061699755,2,3,2
28,2,2,0.528333333333333,0.629375607997645,1.01740468899516,2,3,1
28,2,2,0.53,0.612742844998138,1.08040353099932,2,3,1
28,1,1,0.53,0.928522041998804,1.30021540699818,2,3,2
28,1,1,0.536666666666667,0.660157408994564,0.974622919995454,2,3,2
28,2,2,0.59,0.613001236000855,1.10443230199598,2,3,1
28,4,4,0.676666666666667,1.61170232000586,1.75035357600427,2,3,2
28,4,2,0.558333333333333,0.844087721001415,1.04755734400533,2,3,2
28,4,2,0.6,1.49748299500061,1.7092838949975,2,3,2
28,2,2,0.568333333333333,0.780950050000683,0.976589855999919,2,3,4
28,4,4,0.518333333333333,0.876821328994993,1.07190402099513,2,3,2
28,4,2,0.546666666666667,0.585629221001,0.756988934997935,2,3,2
28,4,2,0.501666666666667,0.74036648600304,0.87806982100301,2,3,2
28,2,2,0.551666666666667,0.584577624998929,0.763066127998172,2,3,4
28,4,4,0.536666666666667,0.913940755002841,1.08379200000491,2,3,2
28,4,2,0.518333333333333,0.57427384499897,0.71354484299809,2,3,2
28,2,4,0.553333333333333,1.7848699229944,2.7312000699967,2,3,4
28,4,4,0.551666666666667,1.34515483600262,1.54805794900312,2,3,2
28,4,2,0.523333333333333,0.778649706997385,1.07013495899446,2,3,2
28,4,2,0.553333333333333,0.887650153999857,1.11517251499754,2,3,2
28,2,2,0.525,0.530719287002285,0.709692949007149,2,3,4
28,2,2,0.501666666666667,0.573333221997018,0.657384784994065,2,3,4
28,4,2,0.528333333333333,0.539537248994748,0.847046242000943,2,3,2
28,2,2,0.518333333333333,0.625546937997569,1.02155684700119,2,3,4
28,2,2,0.558333333333333,0.501054797998222,0.779738149998593,2,3,4
28,2,2,0.561666666666667,0.500689874999807,0.779246464997414,2,3,4
28,4,2,0.54,0.577687326003797,0.956263375999697,2,3,2
28,2,2,0.578333333333333,0.500746701000025,0.861987488002342,2,3,4
28,4,2,0.59,0.5007496229955,0.747129650997522,2,3,2
28,2,2,0.555,0.594495863995689,0.821195493997948,2,3,4
28,4,2,0.528333333333333,0.68199798999558,1.05176974499773,2,3,2
28,4,2,0.566666666666667,0.582928718002222,1.07365937700524,2,3,2
28,2,2,0.536666666666667,0.723971198000072,1.10206219500105,2,3,4
28,2,2,0.506666666666667,0.591629233000276,0.866761350000161,2,3,4
28,2,2,0.55,0.565040497000155,1.11887074200058,2,3,4
28,4,4,0.543333333333333,0.879154650996497,1.1633780359989,2,3,2
28,4,4,0.538333333333333,0.776578985001834,1.09999202100153,2,3,2
28,4,2,0.543333333333333,0.931513586001529,1.21565146899957,2,3,2
28,4,2,0.545,0.778331089997664,2.09273536800174,2,3,2
28,4,2,0.566666666666667,1.78952614000445,2.06404072000441,2,3,2
28,4,2,0.541666666666667,0.753132215002552,1.00352060599835,2,3,2
28,1,1,0.543333333333333,1.43163143000129,1.68345132100512,2,1,NaN
28,2,2,0.518333333333333,1.16272027500236,1.26948874700611,2,1,NaN
28,3,1,0.525,1.24776881399885,1.417701958002,2,1,NaN
28,3,3,0.521666666666667,1.13389087100222,1.233614347002,2,1,NaN
28,3,1,0.521666666666667,0.740354141998978,0.958993883003131,2,1,NaN
28,3,3,0.516666666666667,1.25366919999942,1.37613422999857,2,1,NaN
28,2,2,0.548333333333333,1.11039387300116,1.24975416200323,2,1,NaN
28,2,2,0.533333333333333,0.636142729999847,0.887244435994944,2,1,NaN
28,1,1,0.546666666666667,0.943738752001082,1.13940035599808,2,1,NaN
28,2,2,0.516666666666667,1.13066112500383,1.3724036670028,2,1,NaN
28,3,3,0.556666666666667,1.13096943600249,1.31095976000506,2,1,NaN
28,4,2,0.521666666666667,1.42175682400557,1.59261319600046,2,1,NaN
28,1,1,0.515,0.772204423003132,0.998885064000206,2,1,NaN
28,2,2,0.641666666666667,1.06037747599476,1.22370212599344,2,1,NaN
28,4,3,0.511666666666667,1.19493578900438,1.29440455700387,2,1,NaN
28,2,2,0.573333333333333,1.11800178600242,1.33041370499996,2,1,NaN
28,3,1,0.521666666666667,1.03980547399988,1.25220367900329,2,1,NaN
28,4,4,0.545,1.14180150699394,1.40014160199644,2,1,NaN
28,1,1,0.585,0.677023187003215,0.895971185003873,2,1,NaN
28,2,2,0.518333333333333,1.03215876199829,1.22661396799958,2,1,NaN
28,4,1,0.501666666666667,1.5026119069953,1.60951988500165,2,1,NaN
28,1,1,0.526666666666667,0.582061615001294,0.713728629998513,2,1,NaN
28,2,2,0.55,1.13693589800096,1.32457344800059,2,1,NaN
28,4,4,0.53,1.38007635300164,1.51889803700033,2,1,NaN
28,3,3,0.55,1.26177072800056,1.50409649100038,2,1,NaN
28,4,4,0.515,2.39309995800431,2.64499435500329,2,1,NaN
28,4,1,0.526666666666667,0.756323395005893,0.95965079600137,2,1,NaN
28,1,1,0.515,0.628406541000004,0.774501895000867,2,1,NaN
28,2,2,0.566666666666667,1.27753264799685,1.54490649399668,2,1,NaN
28,3,3,0.53,1.28705949099822,1.40949751799781,2,1,NaN
28,3,3,0.531666666666667,0.789062449999619,1.08727344399813,2,1,NaN
28,2,2,0.585,1.12121482400107,1.29303621900181,2,1,NaN
28,3,1,0.29,0.836829071005923,1.9439086190032,2,1,NaN
28,1,1,0.566666666666667,1.45313744599844,1.7037393319988,2,1,NaN
28,2,2,0.548333333333333,1.1352455830056,1.33096660000592,2,1,NaN
28,2,2,0.771666666666667,2.45563682799548,5.60989394899661,2,2,3
28,4,4,0.52,2.23451523200492,2.35692961900349,2,2,2
28,4,2,0.595,1.63469459200132,1.76467346699792,2,2,3
28,3,3,0.59,1.33050639100111,1.90140181900642,2,2,2
28,1,1,0.535,1.14919944400026,1.44115845399938,2,2,4
28,4,3,0.538333333333333,1.48260884800402,1.88524284899904,2,2,3
28,2,2,0.536666666666667,1.54194922600436,1.74449784400349,2,2,1
28,3,3,0.528333333333333,0.999368853001215,1.4333193229977,2,2,4
28,4,4,0.558333333333333,2.14889240300545,2.52011211700301,2,2,3
28,4,4,0.551666666666667,1.44611012300447,1.76912884299963,2,2,3
28,1,1,0.53,1.47840466900379,1.92175199800113,2,2,4
28,3,3,0.53,1.37653447900084,1.79570246799994,2,2,4
28,4,1,0.528333333333333,1.98317080000561,2.27348658800474,2,2,1
28,1,1,0.516666666666667,1.38691691200074,1.70868622999842,2,2,3
28,1,1,0.53,1.27793809199648,1.5055230470025,2,2,2
28,2,2,0.53,1.65656866299832,1.8351063959999,2,2,4
28,2,2,0.555,2.40638938899792,2.70472211600281,2,2,4
28,3,3,0.52,1.58369885299908,1.731533158003,2,2,2
28,4,4,0.566666666666667,1.88898540900118,2.06825047700113,2,2,1
28,4,4,0.55,2.26154457099619,2.46345756499795,2,2,3
28,2,2,0.546666666666667,1.65624161899905,1.81109414800449,2,2,3
28,4,3,0.515,1.70244010700117,1.83339007799805,2,2,3
28,2,2,0.548333333333333,1.39635542299948,1.73427568899933,2,2,4
28,2,1,0.506666666666667,2.37316440699942,2.53727469799924,2,2,1
28,3,3,0.558333333333333,1.60605376400054,2.0975544239991,2,2,1
28,1,1,0.54,1.48095568499411,1.93916827099747,2,2,2
28,4,4,0.556666666666667,2.25776037300238,2.74776184700022,2,2,3
28,2,2,0.565,1.51338145200134,1.86021188700397,2,2,3
28,2,2,0.533333333333333,1.58953324399772,2.04964088599809,2,2,3
28,4,3,0.588333333333333,2.73002653100411,3.12504337300197,2,2,3
28,3,3,0.54,2.51508801199816,2.99706513399724,2,2,2
28,3,3,0.58,1.47235881500092,1.83524308800406,2,2,4
28,3,3,0.633333333333333,1.43783256899769,1.93720181699609,2,2,1
28,1,4,0.588333333333333,1.60709354600112,1.9209420469997,2,2,4
28,1,1,0.553333333333333,1.1210437760019,1.58853401200031,2,2,4
29,3,2,0.546666666666667,1.85764650800411,2.8850436280045,2,1,NaN
29,3,3,0.548333333333333,1.98807536600361,2.71834850699815,2,1,NaN
29,2,2,0.761666666666667,1.43667078699946,2.8627616609956,2,1,NaN
29,3,3,0.94,1.34306185399328,2.61008927399962,2,1,NaN
29,4,4,0.56,2.12518114699924,4.01696111499768,2,1,NaN
29,3,3,0.578333333333333,2.09690719500213,5.25172666599974,2,1,NaN
29,2,2,0.82,1.34550937699532,2.92534465599601,2,1,NaN
29,3,3,0.448333333333333,5.09021281400055,5.94948523099447,2,1,NaN
29,3,3,0.95,1.68663762200595,3.73856153600354,2,1,NaN
29,4,2,0.74,1.9421479609955,3.52082104299916,2,1,NaN
29,3,3,0.758333333333333,1.4538739080017,3.48873218200606,2,1,NaN
29,4,4,0.603333333333333,1.87881658999686,3.49747622799623,2,1,NaN
29,4,1,0.555,2.17594324100355,3.56357576700248,2,1,NaN
29,2,3,0.601666666666667,2.3264047890043,3.28126917799818,2,1,NaN
29,4,3,0.583333333333333,1.83150498900068,2.53835324399552,2,1,NaN
29,1,3,0.635,2.61560082999495,3.34598564199405,2,1,NaN
29,1,2,0.653333333333333,2.19856411500223,2.86528391900356,2,1,NaN
29,1,1,0.545,1.92934528499609,2.76386686799378,2,1,NaN
29,4,4,0.696666666666667,1.56860034099373,2.87501486899419,2,1,NaN
29,4,4,0.615,2.67553075199976,3.75085808800213,2,1,NaN
29,1,2,0.501666666666667,4.8180511449973,5.3719013230002,2,1,NaN
29,1,1,0.586666666666667,1.63009012000111,2.42471473600017,2,1,NaN
29,1,1,0.598333333333333,2.06651830200281,2.93272176699975,2,1,NaN
29,2,2,0.655,1.79495972600125,2.55703362000349,2,1,NaN
29,2,2,0.731666666666667,2.06656569400366,3.60495832100423,2,1,NaN
29,4,4,0.54,2.58371486199758,4.56953127199813,2,1,NaN
29,1,3,0.665,3.15688970000338,4.91056220800237,2,1,NaN
29,1,1,0.501666666666667,2.67538394599978,3.63882951899723,2,1,NaN
29,3,3,0.963333333333333,1.52638541399938,3.18548998799815,2,1,NaN
29,3,3,0.911666666666667,1.61257823099731,2.95260248699924,2,1,NaN
29,2,2,0.748333333333333,1.57993109000381,2.6145603630066,2,1,NaN
29,3,3,0.86,1.46506210199732,2.4115884769999,2,1,NaN
29,3,3,0.88,1.27841192400228,2.84946656700049,2,1,NaN
29,4,4,0.895,1.34619461299735,3.26956837699981,2,1,NaN
29,4,2,0.935,2.13306303600257,3.16676925700449,2,1,NaN
29,1,1,0.506666666666667,1.66638729200349,2.72463240200159,2,2,3
29,3,3,0.823333333333333,1.8191839239953,2.92709403299523,2,2,2
29,2,2,0.581666666666667,1.64355703400361,2.33340406700154,2,2,3
29,3,3,0.861666666666667,1.57196742600354,2.4942247900035,2,2,4
29,4,4,0.838333333333333,1.51050397300423,2.91364291200443,2,2,2
29,3,3,0.855,1.17536647099769,1.95458827899711,2,2,1
29,4,4,0.55,2.70346926100319,3.82604480000009,2,2,3
29,3,3,0.643333333333333,1.88383885299845,2.80625325599976,2,2,1
29,4,4,0.655,1.82518805299333,2.44367835099547,2,2,3
29,2,2,0.803333333333333,1.42903830499563,2.84853908499645,2,2,4
29,1,3,0,1.49689064000268,4.60302003999823,2,2,2
29,2,2,0.783333333333333,1.18877025999973,2.09596150699508,2,2,3
29,1,1,0.69,1.52699382900028,2.64144045799912,2,2,3
29,3,3,0.763333333333333,1.15560829899914,1.97458862599888,2,2,1
29,4,4,0.856666666666667,1.37110208399827,2.08631241299736,2,2,2
29,2,2,0.911666666666667,1.15039006299776,2.48208738600079,2,2,4
29,3,3,0.845,2.2091067010042,3.12381441199977,2,2,4
29,1,1,0.801666666666667,2.96993001199735,3.98881879499822,2,2,2
29,1,1,0.825,1.39064136299567,2.32970871099678,2,2,2
29,3,3,0.796666666666667,1.78394293900055,2.54740492499695,2,2,4
29,2,1,0.00666666666666667,1.11189661699609,3.03584988299554,2,2,4
29,3,3,0.791666666666667,1.39545881999948,2.06216333799966,2,2,4
29,2,2,0.865,2.00752939400263,2.70724381799664,2,2,1
29,3,3,0.881666666666667,1.55336139399878,2.20468763299868,2,2,1
29,3,3,0.796666666666667,1.27964989400061,2.05089132599824,2,2,1
29,4,4,0.533333333333333,5.0278299040001,9.47873813900515,2,2,3
29,3,3,0.781666666666667,1.78371625699947,2.53136517600069,2,2,4
29,3,3,0.876666666666667,1.46440442399762,2.89110408399574,2,2,4
29,1,2,0.803333333333333,4.31418756699713,5.48460468999838,2,2,2
29,4,1,0.596666666666667,3.44203253700107,4.23701504600467,2,2,1
29,1,3,0.536666666666667,1.75663169399922,2.95184663800319,2,2,3
29,4,4,0.713333333333333,1.4681908019993,4.13536684399878,2,2,1
29,2,2,0.66,1.72286725399317,2.60711118299514,2,2,4
29,4,4,0.618333333333333,2.10484244400141,5.12299604200234,2,2,3
29,2,1,0.513333333333333,10.0313647799994,11.6185946090045,2,2,1
29,4,4,0.756666666666667,2.41783588800172,7.43744882699684,2,3,2
29,4,2,0.806666666666667,2.77754376499797,3.92529904499679,2,3,2
29,4,4,0.948333333333333,1.68120915399777,2.71672679599578,2,3,2
29,4,4,0.948333333333333,1.16166249299567,2.50035193499934,2,3,2
29,2,2,0.865,1.30735870200442,2.27831460600282,2,3,4
29,4,4,0.75,1.52667207200284,3.12859481399937,2,3,2
29,2,2,0.795,1.19777379299921,2.57640469799662,2,3,4
29,2,2,0.928333333333333,1.5491080569991,2.44840192300035,2,3,4
29,4,4,0.753333333333333,1.2496957129988,2.06940713299991,2,3,2
29,2,2,0.851666666666667,1.02924258600251,2.86375546600175,2,3,4
29,2,2,0.803333333333333,1.08024480199674,2.0922292910036,2,3,4
29,4,4,0.835,1.13029431999894,2.01328269900114,2,3,2
29,2,2,0.783333333333333,1.18494973400084,2.21144690000074,2,3,4
29,4,4,0.776666666666667,1.34136685299745,2.4489105649991,2,3,2
29,4,4,0.763333333333333,0.961199171004409,1.82878951100429,2,3,2
29,2,2,0.85,1.31032150900137,2.45027001799463,2,3,4
29,2,2,0.855,1.07464528599667,2.25287622899486,2,3,4
29,2,2,0.708333333333333,1.85486083599972,2.9379369179951,2,3,4
29,2,2,0.766666666666667,1.31063238900242,2.52091317300074,2,3,4
29,4,4,0.923333333333333,1.18424586300534,2.48274748100084,2,3,2
29,4,4,0.746666666666667,1.33100053999806,2.78130390799924,2,3,2
29,2,2,0.768333333333333,1.20795047100546,2.41237741900113,2,3,4
29,2,2,0.926666666666667,1.05365523799992,3.11340978500084,2,3,4
29,2,2,0.733333333333333,1.34993350600416,2.55411745799938,2,3,4
29,4,4,0.925,1.30268392599828,3.76839329799986,2,3,2
29,2,2,0.911666666666667,1.1884611610003,2.60783979400003,2,3,4
29,2,2,0.675,2.03397086800396,3.44443315300305,2,3,4
29,2,2,0.676666666666667,0.973601917001361,1.9998289560026,2,3,4
29,4,4,0.943333333333333,1.28419863499585,2.936425726999,2,3,2
29,2,2,0.765,1.17196864500147,2.27971823199914,2,3,4
29,4,4,0.943333333333333,1.24638859300467,2.85732302300312,2,3,2
29,4,4,0.928333333333333,1.13797732800595,2.07704156800173,2,3,2
29,4,4,0.903333333333333,1.46098691700172,2.45554478600388,2,3,2
29,2,2,0.871666666666667,1.09701248999772,2.35565817700262,2,3,4
29,2,2,0.868333333333333,1.56927104100032,2.85186657799932,2,3,4
29,3,3,0.85,1.33479722600168,2.55458859100327,2,3,4
29,4,4,0.83,1.19012141600251,2.50560278000194,2,3,3
29,3,2,0.778333333333333,0.968166040998767,2.04448691699508,2,3,4
29,3,2,0.00166666666666667,1.22926373800146,3.67927195700031,2,3,4
29,4,3,0.02,1.566419185001,5.32086970700038,2,3,3
29,3,3,0.796666666666667,1.85263688900159,3.52673688100185,2,3,4
29,4,4,0.815,1.44505459599895,3.29561344900139,2,3,3
29,4,4,0.706666666666667,1.49348099000053,2.81664960600028,2,3,3
29,3,2,0.01,1.27445837299456,5.57417872599763,2,3,4
29,3,3,0.761666666666667,2.06237543200405,3.55459015700035,2,3,4
29,3,3,0.845,1.18914969799516,1.96789024600002,2,3,4
29,4,4,0.633333333333333,1.48510264600191,2.63277268200181,2,3,3
29,4,4,0.735,1.38597834699613,9.44408277399634,2,3,3
29,3,3,0.846666666666667,1.66343504199904,3.16956900199875,2,3,4
29,3,3,0.8,1.46184720799647,2.04855567599589,2,3,4
29,3,3,0.761666666666667,1.32235837700136,1.98941457999899,2,3,4
29,3,3,0.791666666666667,1.63363198500156,2.18086606900033,2,3,4
29,3,3,0.795,1.16863222599932,2.41093549600191,2,3,4
29,3,3,0.795,0.965424932997848,1.93644066999695,2,3,4
29,3,3,0.791666666666667,0.703267302997119,1.90570726599981,2,3,4
29,3,3,0.783333333333333,1.01799142699747,2.02882992700324,2,3,4
29,4,4,0.84,0.991250015998958,1.914324313002,2,3,3
29,4,4,0.82,1.43255017099727,2.66006998800003,2,3,3
29,3,4,0.793333333333333,1.50827750999451,2.46303727699706,2,3,4
29,3,3,0.801666666666667,1.39900532599859,2.09859789399343,2,3,4
29,4,4,0.851666666666667,1.11345480599994,2.11759454499406,2,3,3
29,4,3,0.778333333333333,1.17974951100041,1.83008028900076,2,3,3
29,4,4,0.793333333333333,1.14494503600145,1.86067800299497,2,3,3
29,3,3,0.796666666666667,1.6209198669967,2.44760288699763,2,3,4
29,3,3,0.79,0.857087171003514,1.63630849100446,2,3,4
29,4,4,0.815,1.13426667699969,2.1212256850049,2,3,3
29,4,4,0.815,1.20044039400091,2.0426392310037,2,3,3
29,3,3,0.79,1.20547481600079,2.19279694500437,2,3,4
29,3,3,0.793333333333333,1.364852409999,2.47995575900131,2,3,4
29,3,3,0.778333333333333,1.06294111099851,1.89901980300056,2,3,4
29,1,3,0.636666666666667,1.83287990000099,2.4525661689986,2,1,NaN
29,4,4,0.748333333333333,1.08451649500057,2.1190005899989,2,1,NaN
29,1,3,0.751666666666667,2.36534680900513,3.48885263600096,2,1,NaN
29,2,2,0.766666666666667,1.33608516000095,2.31424092000088,2,1,NaN
29,4,4,0.77,1.36048601400398,2.39540487600607,2,1,NaN
29,2,2,0.78,1.59082156399381,2.31382585499523,2,1,NaN
29,2,4,0.64,2.19269539599918,3.29247004100034,2,1,NaN
29,2,2,0.775,1.20237839600304,1.80620537900541,2,1,NaN
29,4,4,0.761666666666667,1.12068897199788,1.82099720399856,2,1,NaN
29,2,2,0.616666666666667,2.55929828499939,3.4669070969976,2,1,NaN
29,4,4,0.601666666666667,1.16146209900035,1.99655518699728,2,1,NaN
29,3,3,0.626666666666667,2.49553235799976,4.17169969099632,2,1,NaN
29,4,4,0.596666666666667,1.34159388699481,2.40118316999724,2,1,NaN
29,3,3,0.683333333333333,1.44315595700027,2.1351037630011,2,1,NaN
29,3,2,0.666666666666667,1.79697334299999,2.34366240500094,2,1,NaN
29,2,2,0.668333333333333,1.10037542799546,1.90475907200016,2,1,NaN
29,3,3,0.79,1.36722757000098,2.64959167900088,2,1,NaN
29,3,3,0.766666666666667,1.15536245099793,2.47717834299692,2,1,NaN
29,4,4,0.758333333333333,1.87796169800276,2.86510238100163,2,1,NaN
29,1,1,0.64,1.81648862799921,2.56403059799777,2,1,NaN
29,4,2,0.501666666666667,1.96008379799605,3.03540002199588,2,1,NaN
29,4,1,0.136666666666667,2.45189424500131,3.67033304300276,2,1,NaN
29,3,3,0.801666666666667,1.2697228879988,2.21631238999544,2,1,NaN
29,3,3,0.823333333333333,1.12334872000065,2.54991470900131,2,1,NaN
29,1,1,0.708333333333333,1.29902722399856,2.1664542849976,2,1,NaN
29,1,1,0.593333333333333,1.5861109030011,2.43643275900104,2,1,NaN
29,3,3,0.708333333333333,1.49442520999582,2.93801772999723,2,1,NaN
29,3,3,0.721666666666667,1.25485914799356,2.08191874499607,2,1,NaN
29,4,4,0.818333333333333,1.24216318800609,2.06051601900253,2,1,NaN
29,1,2,0.458333333333333,2.0942561289994,3.00011926799925,2,1,NaN
29,3,3,0.738333333333333,1.89823255100055,2.86954659500043,2,1,NaN
29,4,4,0.69,1.24540145599894,2.02378070100531,2,1,NaN
29,1,1,0.835,1.8755794710014,3.8865980000046,2,1,NaN
29,2,3,0.655,1.91632751799625,2.60678089599969,2,1,NaN
29,4,4,0.706666666666667,1.35428526100441,2.76628703100141,2,1,NaN
29,2,2,0.503333333333333,1.81538751200424,2.61037566500454,2,2,4
29,1,2,0.501666666666667,6.10078950400202,6.95268263199978,2,2,2
29,2,2,0.871666666666667,1.3920805700036,2.61038171400287,2,2,4
29,2,2,0.783333333333333,1.43727316900186,2.8793596070027,2,2,3
29,4,4,0.868333333333333,1.87126767700101,3.26578393600357,2,2,1
29,4,4,0.865,1.00940301800438,2.33294892100093,2,2,3
29,1,1,0.773333333333333,1.49874925999757,3.3342985729978,2,2,2
29,3,3,0.6,1.78635248800128,2.53362661899882,2,2,1
29,1,4,0.523333333333333,2.82653463699535,3.93293280799844,2,2,4
29,3,3,0.703333333333333,2.16153188200406,3.50902969100571,2,2,2
29,2,2,0.73,4.18719732099999,5.88602213699778,2,2,4
29,3,3,0.673333333333333,1.73001199399732,2.78912882299483,2,2,2
29,3,3,0.686666666666667,1.01601264199417,1.60418677199777,2,2,4
29,4,4,0.736666666666667,0.990602615995158,1.6336794059971,2,2,2
29,1,1,0.731666666666667,1.46035213400319,2.11984138700063,2,2,4
29,4,4,0.798333333333333,1.20599264300108,2.23389656200015,2,2,1
29,1,1,0.728333333333333,1.69933685500291,2.96608541200112,2,2,3
29,1,1,0.501666666666667,3.34639688400057,3.94885177799733,2,2,4
29,3,3,0.715,1.60859211900242,2.72332485100196,2,2,4
29,2,3,0.68,2.35374862699973,3.09193016399513,2,2,3
29,2,2,0.775,1.25961506800377,3.84678039400023,2,2,1
29,3,3,0.613333333333333,1.57434254799591,2.37692091999634,2,2,1
29,1,1,0.52,1.70860489299957,2.30317465699773,2,2,2
29,3,3,0.553333333333333,1.84756757399737,2.50535400399531,2,2,4
29,1,1,0.535,1.38532075200055,2.16505206299917,2,2,3
29,4,2,0.618333333333333,3.94480296500114,4.83526187099778,2,2,2
29,4,4,0.535,1.33891473100084,2.07889677600178,2,2,3
29,2,2,0.606666666666667,1.15022478400351,1.72923133800214,2,2,3
29,4,4,0.521666666666667,1.16732264500024,1.92254121300357,2,2,2
29,3,3,0.681666666666667,1.68963866500417,2.77155777100415,2,2,4
29,4,4,0.603333333333333,4.68835849600146,5.60428358500212,2,2,1
29,2,2,0.796666666666667,1.23556434800412,2.43713292500615,2,2,3
29,4,4,0.746666666666667,1.68780924100429,2.85087876800389,2,2,1
29,4,4,0.763333333333333,1.35546130799776,2.23065093399782,2,2,1
29,2,2,0.753333333333333,1.32057465200342,2.89086490000045,2,2,3
29,3,3,0.85,1.63996748199861,4.01865862200066,2,1,NaN
29,3,3,0.746666666666667,1.16390374700131,2.28683513499709,2,1,NaN
29,2,2,0.671666666666667,1.33474493100221,2.03263857999991,2,1,NaN
29,3,3,0.761666666666667,1.64330957800121,2.91943284800072,2,1,NaN
29,1,1,0.675,1.21236761099863,2.38413235299959,2,1,NaN
29,2,2,0.843333333333333,1.25163748499472,2.29533469300077,2,1,NaN
29,3,3,0.806666666666667,1.45366863800155,2.13734852200287,2,1,NaN
29,3,3,0.811666666666667,1.23090429899457,1.87303375099873,2,1,NaN
29,1,4,0.741666666666667,1.4026292569979,2.70963282099547,2,1,NaN
29,4,4,0.738333333333333,1.18860960799793,2.40000816099928,2,1,NaN
29,4,4,0.778333333333333,1.05011414199544,1.7640750999999,2,1,NaN
29,1,1,0.578333333333333,1.21025336800085,2.14852129700012,2,1,NaN
29,1,2,0.531666666666667,2.29855293999572,3.1424093109963,2,1,NaN
29,1,2,0.518333333333333,1.53846878700278,2.4930891680051,2,1,NaN
29,2,2,0.68,1.34899570800189,2.46328605800227,2,1,NaN
29,4,4,0.518333333333333,1.36856639399775,2.3710378600008,2,1,NaN
29,2,2,0.821666666666667,1.13594562099752,2.64397859499877,2,1,NaN
29,2,2,0.751666666666667,1.21189360399876,2.2622872360007,2,1,NaN
29,4,4,0.716666666666667,1.39949484599492,2.2031110819953,2,1,NaN
29,3,3,0.788333333333333,1.84546895200037,2.84927430800599,2,1,NaN
29,3,3,0.8,0.952140043002146,1.7073153809979,2,1,NaN
29,4,3,0.793333333333333,0.987544495001202,2.02278368899715,2,1,NaN
29,4,4,0.75,1.2969153649974,2.67718980499922,2,1,NaN
29,2,2,0.798333333333333,1.21056835100171,2.07857409800636,2,1,NaN
29,3,3,0.838333333333333,1.74183710999932,2.48001448199648,2,1,NaN
29,4,4,0.803333333333333,1.32796506000159,1.97087241199915,2,1,NaN
29,4,4,0.791666666666667,1.11196346399811,2.04354259800311,2,1,NaN
29,4,4,0.721666666666667,1.70844641199801,2.5989705289976,2,1,NaN
29,2,2,0.658333333333333,1.86673646100098,2.54111297200143,2,1,NaN
29,3,3,0.89,1.40301154899498,2.6785831140005,2,1,NaN
29,1,1,0.591666666666667,0.917851302001509,1.83236655200017,2,1,NaN
29,1,1,0.648333333333333,1.28294416899735,1.95735237200279,2,1,NaN
29,3,2,0.501666666666667,2.71542180099641,4.3182951810013,2,1,NaN
29,1,1,0.605,1.49061655299738,9.92508374499448,2,1,NaN
29,4,4,0.663333333333333,1.42755051799759,1.99973158899957,2,1,NaN
29,1,1,0.551666666666667,1.50358724699618,2.50625139600015,2,3,3
29,3,3,0.61,2.09741230700456,2.75586412000121,2,3,1
29,1,3,0.678333333333333,1.12923965100345,2.14038532700215,2,3,3
29,3,3,0.846666666666667,0.85813191300258,1.72410525900341,2,3,1
29,1,1,0.658333333333333,1.35610847699718,2.32681442800094,2,3,3
29,3,3,0.756666666666667,1.2047803700043,2.23907623199921,2,3,1
29,3,3,0.76,1.02628125400224,2.12479949899716,2,3,1
29,3,3,0.761666666666667,0.77191172199673,1.64686462499958,2,3,1
29,3,3,0.745,0.984522712002217,1.89947049799957,2,3,1
29,1,1,0.83,1.23544634700374,2.31814145600219,2,3,3
29,3,3,0.713333333333333,1.53235031800432,2.29479984899808,2,3,1
29,3,3,0.805,0.871222434994706,1.84928275499988,2,3,1
29,1,1,0.716666666666667,1.09180902300432,1.92726153699914,2,3,3
29,1,1,0.711666666666667,0.748617901997932,1.58340382700408,2,3,3
29,1,1,0.628333333333333,1.1085492830025,1.72813202300313,2,3,3
29,1,1,0.721666666666667,0.965752990996407,1.83292523300042,2,3,3
29,3,3,0.843333333333333,1.5552501150014,2.39112858300359,2,3,1
29,1,1,0.706666666666667,0.826478914998006,1.54074422900158,2,3,3
29,1,1,0.666666666666667,0.772291110995866,1.3599432139963,2,3,3
29,1,1,0.688333333333333,0.740516176003439,1.50250811600563,2,3,3
29,3,3,0.81,1.26392670600035,1.96333541600325,2,3,1
29,1,1,0.86,1.04727256300248,2.13759794900398,2,3,3
29,1,1,0.898333333333333,0.793014559996664,1.88355424399924,2,3,3
29,3,3,0.755,1.41192754499934,2.42329852500552,2,3,1
29,3,3,0.815,1.0332006940007,1.81153020400234,2,3,1
29,3,3,0.886666666666667,0.791850616995362,1.59544411399838,2,3,1
29,3,3,0.876666666666667,1.00624694600265,1.9527137230034,2,3,1
29,1,1,0.695,1.01512410199939,1.78637493599672,2,3,3
29,1,1,0.716666666666667,0.742496398997901,1.33778089199768,2,3,3
29,3,3,0.811666666666667,1.28889437599719,2.20364196800074,2,3,1
29,1,1,0.7,1.06302872100059,1.92888890500035,2,3,3
29,1,1,0.708333333333333,0.768122724999557,1.67541783100023,2,3,3
29,1,1,0.683333333333333,0.724645943002542,1.44000434999907,2,3,3
29,3,3,0.805,0.930194737004058,1.68595218900009,2,3,1
29,1,3,0.773333333333333,1.52579916399554,2.16905136599962,2,3,3
29,2,2,0.805,3.38712143399607,4.60677029199724,2,2,1
29,3,3,0.576666666666667,3.31814106600359,4.19205689200317,2,2,4
29,1,1,0.831666666666667,1.82707209699583,3.41289979899739,2,2,3
29,1,1,0.811666666666667,1.19895133200043,2.41029741000239,2,2,4
29,1,1,0.726666666666667,1.58917478100193,2.51246632700349,2,2,4
29,4,3,0.643333333333333,2.98212928199791,3.72232374799933,2,2,3
29,4,4,0.811666666666667,1.44675484999607,3.04182677599601,2,2,1
29,2,3,0.506666666666667,3.93799418199342,5.50117612699978,2,2,3
29,4,4,0.763333333333333,1.40070489799837,2.70756490799977,2,2,3
29,1,1,0.511666666666667,2.29067957599909,3.57415800500166,2,2,2
29,1,1,0.53,1.54552754399629,2.69997026799683,2,2,2
29,1,1,0.548333333333333,2.01760572700005,3.31014053899708,2,2,4
29,2,2,0.6,2.53051283500099,4.29353467900364,2,2,3
29,1,1,0.64,1.85154481499922,3.30285751300107,2,2,2
29,1,1,0.613333333333333,1.6604749620019,2.39145463299792,2,2,2
29,2,2,0.668333333333333,1.36264784900413,2.34126441500121,2,2,3
29,3,3,0.791666666666667,1.78679890800413,2.79052783799852,2,2,1
29,1,2,0.621666666666667,2.88165772100183,4.13193368099746,2,2,2
29,2,2,0.551666666666667,1.44047956699796,2.41848578499776,2,2,3
29,4,4,0.618333333333333,1.46109748000163,2.27955726900109,2,2,1
29,1,1,0.76,1.40825594899798,2.73111987399898,2,2,2
29,1,1,0.758333333333333,1.17683902099816,2.57972215599875,2,2,4
29,1,1,0.761666666666667,1.78325677100656,3.37770580800134,2,2,2
29,3,3,0.785,1.50827943300101,3.34419473400339,2,2,4
29,2,2,0.755,1.21990070799802,2.23862166299659,2,2,4
29,4,4,0.53,5.5050824860009,6.62861494699609,2,2,1
29,3,3,0.678333333333333,1.64096386400342,3.04301515899715,2,2,1
29,3,3,0.728333333333333,1.2845412270035,2.01625787000376,2,2,1
29,2,2,0.805,1.65884078999807,2.48614589899807,2,2,1
29,1,1,0.543333333333333,3.88566837600229,5.53587379799865,2,2,2
29,1,1,0.521666666666667,1.44242875399505,2.09455015799904,2,2,3
29,3,3,0.625,1.31644358899939,2.08813442699466,2,2,4
29,4,4,0.56,1.41515512399928,2.10638179899979,2,2,1
29,3,3,0.633333333333333,1.56146230800368,2.24355333100539,2,2,4
29,1,1,0.553333333333333,1.30179492200114,1.92884428600519,2,2,3
29,4,4,0.53,2.59064215699618,3.61005086599471,2,2,1
29,1,2,0.501666666666667,4.21190773800481,4.75912704200164,2,2,2
29,4,4,0.501666666666667,2.71286440700351,3.48338272700494,2,2,2
29,1,1,0.548333333333333,1.71474710199982,2.38167144400359,2,2,2
29,4,4,0.643333333333333,1.11349951199372,1.80436149199522,2,2,3
29,3,3,0.648333333333333,3.19184241100447,4.15588061500603,2,2,1
29,4,2,0.623333333333333,2.5823936529996,3.28040217799571,2,2,2
29,3,3,0.596666666666667,2.04003007899883,2.73998794599902,2,2,1
29,3,3,0.751666666666667,1.56844178699976,2.62843676299963,2,2,1
29,3,3,0.748333333333333,1.69268689900491,2.639263846002,2,2,2
29,1,1,0.698333333333333,1.99302657000226,2.62145907400554,2,2,3
29,4,4,0.71,2.10310103699885,2.8173531900029,2,2,1
29,4,4,0.693333333333333,1.81960369399894,2.4067121420012,2,2,2
29,2,2,0.655,2.51344154200342,4.97252106799715,2,2,1
29,4,2,0.601666666666667,3.56658188800066,4.37010579700291,2,2,2
29,4,4,0.518333333333333,4.01964510900143,4.67837557200255,2,2,1
29,4,4,0.77,1.16420851099974,3.11900774300011,2,2,2
29,2,2,0.716666666666667,1.76507100299932,2.79194671500591,2,2,3
29,1,1,0.628333333333333,1.64358051199815,2.4542317680025,2,2,2
29,2,2,0.591666666666667,1.71127457999683,2.91402697299782,2,2,3
29,2,2,0.566666666666667,1.76007605400082,2.58660314800363,2,2,1
29,4,4,0.661666666666667,1.11881813000218,1.75332429599803,2,2,3
29,1,1,0.521666666666667,1.3761499750035,2.32260495299852,2,2,4
29,4,4,0.58,1.73718562299473,2.49201308699412,2,2,3
29,2,2,0.613333333333333,1.89969303099497,2.90351444100088,2,2,1
29,3,3,0.621666666666667,1.51789134099818,2.23987318699801,2,2,1
29,3,3,0.603333333333333,1.32227593100106,1.88491666000482,2,2,1
29,4,2,0.633333333333333,4.40593271000398,5.08095149599831,2,2,2
29,4,4,0.616666666666667,1.48543068699655,2.12896804799675,2,2,3
29,2,2,0.635,1.18303449200175,1.88161938900157,2,2,3
29,1,1,0.513333333333333,2.20156606700039,2.8845234870023,2,2,4
29,1,1,0.616666666666667,1.29201049399853,1.91160212200339,2,2,3
29,2,2,0.62,1.28607284600002,1.80233104900253,2,2,3
29,1,1,0.723333333333333,1.33320643200568,2.1356319720071,2,2,2
29,3,3,0.531666666666667,2.59793996100052,3.56984310899861,2,2,1
29,2,2,0.598333333333333,1.48937619399658,2.05182627499744,2,3,3
29,3,3,0.796666666666667,1.1096816230056,2.00940089700453,2,3,2
29,3,3,0.791666666666667,0.812766095004918,1.4946303780016,2,3,2
29,3,3,0.851666666666667,0.77539894599613,1.48200746799557,2,3,2
29,3,3,0.846666666666667,0.546875227002602,1.34277429599751,2,3,2
29,3,3,0.86,0.50073963199975,1.19011846500507,2,3,2
29,2,2,0.823333333333333,0.90822488500271,1.5760151200011,2,3,3
29,3,3,0.836666666666667,1.07523762599885,1.82239635899896,2,3,2
29,3,3,0.82,0.89755492599943,1.72376049299783,2,3,2
29,3,3,0.873333333333333,0.611448812996969,1.36585313399701,2,3,2
29,3,3,0.855,0.515721600000688,1.37411254800099,2,3,2
29,2,2,0.845,0.500848105999466,1.19890271500481,2,3,3
29,3,3,0.918333333333333,0.523682996004936,1.23091082199971,2,3,2
29,3,3,0.875,3.042016211999,4.09413477699854,2,3,2
29,3,3,0.853333333333333,1.15454646800208,2.05313641900284,2,3,2
29,3,3,0.875,0.647187817005033,1.58591060199979,2,3,2
29,3,3,0.855,0.500858234001498,1.13712628299982,2,3,2
29,3,3,0.868333333333333,0.484207155001059,1.62617774200044,2,3,2
29,2,2,0.885,0.861726961004024,1.89753118999943,2,3,3
29,2,2,0.86,0.632390392995148,1.64436996299628,2,3,3
29,3,3,0.848333333333333,0.717042572003265,1.54419235700334,2,3,2
29,2,2,0.833333333333333,0.484027259000868,1.23207437800011,2,3,3
29,3,3,0.726666666666667,0.500741257994378,2.11872779199621,2,3,2
29,2,2,0.856666666666667,0.637329547003901,1.44883408200258,2,3,3
29,2,2,0.933333333333333,0.666586484003346,1.4524801860025,2,3,3
29,3,3,0.826666666666667,0.855153926997446,1.4828813379936,2,3,2
29,3,3,0.923333333333333,0.913555640996492,1.52573221200146,2,3,2
29,2,2,0.656666666666667,1.42058577600255,2.07154020600137,2,3,3
29,2,3,0.556666666666667,1.759825713998,2.35554484900058,2,3,3
29,2,2,0.818333333333333,0.807871794000675,1.37793872800103,2,3,3
29,3,3,0.89,0.500813061000372,1.24198464000074,2,3,2
29,2,2,0.848333333333333,0.500875494995853,1.18526411600033,2,3,3
29,3,2,0.0266666666666667,0.50080909999815,2.16181523600244,2,3,2
29,3,3,0.86,1.54155440799514,2.33696480199433,2,3,2
29,2,2,0.513333333333333,2.71867845199449,3.76085447399964,2,3,3
29,3,3,0.786666666666667,0.91584289399907,1.53458098400006,2,1,NaN
29,3,3,0.831666666666667,0.877587827002571,1.49675750100141,2,1,NaN
29,2,2,0.803333333333333,1.04842068600556,1.61174716600362,2,1,NaN
29,3,3,0.725,1.26250562100176,1.97882254599972,2,1,NaN
29,1,3,0.618333333333333,1.81435276699631,2.64094495699828,2,1,NaN
29,1,2,0.588333333333333,0.866575961001217,1.60586221500125,2,1,NaN
29,3,3,0.501666666666667,3.94565874699765,4.41987248699297,2,1,NaN
29,4,4,0.701666666666667,1.24438831600128,3.18333756400534,2,1,NaN
29,2,2,0.795,1.12268531500013,2.55854828699376,2,1,NaN
29,4,4,0.748333333333333,1.61725724300049,2.71734353600186,2,1,NaN
29,4,3,0.445,4.52279045899922,5.53348608699889,2,1,NaN
29,2,3,0.535,1.19987390499591,2.41063759399549,2,1,NaN
29,3,3,0.553333333333333,1.06139512099617,2.19961848899402,2,1,NaN
29,4,4,0.67,1.73124487500172,2.29357910499675,2,1,NaN
29,2,2,0.793333333333333,1.13332478999655,1.77668200599874,2,1,NaN
29,2,2,0.756666666666667,1.1649709120029,2.03140736299974,2,1,NaN
29,2,2,0.725,0.898517059998994,1.80461853199813,2,1,NaN
29,1,4,0.543333333333333,3.53657474800275,4.12416321400087,2,1,NaN
29,1,1,0.613333333333333,1.28057712600275,2.05055566000374,2,1,NaN
29,1,1,0.575,1.34870146299363,1.92066278699349,2,1,NaN
29,1,1,0.551666666666667,1.0229712529981,1.92973263400199,2,1,NaN
29,2,2,0.833333333333333,1.19237747699663,2.22776511499978,2,1,NaN
29,2,2,0.878333333333333,2.00515381400328,3.23248304300068,2,1,NaN
29,3,3,0.648333333333333,1.816605729,2.52230177100137,2,1,NaN
29,4,4,0.791666666666667,1.28981825200026,2.37201855199964,2,1,NaN
29,3,3,0.685,2.19312008900306,2.95647514600569,2,1,NaN
29,1,3,0.61,1.56895068800077,2.06774092599517,2,1,NaN
29,1,4,0.66,1.68439237200073,2.16009846600355,2,1,NaN
29,3,3,0.665,1.47618489999877,2.39935811200121,2,1,NaN
29,1,3,0.636666666666667,1.1621257010047,1.68606488300429,2,1,NaN
29,2,3,0.588333333333333,1.16529812099907,1.66575375699904,2,1,NaN
29,4,3,0.681666666666667,1.44206633500289,1.84472343599919,2,1,NaN
29,2,2,0.631666666666667,1.32633852399886,1.71337329700327,2,1,NaN
29,2,2,0.541666666666667,1.21660302199598,1.54889427599846,2,1,NaN
29,3,3,0.873333333333333,1.96190465100517,3.0050358840017,2,1,NaN
29,1,4,0.501666666666667,3.75140274399746,4.86583980499563,2,2,4
29,3,3,0.59,2.96746684100071,4.00272158999724,2,2,1
29,4,4,0.66,1.3879804810058,2.2389209430039,2,2,1
29,4,4,0.678333333333333,1.54393685399555,3.05883391099633,2,2,3
29,3,3,0.766666666666667,2.01997837800445,2.83837291900272,2,2,1
29,3,3,0.761666666666667,0.999922641996818,1.93152051799552,2,2,2
29,1,2,0.748333333333333,1.457599596004,2.47709112900338,2,2,2
29,3,3,0.775,1.28368984300323,2.15083096799935,2,2,1
29,1,1,0.765,1.44334346600226,2.30368853500113,2,2,3
29,1,1,0.771666666666667,2.6849338510001,3.50472675299534,2,2,2
29,1,3,0.663333333333333,2.61379742099962,3.48908707599912,2,2,3
29,1,1,0.578333333333333,1.18342598099844,1.8032517410029,2,2,4
29,4,4,0.57,1.16621253499761,1.98516401099914,2,2,2
29,1,1,0.631666666666667,1.79751145000046,2.59316544199828,2,2,4
29,3,3,0.753333333333333,1.45943582699692,2.84572344899789,2,2,4
29,2,2,0.568333333333333,2.63085853799566,3.21826635400066,2,2,4
29,2,2,0.631666666666667,1.21173659899796,1.79764221699588,2,2,4
29,4,4,0.713333333333333,1.78688233900175,2.46255993600062,2,2,3
29,3,3,0.736666666666667,1.18196552400332,1.71253592299763,2,2,4
29,2,2,0.693333333333333,1.53603650700097,1.98002039299899,2,2,4
29,4,4,0.811666666666667,1.79930297099781,2.25834564799879,2,2,1
29,3,1,0.501666666666667,3.12319163499342,3.6385988349939,2,2,1
29,4,2,0.595,2.72661575300299,3.22538033599994,2,2,2
29,2,2,0.69,1.53094868199696,2.19707393999852,2,2,1
29,3,3,0.633333333333333,2.10506205799902,2.72459674800484,2,2,2
29,1,2,0.71,1.65034931400442,2.26025584000308,2,2,2
29,4,4,0.68,1.37377171999833,1.912455493999,2,2,2
29,2,2,0.783333333333333,1.25526005100255,2.03412327600381,2,2,4
29,2,2,0.618333333333333,2.01207090000389,2.47142966400133,2,2,4
29,4,4,0.73,1.85504569000477,2.19318114300404,2,2,2
29,1,1,0.67,1.54960389299958,2.05666534299962,2,2,4
29,4,4,0.681666666666667,1.02611109799909,1.74807213000167,2,2,1
29,4,3,0.601666666666667,2.25869414299814,2.90991210300126,2,2,3
29,4,4,0.698333333333333,1.15639104699949,1.89462659099809,2,2,1
29,4,4,0.626666666666667,1.14982746600435,1.60106199500296,2,2,2
29,2,2,0.788333333333333,1.35400366300019,1.98073018500145,2,1,NaN
29,1,2,0.65,0.960902437000186,1.61279142800049,2,1,NaN
29,4,4,0.673333333333333,1.22355688799871,2.04140676600218,2,1,NaN
29,1,4,0.663333333333333,1.38834619000409,1.77507250500639,2,1,NaN
29,2,2,0.733333333333333,1.22859005099599,1.75155427400023,2,1,NaN
29,2,2,0.7,0.797064940001292,1.38488618999691,2,1,NaN
29,2,2,0.646666666666667,2.86140383899328,3.3679311839951,2,1,NaN
29,3,3,0.618333333333333,1.59581275500386,2.24568863899913,2,1,NaN
29,4,4,0.696666666666667,2.02380585799983,2.54594320999604,2,1,NaN
29,4,4,0.638333333333333,1.12746576400241,1.98666436300118,2,1,NaN
29,4,3,0.701666666666667,1.85521176699694,2.6174664029968,2,1,NaN
29,1,3,0.676666666666667,1.98049904099753,2.45512817800045,2,1,NaN
29,3,3,0.725,1.85585724200064,2.21042903300258,2,1,NaN
29,4,4,0.555,1.67789344999619,2.67365975899884,2,1,NaN
29,3,3,0.861666666666667,1.22508589200152,2.24435902899859,2,1,NaN
29,4,4,0.713333333333333,2.75707209299435,3.26488339599746,2,1,NaN
29,1,3,0.501666666666667,6.67938834699453,7.09139875699475,2,1,NaN
29,3,3,0.53,1.22953589000099,1.69555566000054,2,1,NaN
29,2,2,0.683333333333333,1.24839947799774,1.80366260299343,2,1,NaN
29,1,1,0.666666666666667,1.72712437500013,2.38528954600042,2,1,NaN
29,1,1,0.581666666666667,1.0939099840034,1.92140034399927,2,1,NaN
29,4,4,0.598333333333333,1.47199676500168,2.04362825200224,2,1,NaN
29,1,1,0.501666666666667,1.63644253800157,2.12776340699929,2,1,NaN
29,2,2,0.685,1.30173743600608,2.46502041600615,2,1,NaN
29,3,3,0.666666666666667,1.20900638800231,2.40275703000225,2,1,NaN
29,4,2,0.666666666666667,0.990646831000049,1.36878729000455,2,1,NaN
29,2,2,0.671666666666667,1.26309842000046,1.90644199700182,2,1,NaN
29,1,1,0.503333333333333,2.02558120199683,2.57315613499668,2,1,NaN
29,1,2,0.531666666666667,1.83320014699711,2.42847536099725,2,1,NaN
29,2,3,0.503333333333333,2.11023417800607,2.60860382300598,2,1,NaN
29,2,2,0.716666666666667,1.21221028300351,1.93504391900206,2,1,NaN
29,2,2,0.683333333333333,0.62908822499594,1.96005250499729,2,1,NaN
29,3,3,0.736666666666667,1.05341650499759,1.67126986199582,2,1,NaN
29,3,3,0.6,0.785288304999995,1.44529774800321,2,1,NaN
29,3,3,0.648333333333333,0.702458102998207,1.43324069999653,2,1,NaN
29,1,1,0.791666666666667,1.50742547999835,2.57458635499643,2,3,4
29,4,4,0.835,1.33076409600471,2.19816187400284,2,3,1
29,1,1,0.848333333333333,3.39273899699765,4.96376884899655,2,3,4
29,4,4,0.816666666666667,1.0050594159984,1.95972775600239,2,3,1
29,1,1,0.805,0.757456348997948,2.31136890399648,2,3,4
29,4,4,0.756666666666667,0.606216056999983,2.01751838199561,2,3,1
29,1,2,0.00833333333333333,0.884384821998538,3.63184696299868,2,3,4
29,4,4,0.575,2.8075203269982,3.76391879999574,2,3,1
29,1,1,0.68,1.20638402199984,2.21751983500144,2,3,4
29,1,2,0.005,0.723313233000226,3.07050228599837,2,3,4
29,1,1,0.686666666666667,1.15059029200347,2.08997597800044,2,3,4
29,1,1,0.771666666666667,0.673063173999253,1.82790210600069,2,3,4
29,1,1,0.796666666666667,0.846624596997572,1.77785421699809,2,3,4
29,4,4,0.806666666666667,1.32546547699894,2.28053283900226,2,3,1
29,4,4,0.816666666666667,0.984154644000228,1.87529100599932,2,3,1
29,4,4,0.785,0.980071478996251,1.78290942600142,2,3,1
29,1,1,0.75,1.02676809100376,1.94957174600131,2,3,4
29,1,1,0.826666666666667,0.779024160998233,2.14196056899527,2,3,4
29,1,4,0.813333333333333,1.4361195149977,1.95025528699625,2,3,4
29,1,1,0.533333333333333,0.756465688995377,1.96754995499941,2,3,4
29,1,1,0.54,0.748543820001942,2.05552131700097,2,3,4
29,1,4,0.503333333333333,1.55236978799803,2.22841459100164,2,3,4
29,4,4,0.645,0.845818084002531,1.44849928600161,2,3,1
29,4,4,0.93,0.570725140001741,1.4213039630049,2,3,1
29,4,4,0.925,0.483951995003736,1.12426089699875,2,3,1
29,4,4,0.95,0.500756179993914,1.23801978799747,2,3,1
29,1,1,0.92,0.841414729999087,2.05199020999862,2,3,4
29,4,4,0.808333333333333,1.10187149199919,1.72140090000175,2,3,1
29,1,1,0.541666666666667,2.20692491599766,3.4670511239965,2,3,4
29,4,4,0.876666666666667,0.681281115001184,2.0683508889997,2,3,1
29,4,4,0.986666666666667,0.861334780995094,1.67214432599576,2,3,1
29,1,1,0.81,1.10524004799663,1.78847581100126,2,3,4
29,1,1,0.73,0.912383552997198,1.81928609799797,2,3,4
29,4,4,0.965,1.11849621999863,1.8245705340014,2,3,1
29,1,4,0.953333333333333,0.491719879006268,1.34303787500539,2,3,4
29,2,2,0.785,2.55483063399879,4.69272650000494,2,3,1
29,2,2,0.701666666666667,0.946943356000702,2.58198195200384,2,3,1
29,1,1,0.848333333333333,0.801781490001304,1.78885929700482,2,3,2
29,2,2,0.851666666666667,0.500741028001357,1.14086963500449,2,3,1
29,2,2,0.791666666666667,0.500617224999587,1.08698791899951,2,3,1
29,1,1,0.675,0.583582772000227,1.70604398599971,2,3,2
29,1,2,0.193333333333333,0.937799810999422,3.26852492799662,2,3,2
29,2,2,0.818333333333333,1.46872582299693,2.36716942999919,2,3,1
29,2,2,0.848333333333333,0.50087262600573,1.24629991400434,2,3,1
29,2,2,0.945,0.505326348000381,1.37217504699947,2,3,1
29,2,2,0.941666666666667,0.500863342997036,1.34805954799958,2,3,1
29,1,1,0.758333333333333,0.500734979999834,1.73335519299872,2,3,2
29,2,2,0.92,0.50069505799911,1.5347687839967,2,3,1
29,2,2,0.935,0.502419880998787,1.32132598599856,2,3,1
29,2,2,0.958333333333333,0.500734290006221,1.29171598000539,2,3,1
29,1,1,0.901666666666667,0.732969611999579,3.45626804800122,2,3,2
29,2,2,0.93,1.62398310699791,2.64332466599444,2,3,1
29,2,2,0.893333333333333,0.500798416003818,1.2320362160026,2,3,1
29,2,2,0.873333333333333,1.49801846199989,2.34826437800075,2,3,1
29,1,1,0.761666666666667,1.42648824699427,2.34039807499357,2,3,2
29,2,2,0.943333333333333,0.500761513001635,1.36610020300577,2,3,1
29,2,2,0.896666666666667,0.971880709003017,1.70356772600644,2,3,1
29,2,2,0.87,0.500715335001587,1.29032370400091,2,3,1
29,1,2,0.925,0.500744527998904,1.26920991399675,2,3,2
29,2,2,0.958333333333333,0.503333699001814,1.32296343900089,2,3,1
29,1,1,0.906666666666667,0.650119772995822,1.78178662899882,2,3,2
29,2,2,0.926666666666667,0.500760610004363,1.25205966299836,2,3,1
29,1,1,0.896666666666667,1.11897628199949,2.04069752899522,2,3,2
29,2,2,0.906666666666667,0.500860357999045,1.3197925630011,2,3,1
29,1,2,0.593333333333333,0.50118557800306,1.91396124700259,2,3,2
29,1,1,0.795,1.15269391400216,1.92339518100198,2,3,2
29,1,1,0.82,0.906526678998489,1.580672459997,2,3,2
29,1,1,0.735,1.7304810200003,2.66976960499596,2,3,2
29,1,1,0.791666666666667,1.30930224199983,2.46397564999643,2,3,2
29,2,2,0.848333333333333,0.50074013700214,1.45124311200198,2,3,1
29,2,2,0.801666666666667,1.39463611300016,2.39070885699766,2,2,4
29,4,4,0.631666666666667,1.59423431199684,2.37313055599952,2,2,2
29,3,3,0.831666666666667,1.44184515199595,2.2614979179998,2,2,4
29,2,3,0.711666666666667,1.98125516500295,2.70386519099702,2,2,3
29,3,3,0.846666666666667,1.20589025600202,1.73781578199851,2,2,2
29,4,4,0.773333333333333,1.20738103799522,1.79419050899742,2,2,3
29,1,2,0.703333333333333,2.37428736899892,3.137053036,2,2,2
29,2,3,0.545,1.93344992900529,2.8003856639989,2,2,3
29,1,1,0.601666666666667,1.23525735400472,2.19826538699999,2,2,2
29,1,1,0.551666666666667,2.28959161799867,2.94109079500049,2,2,3
29,1,1,0.561666666666667,1.24967692800419,1.95769516300061,2,2,4
29,3,3,0.751666666666667,1.24174467699777,2.00517106700136,2,2,2
29,4,4,0.748333333333333,1.2646558109991,2.37980364199757,2,2,1
29,1,1,0.668333333333333,1.20686987200315,2.00990260400431,2,2,3
29,1,1,0.753333333333333,1.77307890999509,2.39186048799456,2,2,2
29,2,2,0.753333333333333,2.83603592599684,3.5435199489948,2,2,1
29,4,1,0.593333333333333,2.28278116800357,2.69506851500046,2,2,1
29,3,3,0.751666666666667,1.58898292399681,2.02373276899743,2,2,2
29,2,2,0.845,1.77118961799715,3.25409219299763,2,2,1
29,3,3,0.761666666666667,1.18185098600225,1.9682389840018,2,2,4
29,2,2,0.758333333333333,1.38085110300017,2.20831844700297,2,2,3
29,1,1,0.773333333333333,1.36312366499624,2.00708062099875,2,2,4
29,3,3,0.785,1.16166357100155,1.74863085799734,2,2,2
29,3,3,0.788333333333333,0.650014884005941,1.22130407900113,2,2,4
29,1,1,0.798333333333333,1.55303250099678,2.22863340099866,2,2,2
29,4,3,0.00833333333333333,1.02146196299873,2.83915043999878,2,2,1
29,2,3,0.668333333333333,1.00961624299816,1.69320023099863,2,2,3
29,1,1,0.79,0.931253378003021,1.54269588600437,2,2,3
29,1,1,0.598333333333333,2.87573352600157,3.41494049900211,2,2,3
29,1,1,0.77,1.23912930700317,2.23558628399769,2,2,2
29,4,4,0.766666666666667,1.92406722300075,11.1580153149989,2,2,2
29,3,3,0.753333333333333,1.07474503100093,1.46960119800497,2,2,1
29,3,3,0.806666666666667,0.735124853003072,1.45676594100223,2,2,1
29,1,1,0.831666666666667,1.3562152279992,1.91863257600198,2,2,4
29,2,3,0.833333333333333,1.22142935799639,1.84061895500054,2,2,3
29,4,4,0.72,1.25689797000086,1.85248424699967,2,1,NaN
29,4,3,0.608333333333333,1.39795458599838,1.88212478799687,2,1,NaN
29,4,4,0.738333333333333,1.16941678599687,1.78831976700167,2,1,NaN
29,4,3,0.708333333333333,1.26529657300125,2.15533090400277,2,1,NaN
29,1,1,0.668333333333333,1.08899983599986,1.77254106600594,2,1,NaN
29,4,2,0.606666666666667,1.64943905599648,2.54859148899413,2,1,NaN
29,2,2,0.728333333333333,1.29770481699961,2.17345667200425,2,1,NaN
29,2,2,0.658333333333333,0.912608978993376,1.74025935899408,2,1,NaN
29,3,3,0.741666666666667,1.42628202599735,2.1904662579982,2,1,NaN
29,3,3,0.756666666666667,0.737718147996929,1.72408372299833,2,1,NaN
29,1,3,0.765,1.89198830100213,2.45526232300472,2,1,NaN
29,4,3,0.646666666666667,0.616119874997821,1.56352044099913,2,1,NaN
29,2,2,0.743333333333333,1.19993830000021,2.00380416300322,2,1,NaN
29,2,2,0.726666666666667,1.12619832199562,1.99425341299502,2,1,NaN
29,4,2,0.716666666666667,0.988742940004158,1.78413735000504,2,1,NaN
29,3,3,0.746666666666667,1.70864090800023,2.46285688900389,2,1,NaN
29,1,1,0.703333333333333,1.48850153400417,2.1143972150021,2,1,NaN
29,1,2,0.701666666666667,2.30533640700014,2.8689325239975,2,1,NaN
29,4,3,0.726666666666667,1.34866093899473,2.15908232799848,2,1,NaN
29,3,3,0.74,0.900516353998682,1.64831273700111,2,1,NaN
29,1,1,0.723333333333333,1.38527251999767,2.27539637199516,2,1,NaN
29,3,3,0.756666666666667,1.14079483800015,1.92822788799822,2,1,NaN
29,1,3,0.75,0.942293336003786,1.51224742599879,2,1,NaN
29,2,2,0.771666666666667,1.35268228099449,2.19635370899778,2,1,NaN
29,2,2,0.765,1.35128834100033,2.0731443209952,2,1,NaN
29,4,3,0.761666666666667,1.72286093200091,2.40674007900088,2,1,NaN
29,2,2,0.775,1.16917728399858,1.98793899600423,2,1,NaN
29,4,2,0.778333333333333,1.14369152700237,1.9065469049965,2,1,NaN
29,1,1,0.753333333333333,1.50666387900128,2.44669755500217,2,1,NaN
29,1,4,0.763333333333333,1.51035669999692,2.51364194999769,2,1,NaN
29,3,3,0.765,2.1363909540014,3.05115964099969,2,1,NaN
29,3,3,0.76,1.07573245999811,1.79056625699741,2,1,NaN
29,1,1,0.743333333333333,1.09063344800234,1.70126956100285,2,1,NaN
29,1,3,0.766666666666667,1.57407389699802,2.32927731300151,2,1,NaN
29,2,2,0.776666666666667,1.13468626699614,1.64904382499662,2,1,NaN
30,4,3,0.466666666666667,1.19212681299541,2.55566756399639,2,1,NaN
30,1,1,0.4,1.25552565000544,2.24350147000223,2,1,NaN
30,4,3,0.436666666666667,1.15634154400323,1.82268297301198,2,1,NaN
30,1,1,0.316666666666667,1.5710477590037,2.50077830300143,2,1,NaN
30,2,2,0.333333333333333,1.15659999100899,2.24007244700624,2,1,NaN
30,1,1,0.466666666666667,1.52166581100028,2.1496889310074,2,1,NaN
30,4,4,0.423333333333333,0.993988882997655,1.58215212500363,2,1,NaN
30,4,4,0.38,0.793361884992919,1.65176163199067,2,1,NaN
30,3,3,0.463333333333333,1.15015467601188,1.65759946900653,2,1,NaN
30,3,3,0.473333333333333,0.962231629993767,1.41362624400062,2,1,NaN
30,4,4,0.505,0.960822652006755,1.71595189800428,2,1,NaN
30,4,4,0.536666666666667,0.866539452996221,1.46961492499395,2,1,NaN
30,2,3,0.451666666666667,1.24770281199017,1.82684496499132,2,1,NaN
30,3,3,0.64,0.813306277996162,1.40132879599696,2,1,NaN
30,2,2,0.585,1.35688014799962,1.83936201299366,2,1,NaN
30,2,2,0.371666666666667,1.17793912399793,1.86875111699919,2,1,NaN
30,4,4,0.44,1.11014444200555,2.20202371300547,2,1,NaN
30,4,4,0.451666666666667,0.94848548900336,1.33639468099864,2,1,NaN
30,1,1,0.458333333333333,1.22218758698727,1.73002596999868,2,1,NaN
30,1,2,0.468333333333333,1.5442513369926,2.97155692899833,2,1,NaN
30,3,3,0.513333333333333,1.03077059000498,1.69022377599322,2,1,NaN
30,1,1,0.553333333333333,0.905916382995201,1.46957763200044,2,1,NaN
30,1,1,0.478333333333333,1.30194825399667,2.00855776600656,2,1,NaN
30,2,2,0.62,1.10088712201104,1.56046221900033,2,1,NaN
30,2,2,0.461666666666667,0.996861166000599,1.47136753499217,2,1,NaN
30,1,1,0.503333333333333,1.009665924008,1.45294155699958,2,1,NaN
30,4,1,0.501666666666667,1.37417871100479,1.63464665900392,2,1,NaN
30,3,2,0.471666666666667,1.0601548620034,1.50391154199315,2,1,NaN
30,4,2,0.501666666666667,0.975446021999232,1.63366342699737,2,1,NaN
30,4,4,0.501666666666667,1.33244423300494,1.71149219600193,2,1,NaN
30,3,2,0.47,1.01512135399389,1.90551864700683,2,1,NaN
30,4,4,0.498333333333333,1.15384223099682,1.5817652449914,2,1,NaN
30,4,3,0.463333333333333,1.62565620300302,2.29998616800003,2,1,NaN
30,4,4,0.451666666666667,1.10727611600305,1.47955013999308,2,1,NaN
30,3,3,0.536666666666667,1.16707028998644,1.61854439599847,2,1,NaN
30,2,2,0.566666666666667,1.14729055399948,1.99756975300261,2,3,1
30,2,2,0.608333333333333,0.769154369991156,1.34797901898855,2,3,1
30,1,1,0.593333333333333,0.867020571997273,1.47813757800031,2,3,2
30,1,1,0.721666666666667,0.990397418994689,1.78646864299662,2,3,2
30,1,1,0.871666666666667,0.733091953996336,1.40911928900459,2,3,2
30,1,1,0.86,0.92485410500376,1.51245664899761,2,3,2
30,1,1,0.6,1.55882919499709,2.25808033999056,2,3,2
30,1,1,0.73,0.755353250002372,1.29366791600478,2,3,2
30,1,1,0.693333333333333,1.22228068699769,1.85836815099174,2,3,2
30,1,1,0.698333333333333,0.995653425008641,1.63947880700289,2,3,2
30,2,2,0.836666666666667,0.93678897000791,1.47588923400326,2,3,1
30,1,1,0.851666666666667,0.741359979001572,1.26402450700698,2,3,2
30,1,1,0.655,1.16187979299866,1.55801908898866,2,3,2
30,2,2,0.978333333333333,0.867388650993234,1.46980588999577,2,3,1
30,1,1,0.951666666666667,1.07149706599012,1.67551444699347,2,3,2
30,2,2,1,1.10802193600102,1.70277406300011,2,3,1
30,1,1,0.936666666666667,0.806300035997992,1.30557430999761,2,3,2
30,1,1,0.906666666666667,1.08188686499489,1.62830031599151,2,3,2
30,1,1,0.878333333333333,0.975900964011089,1.52353075701103,2,3,2
30,2,2,1,0.809528537996812,1.44513727299636,2,3,1
30,1,1,0.911666666666667,0.807510442988132,1.43473703500058,2,3,2
30,2,2,1,0.96501028399507,1.59093180199852,2,3,1
30,2,2,0.956666666666667,0.828942567997728,1.45497913699364,2,3,1
30,1,1,0.601666666666667,0.761414795997553,1.18074481500662,2,3,2
30,2,2,0.951666666666667,0.78549700199801,1.22850622799888,2,3,1
30,1,1,0.98,0.696151192008983,1.26603431500553,2,3,2
30,1,2,0.498333333333333,0.700271558991517,2.63142993299698,2,3,2
30,2,2,0.853333333333333,0.760943321001832,1.50011700499454,2,3,1
30,1,1,0.875,1.14010428299662,1.67180741199991,2,3,2
30,2,1,0.876666666666667,1.09657744799915,1.74654601499788,2,3,1
30,2,2,0.961666666666667,0.809468156992807,1.4282726149977,2,3,1
30,1,2,0.888333333333333,0.950946912009385,1.6027624749986,2,3,2
30,1,1,0.915,0.829990905011073,1.42509734800842,2,3,2
30,1,1,0.92,0.940272136009298,1.43165627100097,2,3,2
30,2,2,0.913333333333333,0.890709960993263,1.40545118499722,2,3,1
30,2,2,0.876666666666667,1.00874714599922,1.65840999200009,2,2,1
30,3,3,0.846666666666667,1.22136704101285,1.7132427880133,2,2,2
30,2,2,0.655,1.14322607799841,1.66746952700487,2,2,1
30,4,4,0.853333333333333,0.892086965002818,1.41505342100572,2,2,1
30,4,3,0.653333333333333,1.24191283399705,1.8530629779998,2,2,3
30,1,1,0.663333333333333,1.09508001799986,1.8750855219987,2,2,4
30,2,2,0.775,0.866601706002257,1.58229673899768,2,2,1
30,2,2,0.836666666666667,1.01737666499685,1.50901025600615,2,2,3
30,4,1,0.748333333333333,2.09964166900318,2.82999091899546,2,2,1
30,1,1,0.751666666666667,0.952533814997878,1.67471994500374,2,2,4
30,4,4,0.851666666666667,0.923989115995937,1.49529462300416,2,2,1
30,4,4,0.853333333333333,0.918337278009858,1.52080375200603,2,2,2
30,1,1,0.855,0.897119788991404,1.84513958299067,2,2,4
30,3,3,0.836666666666667,1.67809361900436,2.37721990499995,2,2,1
30,4,2,0.586666666666667,2.21378921699943,3.11989804300538,2,2,2
30,4,1,0.748333333333333,2.92580896599975,3.83212384699436,2,2,1
30,3,3,0.756666666666667,1.1608505990007,1.81911049000337,2,2,1
30,2,2,0.865,1.03076728500309,1.59301073099778,2,2,3
30,4,1,0.633333333333333,1.19833847100381,1.73035372300365,2,2,1
30,3,3,0.553333333333333,0.975921261997428,2.02700185199501,2,2,2
30,2,2,0.546666666666667,1.108623823995,1.99267045999295,2,2,4
30,2,2,0.786666666666667,0.859765322005842,1.51869651500601,2,2,1
30,1,1,0.845,1.06143340500421,1.64933070600091,2,2,2
30,2,2,0.886666666666667,2.55469064199133,3.23674579999351,2,2,4
30,4,2,0.506666666666667,2.81472275400301,3.66656052600592,2,2,2
30,1,1,0.843333333333333,0.993147002998739,1.54858625099587,2,2,4
30,2,2,0.836666666666667,0.937801046995446,1.45328692099429,2,2,4
30,3,2,0.748333333333333,0.870942647001357,1.28337984099926,2,2,2
30,4,3,0.505,1.75462723898818,3.03726737698889,2,2,3
30,2,2,0.93,0.98273283499293,1.48923162800202,2,2,3
30,1,1,0.898333333333333,1.09025157999713,1.71857223399275,2,2,2
30,4,1,0.506666666666667,3.09292863000883,3.75220971299859,2,2,1
30,4,3,0.743333333333333,1.6832007960038,2.41516196000157,2,2,3
30,2,2,0.516666666666667,1.04892989399377,2.56380804898799,2,2,3
30,3,3,0.878333333333333,1.04779454199888,1.6187411389983,2,2,4
30,4,4,0.535,1.92802879199735,3.10728483300772,2,2,1
30,1,1,0.55,0.945266633003484,1.45228804599901,2,2,3
30,4,4,0.583333333333333,1.00655071699293,1.49716973298928,2,2,3
30,4,4,0.603333333333333,0.890361920988653,1.40564915099822,2,2,2
30,3,3,0.598333333333333,1.51279965700815,2.01207295600034,2,2,2
30,1,1,0.788333333333333,0.910922656010371,1.45067053400271,2,2,4
30,4,2,0.598333333333333,1.34012027300196,1.96829983900534,2,2,2
30,1,1,0.681666666666667,1.93965120900248,2.54299124600948,2,2,4
30,1,1,0.746666666666667,0.900599133005016,1.4398607500043,2,2,3
30,3,3,0.673333333333333,1.07481918700796,3.83774651100975,2,2,2
30,4,4,0.77,0.925863662007032,1.44949047800037,2,2,1
30,1,1,0.648333333333333,1.16301015300269,1.67728831800923,2,2,3
30,2,2,0.751666666666667,0.958356424991507,1.52849173599679,2,2,1
30,1,1,0.741666666666667,1.16019680599857,1.72257971500221,2,2,4
30,4,4,0.521666666666667,1.29040098699625,2.78980598199996,2,2,1
30,4,4,0.875,0.881007693009451,1.45218027901137,2,2,1
30,1,1,0.885,0.845792667998467,1.34396690998983,2,2,4
30,3,3,0.671666666666667,1.47134205899783,1.96215745600057,2,2,4
30,3,3,0.596666666666667,2.74283462300082,3.21019998299016,2,2,4
30,3,3,0.521666666666667,1.16388198500499,2.48722441600694,2,2,2
30,2,2,0.71,1.31103350600461,1.81840713100974,2,2,3
30,1,1,0.86,1.19704720801383,1.7990949130035,2,2,3
30,4,3,0.638333333333333,2.84401679300936,3.6067113050085,2,2,3
30,2,2,0.745,0.880135157989571,1.65080881799804,2,2,3
30,2,2,0.671666666666667,0.949126035993686,1.46396982199803,2,2,4
30,4,4,0.615,2.04951344399888,2.57257485999435,2,2,2
30,3,3,0.883333333333333,1.63327540399041,2.22095387800073,2,2,1
30,3,3,0.675,0.974583300005179,1.44121900000027,2,2,2
30,2,2,0.738333333333333,1.05260157599696,1.81467128900113,2,2,4
30,1,1,0.753333333333333,1.17889794700022,1.81463615500252,2,2,2
30,3,3,0.858333333333333,1.12912297999719,1.67594536099932,2,2,2
30,1,1,0.745,1.27742886998749,2.11186283799179,2,2,2
30,4,4,0.868333333333333,0.911161722993711,1.60241757098993,2,2,3
30,3,3,0.738333333333333,1.03020070900675,1.80798202300502,2,2,4
30,1,1,0.753333333333333,1.10889307400794,1.60662830600631,2,2,4
30,3,4,0.678333333333333,1.68254002000322,2.18051437099348,2,3,4
30,4,4,0.675,0.913746224003262,1.56439335500181,2,3,3
30,3,3,0.903333333333333,1.00145136199717,1.53337988800195,2,3,4
30,3,3,0.856666666666667,0.915186551996158,1.4458261020045,2,3,4
30,3,3,0.753333333333333,1.00830139400205,1.56246783900133,2,3,4
30,3,3,0.741666666666667,1.00046130600094,1.70629968900175,2,3,4
30,3,3,0.536666666666667,2.26747536400217,2.70927722200577,2,3,4
30,4,4,0.88,0.740058833005605,1.47108628599381,2,3,3
30,3,3,0.605,1.34495312100626,1.77176802800386,2,3,4
30,4,4,0.631666666666667,1.21652583200193,1.97931106000033,2,3,3
30,3,3,0.766666666666667,0.983708294996177,1.57068524300121,2,3,4
30,4,4,0.583333333333333,1.31189758400433,1.81999915200868,2,3,3
30,3,3,0.785,0.845426949992543,1.36870805299259,2,3,4
30,3,3,0.875,0.958749836994684,1.57814699099981,2,3,4
30,4,4,0.881666666666667,0.917788015998667,1.47386887100583,2,3,3
30,3,3,0.888333333333333,1.12251770999865,1.63025087000278,2,3,4
30,3,3,0.866666666666667,0.824244046001695,1.34651660399686,2,3,4
30,3,3,0.86,0.969144482005504,1.50787222999497,2,3,4
30,4,4,0.755,1.13987410400296,1.85529926200979,2,3,3
30,4,4,0.66,1.29546867300814,2.00994559700484,2,3,3
30,3,3,0.82,1.030293644013,1.74454788801086,2,3,4
30,4,4,0.91,0.870593176005059,1.28286655999545,2,3,3
30,4,4,0.801666666666667,0.72993131900148,1.20478678200743,2,3,3
30,3,3,0.873333333333333,0.752505730008124,1.20329000800848,2,3,4
30,4,4,0.816666666666667,0.728414709999925,1.16372411500197,2,3,3
30,4,3,0.666666666666667,0.961090262993821,1.50062236200029,2,3,3
30,3,3,0.763333333333333,0.732113542995648,1.11076429398963,2,3,4
30,3,3,0.728333333333333,0.727061880999827,1.24115034300485,2,3,4
30,3,3,0.688333333333333,0.732050713995704,1.1747708949988,2,3,4
30,4,4,0.626666666666667,0.757197562998044,1.57675195700722,2,3,3
30,4,4,0.92,0.764319420006359,1.25524353500805,2,3,3
30,4,4,0.718333333333333,0.673836224988918,1.21288891899167,2,3,3
30,4,4,0.64,2.02352713300206,2.53802584699588,2,3,3
30,4,4,0.858333333333333,0.712265818991,1.13075646599464,2,3,3
30,4,4,0.69,0.641797738993773,1.31742884799314,2,3,3
30,2,4,0.455,1.65957951299788,3.35098988300888,2,1,NaN
30,1,1,0.451666666666667,1.24258628700045,1.84451003899449,2,1,NaN
30,2,2,0.543333333333333,1.11100580400671,1.77719034701295,2,1,NaN
30,4,4,0.558333333333333,0.918827485991642,1.30533466298948,2,1,NaN
30,1,1,0.538333333333333,0.938409430003958,1.42175333900377,2,1,NaN
30,4,1,0.313333333333333,2.28040995099582,3.06741972599411,2,1,NaN
30,1,3,0.283333333333333,1.34758656700433,2.02313827499165,2,1,NaN
30,1,4,0.305,1.35311601900321,2.45294618600747,2,1,NaN
30,2,2,0.526666666666667,1.00546187598957,1.47990846299217,2,1,NaN
30,2,2,0.381666666666667,1.38503035499889,2.11697207100224,2,1,NaN
30,1,1,0.581666666666667,0.93843429601111,1.29297352100548,2,1,NaN
30,2,2,0.513333333333333,1.11788014200283,1.62439388700295,2,1,NaN
30,3,2,0.301666666666667,2.38792522498989,3.33476964799047,2,1,NaN
30,3,3,0.531666666666667,0.979987815997447,1.4633987039997,2,1,NaN
30,3,3,0.535,0.784093258000212,1.11582284899487,2,1,NaN
30,3,3,0.501666666666667,0.987494234999758,1.43026658699091,2,1,NaN
30,2,2,0.298333333333333,0.952916027992615,2.32337430398911,2,1,NaN
30,2,1,0.106666666666667,0.834994221993838,2.75660665899341,2,1,NaN
30,3,3,0.358333333333333,1.05027778400108,1.97300364100374,2,1,NaN
30,4,4,0.596666666666667,0.898032652999973,1.40542629199626,2,1,NaN
30,3,2,0.13,1.13773572300852,2.59583382500568,2,1,NaN
30,1,1,0.395,1.10290202099713,1.89109698399261,2,1,NaN
30,2,3,0.278333333333333,1.25806591899891,1.89399329200387,2,1,NaN
30,1,1,0.301666666666667,1.78101171899471,2.43877216099645,2,1,NaN
30,3,3,0.375,0.889866657002131,1.55551056600234,2,1,NaN
30,4,4,0.501666666666667,0.930267853997066,1.3262616150023,2,1,NaN
30,4,4,0.461666666666667,1.10805096199329,1.48790032599936,2,1,NaN
30,4,4,0.501666666666667,0.880050930994912,1.21130156899744,2,1,NaN
30,2,3,0.421666666666667,1.8312622079975,2.4340217459976,2,1,NaN
30,1,2,0.328333333333333,1.78767193498788,2.4061363189976,2,1,NaN
30,4,4,0.501666666666667,0.962086633007857,1.30101903699688,2,1,NaN
30,1,1,0.46,1.73285143000248,2.16048926599615,2,1,NaN
30,1,1,0.385,0.917179759009741,1.50427270500222,2,1,NaN
30,3,3,0.48,1.071790572998,1.64396009899792,2,1,NaN
30,3,3,0.371666666666667,0.980859710994991,1.81621401300072,2,1,NaN
30,1,1,0.531666666666667,1.10199493200344,3.56149877900316,2,3,4
30,1,1,0.611666666666667,0.96423330300604,1.43983792301151,2,3,4
30,1,1,0.526666666666667,0.754594917991199,1.47021959799167,2,3,4
30,1,1,0.503333333333333,2.67066790201352,3.46637400401232,2,3,4
30,1,1,0.531666666666667,0.80845045701426,1.25138527000672,2,3,4
30,1,1,0.61,0.845077682010015,1.37553137500072,2,3,4
30,4,4,0.76,1.11671498499345,1.61599180799385,2,3,1
30,4,4,0.683333333333333,0.707062073997804,1.67904323500989,2,3,1
30,1,1,0.656666666666667,1.27053831600642,1.89084948399977,2,3,4
30,1,1,0.703333333333333,0.706508272996871,1.25269333200413,2,3,4
30,1,1,0.831666666666667,0.79173065800569,1.23413849300414,2,3,4
30,1,4,0.603333333333333,1.1647043999983,1.65587639498699,2,3,4
30,4,4,0.905,0.737476909998804,1.14721480099251,2,3,1
30,4,4,0.568333333333333,1.21084848100145,1.91745208000066,2,3,1
30,1,4,0.723333333333333,1.04399203401408,1.50259389501298,2,3,4
30,1,1,0.663333333333333,0.861915625995607,1.49835289499606,2,3,4
30,1,1,0.548333333333333,0.921461931007798,1.80453143600607,2,3,4
30,4,4,0.676666666666667,0.807395449010073,1.36976554199646,2,3,1
30,4,4,0.733333333333333,0.759491239005001,1.27430596599879,2,3,1
30,4,4,0.793333333333333,0.908326876000501,1.66214690099878,2,3,1
30,4,4,0.626666666666667,1.05584583000746,1.53108845300449,2,3,1
30,1,1,0.536666666666667,0.841423019010108,1.47665060900908,2,3,4
30,4,4,0.66,0.708605036998051,1.15125320199877,2,3,1
30,1,1,0.726666666666667,1.16622421699867,1.8563609529956,2,3,4
30,4,1,0.626666666666667,1.96288898499915,3.16652088299452,2,3,1
30,1,1,0.77,0.785548054001993,1.22857116199157,2,3,4
30,4,4,0.8,0.727508049996686,1.20276194899634,2,3,1
30,4,4,0.81,0.734963185997913,1.20215760800056,2,3,1
30,4,4,0.735,0.789729472002364,1.38524814099947,2,3,1
30,1,1,0.748333333333333,0.741293895000126,1.44795908399101,2,3,4
30,1,1,0.736666666666667,0.962839682993945,1.57264911699167,2,3,4
30,4,4,0.761666666666667,0.906638208005461,1.60669999700622,2,3,1
30,4,4,0.86,0.689978680995409,1.51729526999407,2,3,1
30,1,1,0.785,0.684183114994084,1.43099590299244,2,3,4
30,4,1,0.741666666666667,0.713750697002979,1.22856553799647,2,3,1
30,3,3,0.658333333333333,1.30305553099606,1.87360972199531,2,2,4
30,1,1,0.665,0.882985585994902,1.38916990799771,2,2,3
30,4,4,0.758333333333333,0.850677141992492,1.3664458150015,2,2,2
30,2,2,0.673333333333333,1.09147223900072,1.51761954599351,2,2,3
30,2,2,0.721666666666667,0.925565953002661,1.44978194999567,2,2,4
30,3,3,0.833333333333333,0.971058498005732,1.49321048999263,2,2,2
30,2,2,0.643333333333333,1.18970848400204,1.86611438399996,2,2,1
30,1,1,0.675,1.18641649500933,1.65400392400625,2,2,2
30,2,2,0.668333333333333,0.982996060003643,1.48903562501073,2,2,4
30,2,2,0.74,2.1306827590015,3.06242085200211,2,2,4
30,2,2,0.523333333333333,0.877841911002179,2.54555449599866,2,2,3
30,1,1,0.791666666666667,1.61324783100281,2.11190788500244,2,2,2
30,2,2,0.625,0.959113081000396,1.67319824099832,2,2,1
30,3,3,0.696666666666667,0.915459312993335,1.47941158199683,2,2,2
30,4,3,0.703333333333333,2.27079414100444,2.82566863599641,2,2,3
30,3,3,0.621666666666667,0.99642151799344,1.50238899199758,2,2,1
30,2,2,0.736666666666667,1.26332505399478,2.09074614298879,2,2,3
30,2,1,0.561666666666667,2.33807021699613,2.86855760699837,2,2,1
30,1,1,0.653333333333333,0.901587499989546,1.3517209119891,2,2,2
30,1,1,0.663333333333333,0.870632687001489,1.30493610999838,2,2,3
30,2,2,0.498333333333333,1.17797163499927,2.87704837600177,2,2,3
30,3,3,0.556666666666667,1.13303835499391,1.73667332300101,2,2,4
30,1,1,0.698333333333333,0.878569527005311,1.35427178400278,2,2,3
30,3,3,0.591666666666667,1.24765323499741,1.7153478830005,2,2,2
30,1,1,0.621666666666667,0.881293366997852,1.42178283700196,2,2,4
30,4,4,0.738333333333333,1.1679424210015,1.62750677899749,2,2,1
30,2,2,0.62,1.06215307400271,1.48868269700324,2,2,3
30,3,3,0.62,1.10583856700396,1.54064686200581,2,2,4
30,3,3,0.683333333333333,1.75494942399382,2.27755431299738,2,2,2
30,3,3,0.72,0.854414359986549,1.30509441599133,2,2,1
30,3,3,0.638333333333333,0.937137668006471,1.42948355800763,2,2,1
30,4,4,0.728333333333333,1.11145354900509,1.59409775500535,2,2,2
30,1,1,0.715,0.974652985998546,1.45649460499408,2,2,3
30,4,3,0.721666666666667,2.68367997399764,3.44645570300054,2,2,3
30,3,3,0.711666666666667,0.982629923993954,1.48077365900099,2,2,2
30,1,1,0.346666666666667,1.11823609599378,2.44121321900457,2,1,NaN
30,2,2,0.358333333333333,1.45862097700592,2.23884657000599,2,1,NaN
30,2,2,0.32,1.2474472150061,2.17901162400085,2,1,NaN
30,4,4,0.428333333333333,1.07005161000416,1.88167004800925,2,1,NaN
30,1,4,0.463333333333333,1.17749312600063,1.69153870300215,2,1,NaN
30,2,2,0.473333333333333,1.08552771400718,1.57626549100678,2,1,NaN
30,1,3,0.496666666666667,1.12506211400614,1.54396194200672,2,1,NaN
30,2,2,0.46,0.878721430010046,1.24153140801354,2,1,NaN
30,4,4,0.42,1.63681128599274,2.32749318399874,2,1,NaN
30,2,2,0.461666666666667,0.958460813999409,1.56137171800947,2,1,NaN
30,1,2,0.455,1.81410198900267,2.24853384299786,2,1,NaN
30,3,2,0.25,0.866429549991153,2.33350611999049,2,1,NaN
30,3,3,0.518333333333333,1.09933308900509,1.87877973000286,2,1,NaN
30,3,3,0.573333333333333,1.03010949199961,1.37005808200047,2,1,NaN
30,3,3,0.505,0.870645003000391,1.27333592200011,2,1,NaN
30,1,1,0.536666666666667,0.986331134001375,1.86247806399479,2,1,NaN
30,2,2,0.578333333333333,1.15758678999555,1.58449515399116,2,1,NaN
30,2,2,0.523333333333333,1.35702149198914,1.84047306899447,2,1,NaN
30,3,3,0.638333333333333,0.986676351007191,1.34076828000252,2,1,NaN
30,4,3,0.281666666666667,1.37214904899884,2.27114438600256,2,1,NaN
30,2,4,0.313333333333333,2.02327203999448,3.06555328299874,2,1,NaN
30,4,2,0.271666666666667,1.00955155100382,1.92519501199422,2,1,NaN
30,4,4,0.46,0.780291887000203,1.25460905100044,2,1,NaN
30,2,2,0.276666666666667,1.04170689999592,1.9239977249963,2,1,NaN
30,4,4,0.5,1.01961344800657,1.39788057400438,2,1,NaN
30,1,1,0.506666666666667,1.53082218700729,2.10078816101304,2,1,NaN
30,1,3,0.326666666666667,1.27668540101149,1.84001082200848,2,1,NaN
30,3,3,0.29,1.22600673799752,1.90816340400488,2,1,NaN
30,3,3,0.268333333333333,1.02867519500433,1.70361594100541,2,1,NaN
30,4,4,0.293333333333333,0.999639950998244,1.66759914699651,2,1,NaN
30,4,4,0.396666666666667,0.731988952000393,1.24736792600015,2,1,NaN
30,1,1,0.47,1.45711124400259,1.80372768000234,2,1,NaN
30,1,1,0.446666666666667,0.975001904997043,1.3941128509905,2,1,NaN
30,1,1,0.453333333333333,1.31077926199941,1.64139726200665,2,1,NaN
30,3,3,0.47,0.948341095005162,1.23038586101029,2,1,NaN
30,2,3,0.423333333333333,1.35491330598597,2.11763608599722,2,2,3
30,2,2,0.668333333333333,1.02094997699896,1.38407526399533,2,2,1
30,4,4,0.591666666666667,0.844924264005385,1.2086537819996,2,2,2
30,1,1,0.635,0.964062200990156,1.34216665099666,2,2,3
30,1,1,0.626666666666667,1.18975448599667,1.7531931479898,2,2,4
30,1,1,0.641666666666667,0.886488639007439,1.23429038400354,2,2,2
30,2,2,0.578333333333333,1.30870911000238,1.79219652799657,2,2,4
30,2,2,0.666666666666667,0.90865297599521,1.33555135299684,2,2,4
30,3,4,0.501666666666667,1.10221393899701,5.04827042800025,2,2,1
30,4,4,0.503333333333333,1.20754127801047,2.13849128500442,2,2,1
30,3,3,0.551666666666667,1.56098512599419,2.85205088899238,2,2,2
30,2,2,0.598333333333333,1.03608111100039,1.51917235500878,2,2,4
30,2,2,0.525,1.95825255400268,2.40070205100346,2,2,1
30,2,2,0.503333333333333,1.0841263760085,2.00845987000503,2,2,3
30,1,1,0.561666666666667,1.49105782300467,1.89513870500377,2,2,4
30,4,4,0.643333333333333,0.845797168993158,1.25802880700212,2,2,3
30,4,1,0.535,2.57956970299711,3.22282702798839,2,2,1
30,1,1,0.558333333333333,0.887824906007154,1.29046477499651,2,2,3
30,3,3,0.585,1.08362190998741,1.41578434899566,2,2,4
30,4,3,0.546666666666667,1.25800739400438,1.81351408200862,2,2,3
30,2,2,0.496666666666667,1.17601260299853,2.92282548001094,2,2,1
30,1,1,0.546666666666667,1.08103006900637,1.55703886400443,2,2,2
30,1,1,0.591666666666667,0.961748955989606,1.34016825699655,2,2,3
30,4,4,0.631666666666667,0.803773377003381,1.13619097700575,2,2,1
30,4,4,0.531666666666667,1.98201510799117,2.36866975898738,2,2,3
30,1,1,0.616666666666667,1.7173878409958,2.12818690300628,2,2,4
30,1,1,0.676666666666667,0.886766099007218,1.3865960950061,2,2,3
30,2,2,0.661666666666667,0.918975477994536,1.27388619599515,2,2,1
30,1,1,0.681666666666667,0.715781662991503,1.25335324699699,2,2,2
30,2,2,0.673333333333333,1.00837933999719,1.38838841299003,2,2,4
30,3,3,0.683333333333333,0.992256619996624,1.53169371699914,2,2,4
30,1,1,0.701666666666667,1.2260166049964,1.63740154600237,2,2,3
30,4,4,0.67,0.848019214987289,1.29982856998686,2,2,3
30,4,4,0.685,0.706908389998716,1.32650920499873,2,2,1
30,2,2,0.561666666666667,1.04537422899739,1.56103913400148,2,2,4
30,2,2,0.398333333333333,1.34811932098819,1.88658482900064,2,1,NaN
30,1,1,0.286666666666667,0.991887673008023,1.50772273199982,2,1,NaN
30,2,2,0.376666666666667,1.01857539500634,1.40662889499799,2,1,NaN
30,2,3,0.271666666666667,1.25777843799733,2.08491926899296,2,1,NaN
30,3,3,0.396666666666667,0.957664354005828,1.80088381101086,2,1,NaN
30,1,2,0.373333333333333,2.17225985600089,2.67104236400337,2,1,NaN
30,4,4,0.343333333333333,0.759219094994478,1.67373156899703,2,1,NaN
30,1,1,0.378333333333333,2.84354006999638,3.38197093400231,2,1,NaN
30,3,3,0.46,1.22489501300151,1.58099928899901,2,1,NaN
30,3,3,0.403333333333333,1.61674607500026,2.05164890699962,2,1,NaN
30,2,2,0.343333333333333,2.18147887500527,2.95249116000195,2,1,NaN
30,3,3,0.601666666666667,0.931516323995311,1.25473199599946,2,1,NaN
30,4,3,0.373333333333333,2.47276120098832,2.9947786579869,2,1,NaN
30,2,2,0.296666666666667,1.35036767600104,2.41675474200747,2,1,NaN
30,1,2,0.256666666666667,1.38765451699146,2.74337248399388,2,1,NaN
30,1,1,0.39,1.09207876100845,1.68703442200786,2,1,NaN
30,3,3,0.501666666666667,1.11115895400872,1.61142108400236,2,1,NaN
30,2,3,0.456666666666667,1.05411564798851,1.46458960999735,2,1,NaN
30,4,2,0.388333333333333,1.00221158700879,2.06229063001228,2,1,NaN
30,3,3,0.381666666666667,0.862129953995463,1.52817363699432,2,1,NaN
30,2,3,0.381666666666667,1.31950074600172,2.00356857500446,2,1,NaN
30,2,3,0.32,1.72648260999995,3.18599303399969,2,1,NaN
30,4,3,0.373333333333333,1.34841532999417,2.18287086399505,2,1,NaN
30,1,3,0.355,1.10747946800257,1.702460237997,2,1,NaN
30,2,2,0.39,1.36581378300616,2.2081604230043,2,1,NaN
30,3,3,0.355,0.964719998999499,1.58307057099591,2,1,NaN
30,3,3,0.386666666666667,1.0517867019953,2.39216875299462,2,1,NaN
30,3,3,0.365,0.931232100992929,2.46207182199578,2,1,NaN
30,1,3,0.26,3.97451527300291,5.64830975800578,2,1,NaN
30,2,2,0.266666666666667,1.28645501499705,1.97704767200048,2,1,NaN
30,4,4,0.278333333333333,1.35809687299479,2.52873490699858,2,1,NaN
30,4,2,0.29,1.26242490801087,2.17063305100601,2,1,NaN
30,3,3,0.265,0.91061679199629,1.70536936698772,2,1,NaN
30,4,3,0.281666666666667,1.20142544301052,2.14023815200198,2,1,NaN
30,4,4,0.278333333333333,1.18611618700379,1.94971306300431,2,1,NaN
30,4,2,0.325,1.10573276900686,2.38813841300725,2,3,2
30,2,2,0.301666666666667,1.11188669499825,1.78643347500474,2,3,4
30,2,2,0.528333333333333,1.11178855400067,1.72196990899101,2,3,4
30,4,2,0.521666666666667,1.62612072299817,2.24599881799077,2,3,2
30,4,4,0.668333333333333,0.93393561099947,1.42430513100408,2,3,2
30,2,2,0.63,1.09273695899174,1.62383802799741,2,3,4
30,4,4,0.686666666666667,0.970663009997224,1.35880252199422,2,3,2
30,4,4,0.701666666666667,0.780445448996034,1.23070000599546,2,3,2
30,2,2,0.635,0.91461190400878,1.46958304800501,2,3,4
30,2,2,0.553333333333333,1.34271429199725,1.85851810401073,2,3,4
30,4,4,0.72,1.49911125199287,2.0146110499918,2,3,2
30,4,4,0.613333333333333,0.833382149998215,1.27584700999432,2,3,2
30,4,4,0.631666666666667,0.998247858005925,1.40172128600534,2,3,2
30,4,4,0.721666666666667,0.804947839002125,1.17648023999936,2,3,2
30,2,2,0.628333333333333,0.941647116007516,1.28847000400128,2,3,4
30,4,4,0.65,0.945671480993042,1.45996861900494,2,3,2
30,4,2,0.6,1.9656738719932,2.39355914499902,2,3,2
30,2,2,0.663333333333333,0.69192398499581,1.10397806900437,2,3,4
30,2,2,0.636666666666667,1.26380794600118,1.61093020399858,2,3,4
30,4,2,0.593333333333333,0.869952630993794,1.44081468399963,2,3,2
30,4,4,0.696666666666667,0.820017135993112,1.25487929099472,2,3,2
30,4,4,0.675,0.793012836002163,1.24306179099949,2,3,2
30,4,4,0.62,1.03801128799387,1.45736758899875,2,3,2
30,2,2,0.743333333333333,0.635290624006302,1.14258710600552,2,3,4
30,4,4,0.59,0.981687937994138,1.30495291900297,2,3,2
30,4,4,0.586666666666667,0.729093301008106,1.43641466800182,2,3,2
30,2,2,0.67,0.870647803007159,1.29802704200847,2,3,4
30,2,2,0.706666666666667,0.713998917999561,1.15701329801232,2,3,4
30,2,2,0.763333333333333,0.659864471002948,1.19161223199626,2,3,4
30,4,2,0.758333333333333,0.779874348008889,1.56575934099965,2,3,2
30,4,4,0.691666666666667,0.788234637991991,1.44009036998614,2,3,2
30,2,2,0.775,0.737700184996356,1.18201418800163,2,3,4
30,2,2,0.786666666666667,0.713645640003961,1.08555175299989,2,3,4
30,4,2,0.565,0.773862005007686,1.46572778600967,2,3,2
30,2,2,0.651666666666667,0.594476818994735,1.00633087698952,2,3,4
30,3,3,0.731666666666667,1.05336212899419,1.57597752800211,2,3,1
30,3,3,0.736666666666667,0.693725485005416,1.16076904500369,2,3,1
30,1,1,0.79,1.07071845600149,1.45695019399864,2,3,3
30,1,1,0.751666666666667,0.923727116998634,1.29550557798939,2,3,3
30,1,1,0.79,0.814860197002417,1.15359659800015,2,3,3
30,3,3,0.766666666666667,0.951777540001785,1.266878911003,2,3,1
30,3,3,0.788333333333333,0.941045018000295,1.31917593200342,2,3,1
30,3,3,0.81,0.830458570999326,1.26626590700471,2,3,1
30,3,3,0.568333333333333,1.15577576600481,1.48632322701451,2,3,1
30,1,1,0.595,0.65486122200673,0.994518752006115,2,3,3
30,1,1,0.616666666666667,0.830979460995877,1.18530341700534,2,3,3
30,1,3,0.725,1.27097449199937,1.72225156299828,2,3,3
30,3,3,0.696666666666667,0.936410520997015,1.38671526699909,2,3,1
30,3,3,0.75,0.744669111998519,1.17147945599572,2,3,1
30,3,3,0.758333333333333,0.656823237004573,1.11606440300238,2,3,1
30,3,3,0.636666666666667,0.84409090099507,1.28648229199462,2,3,1
30,1,1,0.678333333333333,0.592372558996431,1.13841555100225,2,3,3
30,1,1,0.62,0.793838447003509,1.11736718099564,2,3,3
30,3,3,0.571666666666667,0.612596191989724,1.72741407698777,2,3,1
30,3,3,0.621666666666667,0.726076328006457,1.19356188000529,2,3,1
30,3,3,0.616666666666667,0.82846924799378,1.27123726600257,2,3,1
30,3,3,0.563333333333333,0.576400442005252,0.883108348003589,2,3,1
30,3,3,0.565,0.740985304000787,1.06506617099512,2,3,1
30,3,3,0.635,0.61012822399789,1.12406603600539,2,3,1
30,1,1,0.611666666666667,0.812469388998579,1.16893276000337,2,3,3
30,1,1,0.653333333333333,0.645401989997481,1.01656262599863,2,3,3
30,3,3,0.675,0.725015456002438,1.17560872901231,2,3,1
30,1,1,0.645,0.796871874001226,1.15149079699768,2,3,3
30,3,3,0.645,0.950333553002565,1.35349404600856,2,3,1
30,1,1,0.681666666666667,0.615669038001215,1.04245406499831,2,3,3
30,1,1,0.608333333333333,0.676814429985825,0.991246365985717,2,3,3
30,3,3,0.67,0.613808356007212,0.920979154005181,2,3,1
30,3,3,0.681666666666667,0.711880953997024,1.0338292009983,2,3,1
30,1,1,0.773333333333333,0.694449299000553,1.07313052499376,2,3,3
30,3,1,0.596666666666667,0.931181010004366,1.54980127800081,2,3,1
30,2,3,0.501666666666667,1.01061041999492,1.44622048399469,2,1,NaN
30,1,1,0.385,0.736333652996109,1.19597175499075,2,1,NaN
30,4,3,0.336666666666667,1.47915425500832,1.96161245800613,2,1,NaN
30,2,1,0.298333333333333,0.943369964996236,1.47496394100017,2,1,NaN
30,4,4,0.416666666666667,0.907458385991049,1.35117844300112,2,1,NaN
30,2,2,0.453333333333333,0.860851842997363,1.13591583899688,2,1,NaN
30,1,1,0.396666666666667,0.823478355989209,1.0811679729959,2,1,NaN
30,2,3,0.42,0.97955961599655,1.23794852300489,2,1,NaN
30,2,3,0.248333333333333,1.04901070000778,2.18847521700081,2,1,NaN
30,2,2,0.43,1.09603408900148,1.46688287200232,2,1,NaN
30,3,3,0.466666666666667,0.996488802993554,1.30432581499917,2,1,NaN
30,4,4,0.501666666666667,0.696040757000446,0.922798682993744,2,1,NaN
30,1,1,0.501666666666667,0.875205978009035,1.07067390100565,2,1,NaN
30,4,4,0.436666666666667,0.776201141008642,0.996392973000184,2,1,NaN
30,1,3,0.448333333333333,1.00009611000132,1.29110826799297,2,1,NaN
30,4,4,0.501666666666667,0.939430811995408,1.14349924199632,2,1,NaN
30,3,3,0.501666666666667,0.852990508996299,1.0956215490005,2,1,NaN
30,4,4,0.501666666666667,0.928668151987949,1.2446852009889,2,1,NaN
30,2,2,0.448333333333333,1.23818940400088,1.61710343099548,2,1,NaN
30,3,3,0.575,1.06869656599883,1.27295447899087,2,1,NaN
30,4,3,0.466666666666667,0.80147128799581,1.21378751800512,2,1,NaN
30,4,4,0.541666666666667,0.935534912001458,1.21089337600279,2,1,NaN
30,4,4,0.566666666666667,0.71901260499726,1.07406767099747,2,1,NaN
30,2,2,0.55,1.03570613899501,1.25445056399622,2,1,NaN
30,4,4,0.52,1.02500679298828,1.4763109159976,2,1,NaN
30,3,3,0.501666666666667,1.11711939799716,1.50305231699895,2,1,NaN
30,2,1,0.471666666666667,1.52786176699738,2.10698070199578,2,1,NaN
30,3,3,0.513333333333333,1.14667563598778,1.41333135600144,2,1,NaN
30,3,3,0.551666666666667,0.969140714005334,1.20305926199944,2,1,NaN
30,4,2,0.535,1.40828257599787,1.69090683199465,2,1,NaN
30,2,2,0.47,1.07558463700116,1.37511845200788,2,1,NaN
30,1,1,0.501666666666667,1.28438065499358,1.53543910000008,2,1,NaN
30,3,3,0.431666666666667,1.02224619100161,1.26432414699229,2,1,NaN
30,2,3,0.426666666666667,0.755053726010374,1.28552128800948,2,1,NaN
30,2,2,0.501666666666667,1.07880768399627,1.29095818399219,2,1,NaN
30,1,1,0.515,1.71348857200064,3.70764522899117,2,2,3
30,2,2,0.518333333333333,0.882561991005787,1.50116405700101,2,2,3
30,3,3,0.518333333333333,0.845294237005874,1.33638418700139,2,2,4
30,1,1,0.56,0.91074038700026,1.28114162400016,2,2,4
30,2,1,0.545,2.0018261570076,2.33348269700946,2,2,1
30,1,1,0.583333333333333,0.986567902000388,1.50160659600806,2,2,2
30,3,3,0.631666666666667,0.96562037600961,1.39302380500885,2,2,4
30,4,4,0.621666666666667,1.36535164200177,1.73710461800511,2,2,1
30,4,4,0.645,0.710519690997899,1.14479834100348,2,2,2
30,2,2,0.621666666666667,0.879813564999495,1.17926190199796,2,2,1
30,2,2,0.628333333333333,0.839930029003881,1.35547535600199,2,2,1
30,2,2,0.653333333333333,0.728495344999828,1.17191842300235,2,2,3
30,2,2,0.538333333333333,1.1531735239987,1.8133495850052,2,2,1
30,1,1,0.568333333333333,0.767859791987576,1.19490969899925,2,2,4
30,3,4,0.528333333333333,1.09550822500023,1.88290885899914,2,2,4
30,4,4,0.615,0.769416107999859,1.19609318599396,2,2,3
30,4,3,0.54,1.16113778900763,1.63566345100116,2,2,3
30,3,4,0.113333333333333,0.766147182992427,2.27398256000015,2,2,1
30,2,2,0.578333333333333,1.1453547590063,1.54014880000614,2,2,4
30,4,4,0.586666666666667,0.963432652992196,1.30286658699333,2,2,1
30,1,1,0.686666666666667,0.758963799002231,1.19423161099257,2,2,3
30,1,1,0.645,0.89390695199836,1.38508283499687,2,2,3
30,1,1,0.576666666666667,1.02183947499725,1.49751163099427,2,2,3
30,1,1,0.613333333333333,0.969387883000309,1.38904953900783,2,2,2
30,1,1,0.645,1.65661555100814,1.94078970100963,2,2,2
30,2,2,0.631666666666667,1.66643851500703,2.13323332100117,2,2,1
30,4,2,0.488333333333333,0.915484398996341,2.01425641399692,2,2,2
30,2,2,0.541666666666667,1.11317002600117,1.37947901799635,2,2,4
30,1,1,0.526666666666667,0.873402494995389,1.03539677200024,2,2,2
30,4,3,0.515,2.21578138699988,2.58649136399617,2,2,3
30,2,2,0.585,1.0140044610016,1.27261510999233,2,2,3
30,2,2,0.585,0.923087716000737,1.25421447800181,2,2,1
30,3,3,0.688333333333333,0.912346539989812,1.30653845399502,2,2,4
30,2,2,0.71,0.867379478993826,1.23918350899476,2,2,4
30,3,3,0.696666666666667,0.697279356987565,1.2850340649893,2,2,1
30,3,3,0.343333333333333,0.927954401995521,1.4984476549871,2,1,NaN
30,3,3,0.386666666666667,1.05088303900266,1.47718252699997,2,1,NaN
30,1,4,0.508333333333333,0.933923228993081,1.24081127200043,2,1,NaN
30,4,4,0.406666666666667,0.764778985001612,1.16720849600097,2,1,NaN
30,2,2,0.556666666666667,0.981189404003089,1.29557447199477,2,1,NaN
30,4,4,0.383333333333333,0.984429434000049,1.32377270401048,2,1,NaN
30,4,4,0.481666666666667,0.714840747998096,1.05457262799609,2,1,NaN
30,3,3,0.59,0.872523747995729,1.26076768399798,2,1,NaN
30,4,3,0.331666666666667,1.26126051400206,2.36030159299844,2,1,NaN
30,1,3,0.288333333333333,1.33355089899851,2.0570434340043,2,1,NaN
30,3,3,0.288333333333333,2.58590689400444,3.30190522200428,2,1,NaN
30,1,4,0.335,2.31545289199858,3.00677814599476,2,1,NaN
30,4,4,0.525,0.905138346002786,1.22017209000478,2,1,NaN
30,2,2,0.561666666666667,1.11952578098862,1.4746404789912,2,1,NaN
30,4,4,0.61,0.763992207997944,1.27968164900085,2,1,NaN
30,3,3,0.501666666666667,0.927889986996888,1.19585969600303,2,1,NaN
30,3,3,0.501666666666667,0.98311979600112,1.23514907300705,2,1,NaN
30,2,2,0.501666666666667,0.95756180799799,1.25718944000255,2,1,NaN
30,3,3,0.573333333333333,0.914676379994489,1.18979755300097,2,1,NaN
30,2,1,0.466666666666667,1.0831884079962,1.66152779999538,2,1,NaN
30,3,3,0.501666666666667,1.03870754600212,1.34706277299847,2,1,NaN
30,2,2,0.561666666666667,1.04004508799699,1.31485266900563,2,1,NaN
30,4,4,0.585,0.706962317999569,1.01373358799901,2,1,NaN
30,2,3,0.465,1.12186974599899,1.58191607100889,2,1,NaN
30,3,3,0.543333333333333,0.873519939006655,1.13281209699926,2,1,NaN
30,1,1,0.55,0.86744955398899,1.17403389199171,2,1,NaN
30,4,3,0.501666666666667,0.988987471995642,1.21503259400197,2,1,NaN
30,3,3,0.501666666666667,0.691080556003726,0.951269197990769,2,1,NaN
30,2,2,0.646666666666667,1.01255733400467,1.27281609499187,2,1,NaN
30,2,2,0.501666666666667,0.905751419995795,1.18126950599253,2,1,NaN
30,1,1,0.47,2.04998538299697,2.45232856100483,2,1,NaN
30,3,3,0.606666666666667,0.869550856004935,1.40153462799208,2,1,NaN
30,1,1,0.501666666666667,0.836808198990184,1.23221050399297,2,1,NaN
30,2,2,0.576666666666667,0.842611364001641,1.14253683699644,2,1,NaN
30,2,2,0.571666666666667,0.757502627006033,1.04006763499638,2,1,NaN
30,3,3,0.693333333333333,0.954725094998139,1.31803257000865,2,2,4
30,3,3,0.601666666666667,0.685027148996596,0.952014436988975,2,2,2
30,4,4,0.665,0.62305018499319,0.888901244994486,2,2,1
30,3,3,0.573333333333333,0.722892044010223,0.941227208008058,2,2,2
30,1,4,0.596666666666667,0.693557481004973,1.08798259300238,2,2,3
30,3,3,0.57,0.689924942998914,0.907956187002128,2,2,4
30,1,3,0.583333333333333,0.725907468004152,0.889485379011603,2,2,3
30,4,4,0.6,0.506262688999414,0.709389629992074,2,2,1
30,3,3,0.675,0.709550578001654,0.905450105012278,2,2,2
30,4,4,0.626666666666667,0.6972730490088,0.901628803010681,2,2,3
30,3,3,0.598333333333333,0.589480577007635,0.831798608007375,2,2,2
30,1,3,0.628333333333333,0.75612427899614,0.951074841999798,2,2,2
30,2,3,0.541666666666667,0.869555359007791,1.10546337200503,2,2,1
30,3,3,0.553333333333333,0.609272283007158,0.924136998000904,2,2,4
30,3,3,0.565,0.612534881991451,0.839937798999017,2,2,4
30,3,3,0.623333333333333,0.603071744000772,0.853271674001007,2,2,2
30,3,3,0.63,0.784732201995212,1.07565969700227,2,2,2
30,2,4,0.71,0.748943967992091,0.977467325996258,2,2,4
30,3,3,0.603333333333333,0.717360961993109,0.952858418997494,2,2,2
30,4,4,0.635,0.639152816991555,1.07442795998941,2,2,2
30,1,4,0.683333333333333,1.42027907900047,1.64039273500384,2,2,4
30,2,3,0.618333333333333,0.706038817996159,0.948372753991862,2,2,1
30,1,4,0.641666666666667,0.756064056011382,1.01384354500624,2,2,3
30,4,4,0.705,0.706392904990935,0.924677791001159,2,2,2
30,1,3,0.575,0.693436849993304,0.944757329998538,2,2,3
30,3,3,0.673333333333333,0.55144654000469,0.803445694007678,2,2,4
30,3,3,0.631666666666667,0.911257750994992,1.77804885500518,2,2,2
30,4,4,0.658333333333333,0.81517246599833,1.05069272000401,2,2,1
30,2,4,0.551666666666667,0.860742239994579,1.22421905100055,2,2,3
30,1,3,0.501666666666667,0.771116236006492,0.982923624003888,2,2,2
30,2,4,0.615,0.659124286001315,0.91780773299979,2,2,3
30,2,4,0.606666666666667,0.886720680995495,1.13754143599363,2,2,4
30,1,3,0.248333333333333,1.02435577700089,5.77209241500532,2,2,2
30,3,3,0.631666666666667,1.38849001299241,2.34444251400419,2,2,4
30,2,1,0.506666666666667,7.63621795500512,8.79242185999465,2,2,1
30,3,3,0.526666666666667,1.08054979699955,1.89274741598638,2,3,2
30,3,3,0.588333333333333,0.868610021003406,1.07045729599486,2,3,2
30,2,2,0.566666666666667,2.96106905699708,3.29244541400112,2,3,3
30,2,2,0.583333333333333,1.9068582530017,2.15103949299373,2,3,3
30,2,2,0.591666666666667,0.883068376002484,1.15770727899508,2,3,3
30,3,3,0.618333333333333,0.605176819008193,0.864744127000449,2,3,2
30,3,3,0.633333333333333,0.561887730989838,0.877184493991081,2,3,2
30,3,3,0.643333333333333,0.55011216699495,0.849633292004,2,3,2
30,2,2,0.705,1.27645921100338,1.56008581499918,2,3,3
30,2,3,0.681666666666667,0.692771617992548,0.966876373000559,2,3,3
30,3,3,0.651666666666667,0.629721588993561,0.912468698996236,2,3,2
30,3,3,0.67,0.600799988009385,0.884061479999218,2,3,2
30,3,3,0.686666666666667,0.701317526996718,1.11216749699088,2,3,2
30,2,2,0.7,0.93580691999523,1.21968409100373,2,3,3
30,3,3,0.626666666666667,0.958756944004563,1.37706118900678,2,3,2
30,3,3,0.605,0.798478972006706,1.10607290700136,2,3,2
30,3,3,0.696666666666667,0.713857148002717,0.972833551000804,2,3,2
30,2,2,0.588333333333333,0.523231219005538,0.910763492996921,2,3,3
30,2,2,0.653333333333333,0.526113982996321,0.945160244998988,2,3,3
30,3,3,0.633333333333333,0.735990836008568,0.96330908901291,2,3,2
30,3,3,0.601666666666667,0.528492505996837,0.755429648997961,2,3,2
30,2,2,0.728333333333333,0.63524098599737,0.82995849699364,2,3,3
30,3,3,0.59,0.64140647900058,0.836692337004934,2,3,2
30,2,3,0.643333333333333,0.743675082994741,0.906797150004422,2,3,3
30,2,2,0.673333333333333,0.57129173600697,0.767606102002901,2,3,3
30,3,3,0.593333333333333,0.692388176990789,0.863109186000656,2,3,2
30,3,3,0.72,0.79425181800616,0.974034441998811,2,3,2
30,2,2,0.583333333333333,0.698979553009849,0.901142759001232,2,3,3
30,3,3,0.623333333333333,0.990923509001732,1.24164348599152,2,3,2
30,3,3,0.635,0.644690183995408,0.902789649000624,2,3,2
30,2,2,0.675,0.664869012005511,0.890883548010606,2,3,3
30,3,3,0.661666666666667,0.71676738098904,0.864661581988912,2,3,2
30,3,3,0.685,0.866444416999002,1.07606729700638,2,3,2
30,3,3,0.625,0.910336208995432,1.1209676629951,2,3,2
30,2,2,0.558333333333333,0.729168404999655,0.940548404003493,2,3,3
31,3,2,0.615,2.02606327401008,4.26933235699835,2,1,NaN
31,1,2,0.555,1.34792886399373,2.42274385600467,2,1,NaN
31,4,4,0.808333333333333,2.08873262100678,3.95481858900166,2,1,NaN
31,4,1,0.41,1.79096796899103,2.66655754900421,2,1,NaN
31,3,2,0.625,1.19405276598991,1.93296688099508,2,1,NaN
31,3,2,0.711666666666667,1.47545416399953,3.00719599200238,2,1,NaN
31,2,2,0.976666666666667,1.18495264399098,2.36396758299088,2,1,NaN
31,2,2,0.581666666666667,1.73613534300239,2.32398063599248,2,1,NaN
31,2,2,0.641666666666667,2.25728641099704,3.51588021899806,2,1,NaN
31,3,3,0.456666666666667,1.67358009499731,3.22818969900254,2,1,NaN
31,4,2,0.63,2.20591186000092,3.04151512499084,2,1,NaN
31,2,1,0.545,1.65708366800391,3.14906438800972,2,1,NaN
31,1,3,0.543333333333333,3.02436039700115,4.06758883099246,2,1,NaN
31,4,4,0.666666666666667,1.361888215004,2.74859317899973,2,1,NaN
31,2,4,0.296666666666667,3.46568979900621,4.76406041500741,2,1,NaN
31,3,3,0.625,3.02285113799735,3.84221593099937,2,1,NaN
31,2,1,0.403333333333333,2.21759738500987,3.22841996600619,2,1,NaN
31,4,2,0.783333333333333,1.46999408899865,2.65748505599913,2,1,NaN
31,4,4,0.876666666666667,1.96182444799342,3.53238715500629,2,1,NaN
31,3,1,0.0566666666666667,3.12134970500483,4.99625035699864,2,1,NaN
31,4,2,0.66,1.75709632199141,2.75182785799552,2,1,NaN
31,2,3,0.81,1.82947650899587,3.05583476000174,2,1,NaN
31,4,4,0.951666666666667,1.58476561099815,2.9157834600046,2,1,NaN
31,1,4,0.301666666666667,2.81709531799424,3.66012251400389,2,1,NaN
31,4,4,0.965,1.31638899398968,2.16813201300101,2,1,NaN
31,4,4,0.313333333333333,4.25876338599483,5.54956823399698,2,1,NaN
31,2,2,0.85,1.38324738800293,2.96935102100542,2,1,NaN
31,3,1,0.538333333333333,2.21383403000073,3.09793386301317,2,1,NaN
31,4,2,0.648333333333333,1.43903047200001,2.44926981099707,2,1,NaN
31,1,1,0.481666666666667,1.45908313099062,4.84572075298638,2,1,NaN
31,2,2,0.97,1.15718640999694,2.98456548099057,2,1,NaN
31,1,1,0.62,1.79527083699941,3.34368415200152,2,1,NaN
31,1,1,0.701666666666667,1.66759399900911,2.97336428400013,2,1,NaN
31,3,2,0.556666666666667,2.17713494799682,3.24375531599799,2,1,NaN
31,3,3,0.918333333333333,1.58870949399716,2.79169743599778,2,1,NaN
31,1,1,0.498333333333333,3.47429037500115,6.85360177000985,2,2,3
31,3,1,0.56,3.42546112000127,4.84404739500314,2,2,1
31,2,2,0.946666666666667,2.11543372699816,3.42243303799478,2,2,3
31,2,2,0.915,1.31200984399766,3.14762171800248,2,2,1
31,1,3,0.923333333333333,1.57474475300114,2.82693731799372,2,2,3
31,2,2,0.921666666666667,1.4675493669929,2.77338509898982,2,2,1
31,1,1,0.915,2.25803048099624,3.75791162799578,2,2,4
31,2,2,0.963333333333333,1.29735854700266,2.30785169299634,2,2,4
31,3,3,0.988333333333333,1.37119235099817,2.797527171002,2,2,4
31,4,3,0.655,3.07299062400125,4.28342371400504,2,2,3
31,2,2,0.995,1.4012236540002,2.8036999800097,2,2,1
31,4,2,0.628333333333333,3.15092932499829,4.04298140699393,2,2,2
31,2,2,0.943333333333333,1.61831488300231,2.52467830700334,2,2,3
31,1,1,0.946666666666667,1.76344515298842,3.30965584798832,2,2,4
31,3,3,0.593333333333333,3.01285363599891,4.07232784898952,2,2,2
31,1,2,0.375,1.9106797479908,5.37634663299832,2,2,2
31,2,2,0.661666666666667,2.72250639800041,3.75791984100942,2,2,4
31,3,3,0.708333333333333,1.9855029330065,2.87530359999801,2,2,4
31,3,3,0.461666666666667,2.80367748200661,4.32747889700113,2,2,1
31,3,2,0.521666666666667,2.82694895500026,3.66282182600116,2,2,2
31,2,2,0.681666666666667,2.17276334500639,2.99973986500117,2,2,1
31,1,1,0.833333333333333,3.03488923299301,3.79806010999891,2,2,4
31,3,3,0.165,3.99165046399867,4.79388042000937,2,2,2
31,1,1,0.381666666666667,1.7877117570024,4.19764560900512,2,2,3
31,1,1,0.468333333333333,4.26353071600897,5.47484618400631,2,2,3
31,2,2,0.503333333333333,9.75917405899963,10.9954391480132,2,2,1
31,1,1,0.678333333333333,1.86037596700771,2.91146246700373,2,2,4
31,3,3,0.801666666666667,3.15647191599419,4.17638471499959,2,2,4
31,1,1,1,1.47306958500121,2.57309656099824,2,2,2
31,4,4,0.84,3.66473887101165,4.68428135001159,2,2,1
31,4,4,0.976666666666667,1.49691333099327,2.64396568099619,2,2,1
31,4,4,0.44,4.22853052400751,5.68689491201076,2,2,1
31,2,2,0.661666666666667,2.05149109599006,3.34165850699355,2,2,3
31,4,4,0.5,3.34722785900522,5.18985697400058,2,2,3
31,2,2,0.658333333333333,3.25541632999375,5.258582252005,2,2,4
31,4,4,0.698333333333333,4.22264082000765,6.04253216700454,2,3,1
31,1,1,0.903333333333333,1.90324177600269,3.3395949669939,2,3,4
31,4,4,0.946666666666667,1.86995977500919,4.05610671400791,2,3,1
31,4,4,0.748333333333333,1.9364738669974,3.81009680200077,2,3,1
31,4,1,0.551666666666667,3.72487127300701,4.73493784001039,2,3,1
31,1,1,0.933333333333333,1.55451802900643,2.61389135601348,2,3,4
31,4,1,0.716666666666667,4.07957607798744,5.48937556099554,2,3,1
31,1,1,0.853333333333333,1.44676256200182,3.25009928000509,2,3,4
31,4,4,0.783333333333333,1.48223679000512,2.30894792899198,2,3,1
31,1,1,0.81,1.491700751998,3.1576465209946,2,3,4
31,4,4,0.513333333333333,2.42706885701045,3.14123248300166,2,3,1
31,1,1,0.86,1.4258422760031,2.25335229700431,2,3,4
31,4,1,0.793333333333333,1.24515015698853,2.57602319499711,2,3,1
31,1,1,0.895,1.51634549599839,2.38274034099595,2,3,4
31,4,4,0.79,1.29875025400543,2.04516664300172,2,3,1
31,4,1,0.871666666666667,1.33541650399275,2.46597590700549,2,3,1
31,4,4,0.961666666666667,1.33911141900171,2.38206056400668,2,3,1
31,1,1,0.78,1.58583535900107,3.22965940499853,2,3,4
31,1,1,0.638333333333333,1.60569101100555,2.75243754399708,2,3,4
31,4,4,0.675,1.43608328100527,2.29535779899743,2,3,1
31,1,1,0.841666666666667,1.47896736400435,2.96111093500804,2,3,4
31,4,4,0.94,1.09336015000008,2.5928787199955,2,3,1
31,1,1,0.983333333333333,1.13914973499777,2.38249196400284,2,3,4
31,1,1,0.896666666666667,1.30645070900209,2.74852035999356,2,3,4
31,4,1,0.776666666666667,1.42553425399819,2.60577607998857,2,3,1
31,4,4,0.858333333333333,1.18381900599343,1.95571677100088,2,3,1
31,1,1,0.91,0.999932113991235,2.4190501789999,2,3,4
31,1,1,0.89,1.21270934000495,3.57605529300054,2,3,4
31,4,1,0.723333333333333,1.41109335899819,3.02208825299749,2,3,1
31,1,1,0.87,1.32752789600636,2.20245160799823,2,3,4
31,4,4,0.818333333333333,1.82186374100274,4.13777304100222,2,3,1
31,4,4,0.878333333333333,1.45347901400237,2.55235640899627,2,3,1
31,1,1,0.928333333333333,1.10073209999246,2.12055419599346,2,3,4
31,4,4,0.941666666666667,1.31098483799724,2.33079773500504,2,3,1
31,4,4,0.661666666666667,3.11134320200654,4.14587504899828,2,3,1
31,2,2,0.0833333333333333,3.58183013201051,5.53629559600085,2,2,1
31,3,2,0.795,1.82672173100582,2.81324284100265,2,2,2
31,1,1,0.605,3.49596596400079,4.58668726400356,2,2,4
31,2,2,0.708333333333333,2.45239523499913,3.58300698499079,2,2,3
31,1,1,0.798333333333333,1.28934954600118,2.46782956000243,2,2,4
31,3,3,0.701666666666667,1.53264891500294,3.34345157799544,2,2,4
31,4,4,0.695,3.00485972999013,4.09498223799164,2,2,3
31,4,2,0.616666666666667,1.75721362399054,2.85647317499388,2,2,2
31,1,1,0.716666666666667,2.16150697100966,3.13227262000146,2,2,3
31,2,2,0.971666666666667,1.16155240900116,2.2845992789953,2,2,3
31,3,4,0.44,3.69998200099508,6.67056336400856,2,2,4
31,2,2,0.63,1.51494249798998,2.31884046499908,2,2,3
31,1,2,0.685,1.49225073598791,2.26274030099739,2,2,2
31,1,1,0.98,1.3597910660028,2.47475155499706,2,2,3
31,4,4,0.505,4.00288867000199,5.44610794101027,2,2,3
31,2,2,0.706666666666667,1.35599751801055,2.03950282299775,2,2,4
31,3,2,0.536666666666667,1.90536504299962,2.78837141899567,2,2,2
31,2,2,0.666666666666667,3.14356230400153,4.13790589499695,2,2,3
31,1,1,0.68,3.81416550801077,4.98492968500068,2,2,3
31,1,1,0.586666666666667,1.40996109999833,2.99837216000014,2,2,3
31,3,3,0.498333333333333,2.672018569996,5.23495962900051,2,2,2
31,2,2,0.68,1.71385093600838,2.7076676160068,2,2,3
31,1,1,0.92,1.48305275499297,3.59098590898793,2,2,3
31,2,2,0.913333333333333,2.76880291600537,3.6828922900022,2,2,4
31,1,1,0.556666666666667,1.81004812699393,4.17377258099441,2,2,2
31,1,2,0.616666666666667,3.26347262800846,4.18560690300365,2,2,2
31,1,1,0.53,1.7726736189943,2.94250105599349,2,2,2
31,2,2,0.661666666666667,2.46057218100759,3.9108862990106,2,2,1
31,2,2,0.783333333333333,1.12523950000468,3.24073519500962,2,2,4
31,4,4,0.573333333333333,2.80864194099559,3.5728178099962,2,2,3
31,4,4,0.505,3.82285544100159,5.54553635900083,2,2,2
31,2,2,0.665,1.04380342399236,1.95216491399333,2,2,3
31,3,3,0.55,1.50090099200315,2.47151354800735,2,2,4
31,2,2,0.871666666666667,1.61611130999518,2.51589639799204,2,2,4
31,2,2,0.951666666666667,1.13744462499744,2.30043149398989,2,2,4
31,2,2,0.641666666666667,1.60106160200667,3.53991289500846,2,1,NaN
31,4,2,0.578333333333333,1.48027294100029,2.60395262000384,2,1,NaN
31,2,2,0.546666666666667,1.58993244801241,2.4243020730064,2,1,NaN
31,4,1,0.54,1.4193076829979,3.06958529099938,2,1,NaN
31,2,2,0.676666666666667,1.14168614099617,1.76051941298647,2,1,NaN
31,1,1,0.656666666666667,1.52606885400019,2.80189220300235,2,1,NaN
31,4,2,0.208333333333333,3.78802184401138,5.67851122700085,2,1,NaN
31,1,2,0.366666666666667,2.31590858400159,3.3584457370016,2,1,NaN
31,3,3,0.445,2.37819291299093,4.05385700799525,2,1,NaN
31,2,2,0.318333333333333,1.277236533002,2.31282069000008,2,1,NaN
31,1,4,0.0783333333333333,1.89494442999421,3.47310778300744,2,1,NaN
31,4,4,0.143333333333333,2.49632835299417,3.94071275899478,2,1,NaN
31,1,1,0.343333333333333,1.97601840000425,3.36240139800066,2,1,NaN
31,4,3,0.298333333333333,2.7252252939943,3.98472074299934,2,1,NaN
31,4,1,0.426666666666667,2.21880958399561,3.03655425099714,2,1,NaN
31,4,2,0.483333333333333,3.95878841300146,6.18486538399884,2,1,NaN
31,2,1,0.428333333333333,2.36907306099602,3.50096271799703,2,1,NaN
31,4,4,0.48,1.59436335599457,2.54189951099397,2,1,NaN
31,4,4,0.138333333333333,1.5947996199975,4.17453397798818,2,1,NaN
31,3,3,0.918333333333333,1.72045808601251,2.74606325000059,2,1,NaN
31,4,1,0.656666666666667,1.42402171899448,2.69953680000617,2,1,NaN
31,4,4,0.331666666666667,2.63364207200357,3.30098757300584,2,1,NaN
31,2,2,0.866666666666667,1.16233856600593,2.18217356300738,2,1,NaN
31,4,2,0.583333333333333,5.16200278799806,6.0683485979971,2,1,NaN
31,1,1,0.631666666666667,1.22515434901288,2.78721321900957,2,1,NaN
31,1,1,0.593333333333333,1.43896984499588,2.47510852600681,2,1,NaN
31,1,1,0.708333333333333,2.3226545949874,3.83830503300123,2,1,NaN
31,1,1,0.78,1.6137073909922,2.54424992398708,2,1,NaN
31,1,1,0.843333333333333,1.35765203500341,2.41626762000669,2,1,NaN
31,1,1,0.811666666666667,1.87568479499896,2.93519669400121,2,1,NaN
31,2,2,0.933333333333333,1.21987637800339,3.09343628799252,2,1,NaN
31,1,1,0.885,1.53311660599138,2.33668300398858,2,1,NaN
31,3,4,0.461666666666667,2.8381704659987,3.88084322199575,2,1,NaN
31,1,2,0.81,1.83930729399435,3.14680249198864,2,1,NaN
31,3,3,0.363333333333333,2.71074263799528,4.36274692798906,2,1,NaN
31,4,3,0.618333333333333,2.80265001399675,4.89455479399476,2,3,3
31,4,4,0.845,2.14710283200839,3.16631554500782,2,3,3
31,4,4,0.97,1.14572581098764,1.93941701199219,2,3,3
31,4,4,0.958333333333333,1.31505176299834,2.40474907298631,2,3,3
31,4,4,0.903333333333333,1.75237772100081,2.71655173499312,2,3,3
31,3,3,0.798333333333333,1.32985725700564,2.47781043700525,2,3,4
31,3,3,0.881666666666667,1.636662496996,2.903425091994,2,3,4
31,4,4,0.52,2.66246465500444,3.79287877099705,2,3,3
31,3,3,1,1.65127586800372,2.86962713599496,2,3,4
31,3,3,0.891666666666667,2.32601919799345,3.48142449799343,2,3,4
31,3,3,0.96,2.59198519399797,5.55377590699936,2,3,4
31,4,4,0.866666666666667,2.96402732501156,3.91993360500783,2,3,3
31,3,3,0.973333333333333,1.27627338000457,2.47113056099624,2,3,4
31,3,3,0.988333333333333,1.07143153999641,2.46584116898885,2,3,4
31,4,4,0.673333333333333,1.28281626300304,2.74147698000888,2,3,3
31,3,3,0.565,1.56322991200432,2.37347865800257,2,3,4
31,3,3,0.546666666666667,1.6342833039962,2.47855787500157,2,3,4
31,4,4,0.593333333333333,2.02132966800127,2.9516575870075,2,3,3
31,4,4,0.828333333333333,1.54107884199766,2.3440980650048,2,3,3
31,4,3,0.53,2.41309313199599,3.19124212799943,2,3,3
31,4,3,0.596666666666667,2.88262514999951,3.7100050230074,2,3,3
31,4,4,0.803333333333333,1.2200704789866,2.69534512198879,2,3,3
31,3,3,0.811666666666667,1.59750743898621,2.65555432799738,2,3,4
31,3,3,0.686666666666667,1.62481184999342,2.81131169499713,2,3,4
31,4,4,0.878333333333333,1.93413403799059,3.57643313199515,2,3,3
31,4,4,0.851666666666667,2.06839974499599,3.01449633900484,2,3,3
31,4,3,0.826666666666667,2.09672203801165,3.08322350100207,2,3,3
31,3,3,0.95,1.37122936200467,2.30181529700349,2,3,4
31,4,4,0.856666666666667,1.18939896899974,2.40740755198931,2,3,3
31,4,4,0.521666666666667,2.25112459399679,3.62209469999652,2,3,3
31,3,3,0.573333333333333,2.09509579699079,2.75353062499198,2,3,4
31,4,4,0.588333333333333,1.22331807400042,1.97753769400879,2,3,3
31,4,4,0.593333333333333,1.43859313499706,2.2505989229976,2,3,3
31,3,3,0.935,1.2109215320088,2.06268001100398,2,3,4
31,4,4,0.638333333333333,1.47065207301057,2.77839586000482,2,3,3
31,3,3,0.7,1.99646750300599,3.47043597500306,2,2,1
31,4,4,0.5,4.1503892299952,7.56231044000015,2,2,1
31,2,2,0.966666666666667,3.46477009699447,4.37114507000661,2,2,1
31,1,2,0.798333333333333,1.50253285201325,2.52867170800164,2,2,3
31,3,3,0.828333333333333,1.88678737299051,2.79376709100325,2,2,1
31,4,2,0.953333333333333,1.78151492499455,2.73526127499645,2,2,2
31,2,2,0.893333333333333,1.22979693299567,2.35283465900284,2,2,4
31,2,2,0.956666666666667,1.65371472200786,2.77724363100424,2,2,3
31,1,1,0.6,2.73165789600171,3.54226569700404,2,2,3
31,3,3,0.898333333333333,1.6029575010034,2.95707729400601,2,2,4
31,4,4,0.831666666666667,2.29072885400092,3.1823236610071,2,2,3
31,3,3,0.586666666666667,1.92783691101067,2.88362946599955,2,2,2
31,1,1,0.945,1.89802902900556,2.70926814801351,2,2,2
31,1,1,0.706666666666667,2.51600081099605,4.01367167499848,2,2,3
31,2,2,0.846666666666667,1.59171254099056,2.30612324899994,2,2,1
31,4,1,0.676666666666667,3.36129782100033,4.49191489299119,2,2,1
31,1,1,0.803333333333333,1.31400193700392,2.39615069699357,2,2,2
31,1,1,0.79,2.74364856800821,3.57115615000657,2,2,3
31,2,2,0.668333333333333,1.2938400629937,2.40997057799541,2,2,4
31,3,3,0.513333333333333,3.12402469399967,4.61578291899059,2,2,4
31,2,2,0.858333333333333,1.39108511898667,2.68948502298736,2,2,1
31,4,2,0.898333333333333,1.29006251200917,2.71786122300546,2,2,2
31,4,4,0.825,1.55506374000106,2.58983142999932,2,2,1
31,4,1,0.888333333333333,1.20152293899446,2.2284827370022,2,2,1
31,3,3,0.816666666666667,1.86992327000189,2.84839154100337,2,2,4
31,3,2,0.623333333333333,1.66624086699449,2.63800841500051,2,2,2
31,4,2,0.791666666666667,1.32621783399372,2.56861416398897,2,2,2
31,3,3,0.623333333333333,2.23740400500537,3.33676944499894,2,2,1
31,2,2,0.871666666666667,1.16499694400409,1.96866139800113,2,2,1
31,3,3,0.636666666666667,1.73315846199694,2.61541322599805,2,2,2
31,1,1,0.441666666666667,2.80216775099689,4.95708668099542,2,2,3
31,1,1,0.935,1.21604251800454,3.52236308500869,2,2,3
31,4,3,0.811666666666667,2.52002014000027,3.33103697000479,2,2,3
31,2,2,0.961666666666667,1.28796401400177,2.33811643799709,2,2,1
31,2,2,0.996666666666667,1.10427777700534,1.95463720000407,2,2,4
31,3,1,0.66,2.31856514899118,3.65808419699897,2,3,1
31,3,3,0.816666666666667,1.68142699499731,2.58142986500752,2,3,1
31,3,1,0.641666666666667,1.80769569399126,2.67559922298824,2,3,1
31,3,3,0.788333333333333,1.78732906701043,2.86237144800543,2,3,1
31,1,1,0.666666666666667,1.4539326489903,2.41766961399117,2,3,3
31,3,3,0.825,1.52340854200884,2.3904358180007,2,3,1
31,3,3,0.846666666666667,2.66617580900493,3.4766395540064,2,3,1
31,3,3,0.593333333333333,1.50799640601326,2.22254403000989,2,3,1
31,1,1,0.846666666666667,2.44976568499987,3.58920070101158,2,3,3
31,3,3,0.96,1.86334851299762,2.87519900299958,2,3,1
31,3,3,0.58,3.37066550800228,4.54097260300478,2,3,1
31,3,3,0.636666666666667,1.22493857301015,1.99684623999929,2,3,1
31,3,3,0.585,1.34351391499513,3.4825984229974,2,3,1
31,1,1,0.873333333333333,2.66531303999363,3.86741158999212,2,3,3
31,3,3,0.651666666666667,1.77903517599043,3.55018758699589,2,3,1
31,1,1,0.991666666666667,1.00133205800375,1.67659310500312,2,3,3
31,1,1,0.906666666666667,1.37269061300321,2.46522799700324,2,3,3
31,1,1,0.835,1.280245603004,2.34769549399789,2,3,3
31,1,3,0.715,2.16860810598882,4.11539310499211,2,3,3
31,1,1,0.958333333333333,1.25607608100108,2.50779514299938,2,3,3
31,3,3,0.85,1.4499558420066,2.61393393400067,2,3,1
31,1,1,0.615,1.36742509600299,2.02711413899669,2,3,3
31,3,3,0.82,1.98049412800174,2.96794894999766,2,3,1
31,3,3,0.67,1.43497080699308,2.50984748199699,2,3,1
31,3,3,0.518333333333333,2.30041358299786,3.78369328100234,2,3,1
31,3,3,0.686666666666667,0.922083375990042,1.70867122100026,2,3,1
31,3,3,0.676666666666667,1.02119641700119,2.18376130900288,2,3,1
31,3,3,0.855,1.35614118799276,2.09374492299685,2,3,1
31,1,1,0.603333333333333,0.894314873003168,1.64991787000326,2,3,3
31,3,3,0.64,1.4110011599987,2.50955081700522,2,3,1
31,3,3,0.643333333333333,1.18910139800573,2.01660269699642,2,3,1
31,1,1,0.506666666666667,1.30707416999212,3.30193308400339,2,3,3
31,1,1,0.531666666666667,1.11599567999656,1.81508146099804,2,3,3
31,1,1,0.875,1.00181064600474,2.17304335800873,2,3,3
31,1,1,0.91,1.35428559100546,2.62926425400656,2,3,3
31,4,3,0.623333333333333,2.36313667301147,3.64667717900011,2,1,NaN
31,2,2,0.601666666666667,1.18230824598868,2.74454021098791,2,1,NaN
31,3,2,0.215,5.28594318601245,7.2965175450081,2,1,NaN
31,4,4,0.476666666666667,1.84327110101003,3.26120885500859,2,1,NaN
31,1,2,0.716666666666667,1.33373518499138,4.61683894899033,2,1,NaN
31,1,1,0.686666666666667,1.63329875199997,3.12415468999825,2,1,NaN
31,2,2,0.865,1.78563133499119,3.82064648099185,2,1,NaN
31,4,4,0.85,1.42971345200203,2.54519631300354,2,1,NaN
31,4,1,0.606666666666667,3.07716146799794,4.06283063199953,2,1,NaN
31,4,4,0.821666666666667,2.00671349398908,3.0576130959962,2,1,NaN
31,3,3,0.883333333333333,1.68146821700793,2.7891858380026,2,1,NaN
31,4,4,0.501666666666667,2.53610028600087,3.45999258699885,2,1,NaN
31,4,2,0.465,1.5227507439995,3.65416907699546,2,1,NaN
31,1,1,0.836666666666667,1.22152352900594,2.88755183400644,2,1,NaN
31,4,4,0.835,1.65523052899516,3.21067968799616,2,1,NaN
31,1,1,0.795,1.66022643000179,2.64060635500937,2,1,NaN
31,1,4,0.778333333333333,2.02511940000113,3.49249519500881,2,1,NaN
31,1,2,0.625,1.50671482201142,2.6220476860035,2,1,NaN
31,3,4,0.643333333333333,1.51944290100073,3.66707887299708,2,1,NaN
31,4,4,0.791666666666667,1.82561432999501,2.80500596799538,2,1,NaN
31,1,2,0.62,1.75197799500893,2.89027500001248,2,1,NaN
31,3,2,0.295,3.1302196480101,4.96411127600004,2,1,NaN
31,4,2,0.436666666666667,1.91052787500666,3.11376830399968,2,1,NaN
31,1,2,0.62,1.37539619300514,2.28974411600211,2,1,NaN
31,1,1,0.568333333333333,1.43429824500345,3.31779137199919,2,1,NaN
31,1,1,0.631666666666667,0.938579785011825,1.82990931801032,2,1,NaN
31,2,2,0.67,1.11195554200094,2.73141590399609,2,1,NaN
31,4,1,0.451666666666667,1.32777119500679,2.67562810701202,2,1,NaN
31,3,3,0.473333333333333,1.99566012900323,3.58134288500878,2,1,NaN
31,2,2,0.548333333333333,1.50429490000533,3.18679738300852,2,1,NaN
31,2,2,0.641666666666667,1.33496130599815,2.08148912199249,2,1,NaN
31,3,2,0.66,1.11367052300193,2.14867973500805,2,1,NaN
31,3,2,0.705,1.14616971800569,2.22950815199874,2,1,NaN
31,4,2,0.611666666666667,1.67099045199575,2.47511056299845,2,1,NaN
31,4,1,0.845,1.62670275899291,2.80614966800204,2,1,NaN
31,1,1,0.606666666666667,2.65862998500234,4.47663514201122,2,3,2
31,2,2,0.956666666666667,1.2994181309914,2.47900074299832,2,3,1
31,1,1,0.841666666666667,1.30253778399492,2.4089801129885,2,3,2
31,2,2,0.696666666666667,1.3881988840003,3.6865728989942,2,3,1
31,1,1,0.783333333333333,1.13423035599408,2.81681862699043,2,3,2
31,2,2,0.781666666666667,1.9390554529964,3.13368618499953,2,3,1
31,1,1,0.658333333333333,1.45087197500106,2.64594027699786,2,3,2
31,2,2,0.96,1.57433261400729,3.57079370500287,2,3,1
31,2,2,0.928333333333333,0.893300572992302,1.8474127399968,2,3,1
31,1,1,0.608333333333333,1.44948997300526,2.31716873100959,2,3,2
31,2,1,0.608333333333333,4.78701951500261,5.98321579299227,2,3,1
31,2,2,0.695,1.81437416000699,2.6801761520037,2,3,1
31,2,2,0.871666666666667,0.976051138000912,1.88251873898844,2,3,1
31,1,2,0.883333333333333,1.37177478100057,2.41466873700847,2,3,2
31,2,2,0.906666666666667,1.32948085200042,2.41932623100001,2,3,1
31,1,1,0.936666666666667,1.19061492598848,2.20151244099543,2,3,2
31,1,1,0.861666666666667,1.01268593699206,2.023049024996,2,3,2
31,1,1,0.571666666666667,1.64315332099795,2.63068883199594,2,3,2
31,1,1,0.903333333333333,0.918961422998109,1.55493395899248,2,3,2
31,2,2,0.836666666666667,1.29677377101325,2.77191014400159,2,3,1
31,2,2,0.863333333333333,0.743585261996486,1.68225843500113,2,3,1
31,1,1,0.708333333333333,1.80339896900114,2.56511994499306,2,3,2
31,1,1,0.61,2.04224248899845,2.85271557699889,2,3,2
31,2,2,0.87,0.957643739995547,2.16815574999782,2,3,1
31,2,2,0.755,2.02949881101085,3.99965760701161,2,3,1
31,2,2,0.868333333333333,1.31340957499924,3.16524290401139,2,3,1
31,1,1,0.896666666666667,1.41677673099912,2.85934094099503,2,3,2
31,2,1,0.501666666666667,2.61941790299898,3.84619693500281,2,3,1
31,1,1,0.575,1.78136276800069,2.69672089099186,2,3,2
31,1,1,0.61,0.927156550009386,1.8666404060059,2,3,2
31,2,2,0.861666666666667,1.16372399700049,2.66182709099667,2,3,1
31,2,2,0.786666666666667,1.09490827900299,2.31393943900184,2,3,1
31,2,2,0.803333333333333,1.90441590599949,3.0509898270102,2,3,1
31,1,1,0.83,1.22753694599669,2.47789707599441,2,3,2
31,2,2,0.89,1.18185959999391,2.09798292900086,2,3,1
31,2,1,0.265,4.85299105399463,6.68040073299198,2,1,NaN
31,3,3,0.876666666666667,1.96397185599199,2.89494380098768,2,1,NaN
31,3,1,0.561666666666667,1.7092799150123,2.46511223001289,2,1,NaN
31,4,3,0.691666666666667,1.74473171400314,3.13882606400875,2,1,NaN
31,2,2,0.798333333333333,1.17552302700642,2.04191566600639,2,1,NaN
31,2,2,0.816666666666667,1.16506323200883,2.39912211400224,2,1,NaN
31,2,2,0.808333333333333,1.12252588399861,2.15808254000149,2,1,NaN
31,3,3,0.266666666666667,2.16269950299466,3.37444753700402,2,1,NaN
31,4,2,0.36,2.01642374999938,3.19485065800836,2,1,NaN
31,1,1,0.67,1.60559695899428,2.84886606599321,2,1,NaN
31,3,3,0.938333333333333,1.54537930300285,3.37245688600524,2,1,NaN
31,4,4,0.808333333333333,1.78367083299963,2.61843821799266,2,1,NaN
31,1,3,0.513333333333333,3.97255071700783,4.81476096800179,2,1,NaN
31,1,2,0.558333333333333,1.76737734000199,2.79499064300035,2,1,NaN
31,3,3,0.948333333333333,1.18130717299937,2.10454298400145,2,1,NaN
31,2,2,0.903333333333333,1.05513475400221,2.06568306199915,2,1,NaN
31,4,2,0.118333333333333,1.21934641800181,2.87867726699915,2,1,NaN
31,4,2,0.875,1.55754683801206,2.54490868400899,2,1,NaN
31,1,1,0.933333333333333,0.997607497003628,2.09626336400106,2,1,NaN
31,4,2,0.875,1.27209651000157,2.04201969399583,2,1,NaN
31,4,4,0.24,2.9253871270048,4.76123191800434,2,1,NaN
31,1,3,0.133333333333333,1.60262913999031,6.71719655899506,2,1,NaN
31,4,2,0.48,1.543427667988,3.17800579298637,2,1,NaN
31,2,2,0.585,1.30941221000103,2.06452673199237,2,1,NaN
31,4,2,0.528333333333333,3.93651255099394,4.65930343299988,2,1,NaN
31,1,4,0.548333333333333,2.00910988300166,7.48387317000015,2,1,NaN
31,3,4,0.448333333333333,2.67070123000303,3.9216213030013,2,1,NaN
31,3,3,0.605,1.79827645298792,2.56224534499052,2,1,NaN
31,2,2,0.796666666666667,1.06116627299343,2.18349968599796,2,1,NaN
31,1,1,0.758333333333333,1.41221768601099,3.71993790200213,2,1,NaN
31,4,1,0.891666666666667,2.32449495700712,3.16000659200654,2,1,NaN
31,1,1,0.943333333333333,0.907691492000595,2.09479345199361,2,1,NaN
31,2,2,0.896666666666667,0.926476660009939,1.78479860301013,2,1,NaN
31,2,2,0.965,0.845679595004185,1.9601225410006,2,1,NaN
31,3,4,0.218333333333333,2.7403727399942,4.15189333198941,2,1,NaN
31,3,3,0.941666666666667,3.16135181300342,5.75603255999158,2,2,2
31,2,2,0.963333333333333,2.58254688700254,6.241571260005,2,2,3
31,1,3,0.611666666666667,2.31898027400894,4.43425914199906,2,2,3
31,2,2,0.89,1.74530379100179,2.86013201200694,2,2,1
31,3,3,0.858333333333333,1.7651066390099,3.18390502000693,2,2,1
31,1,1,0.555,3.86667304299772,6.94232129200827,2,2,4
31,3,3,0.863333333333333,1.95803478799644,2.89772868300497,2,2,1
31,2,2,0.935,1.20824134000577,2.61835878599959,2,2,3
31,3,3,0.846666666666667,1.54118886400829,3.00024945501355,2,2,4
31,1,1,0.853333333333333,2.14665279499604,4.09275288999197,2,2,4
31,4,4,0.921666666666667,4.33989350000047,5.86300785299682,2,2,3
31,4,4,0.828333333333333,2.68369012400217,4.51970105600776,2,2,1
31,2,2,0.91,1.80275193499983,3.09393404299044,2,2,1
31,3,4,0.04,1.71615201099485,5.26419762500154,2,2,4
31,1,2,0.643333333333333,1.89248427000712,4.27051064000989,2,2,2
31,2,2,0.635,2.0620873359876,3.15326497299247,2,2,1
31,3,3,0.69,1.38108280200686,2.5756081490108,2,2,4
31,4,4,0.478333333333333,2.88452400099777,6.48039917400456,2,2,1
31,1,1,0.526666666666667,2.59493842499796,4.14239129899943,2,2,3
31,4,1,0.575,2.54647371699684,3.23724662199675,2,2,1
31,1,3,0,2.0539338170056,7.5365808790084,2,2,4
31,1,1,0.895,2.64954360500269,4.86129069700837,2,2,3
31,1,1,0.753333333333333,1.40301756699046,3.10089481799514,2,2,2
31,2,2,0.885,1.17144578399893,2.21466338400205,2,2,1
31,3,3,0.895,1.63370077099535,3.02043305798725,2,2,1
31,1,1,0.753333333333333,1.10115151198988,2.1445654029958,2,2,2
31,3,3,0.865,1.82166221599618,3.16941059300734,2,2,1
31,2,2,0.923333333333333,1.0606088249915,2.50293281199993,2,2,3
31,1,2,0.503333333333333,2.55093724800099,3.61814055500145,2,2,2
31,3,1,0.663333333333333,1.11482752999291,2.0056703829905,2,2,1
31,2,2,0.888333333333333,1.24918562600214,2.3633308569988,2,2,3
31,1,1,0.685,1.78446485499444,2.746931665999,2,2,2
31,4,2,0.551666666666667,2.27188890099933,3.37851724500069,2,2,2
31,2,2,0.838333333333333,1.98235235799802,3.16034704899357,2,2,1
31,3,3,0.995,1.94146204700519,2.90460756501125,2,2,1
31,3,3,0.966666666666667,2.65096788300434,6.51707102100772,2,3,2
31,3,3,0.936666666666667,1.15993159299251,2.70765501899587,2,3,2
31,3,2,0.52,2.4175053910003,4.16407085899846,2,3,2
31,3,3,0.881666666666667,1.43858726300823,3.06503403600072,2,3,2
31,3,3,0.905,1.27326339299907,2.34070097398944,2,3,2
31,3,3,0.956666666666667,1.53795094200177,2.69244740399881,2,3,2
31,2,2,0.956666666666667,1.26009075299953,2.86447624000721,2,3,3
31,3,3,0.9,1.37493555100809,2.45014731399715,2,3,2
31,2,3,0.566666666666667,1.81153317599092,3.94170908199158,2,3,3
31,2,2,0.881666666666667,1.62569020599767,3.10058942199976,2,3,3
31,3,3,0.89,1.21843609500502,3.01328592699429,2,3,2
31,2,2,0.896666666666667,1.67944665200775,3.09876847700798,2,3,3
31,2,2,0.915,1.5120721229905,2.73255795599835,2,3,3
31,3,3,1,1.39308191499731,2.53935783699853,2,3,2
31,3,3,0.905,2.27345453300222,3.24465514700569,2,3,2
31,3,3,0.956666666666667,1.23673512499954,2.5192576989939,2,3,2
31,3,3,0.846666666666667,1.35002168100618,3.0401474530081,2,3,2
31,2,2,0.541666666666667,2.30617400999472,4.12504566900316,2,3,3
31,2,2,0.511666666666667,2.84974250900268,4.17358708800748,2,3,3
31,3,3,0.606666666666667,1.24750587799645,1.99372076800501,2,3,2
31,2,2,0.58,1.22064067299652,3.75215317000402,2,3,3
31,3,3,0.625,1.2999473939999,2.32723142601026,2,3,2
31,2,2,0.631666666666667,1.78834272398672,3.13585300999694,2,3,3
31,3,3,0.723333333333333,1.54081412499363,2.57568534699385,2,3,2
31,3,2,0.628333333333333,0.979293971002335,2.61545224800648,2,3,2
31,2,2,0.583333333333333,1.34473531400727,2.19552696900791,2,3,3
31,3,3,0.566666666666667,2.27012074900267,3.66559316900384,2,3,2
31,2,2,0.935,1.28043284000887,2.65966797200963,2,3,3
31,2,2,0.703333333333333,1.5485683799925,2.71218884800328,2,3,3
31,2,3,0.566666666666667,2.69316529500065,3.26361435800209,2,3,3
31,2,2,0.615,1.41506145500171,2.62561363399436,2,3,3
31,3,3,0.93,2.08377473799919,3.686345523005,2,3,2
31,2,2,0.858333333333333,2.14874432999932,3.30349279499205,2,3,3
31,2,3,0.828333333333333,1.20600601600017,2.27233665299718,2,3,3
31,2,2,0.875,1.1379320499982,2.37353842500306,2,3,3
31,1,1,0.881666666666667,5.08470803200908,6.75987606000854,2,2,3
31,2,2,0.53,1.96845377898717,2.8444501109916,2,2,3
31,1,2,0.495,3.49172547200578,5.07031558800372,2,2,2
31,1,1,0.696666666666667,1.77272968199395,2.63871383600053,2,2,3
31,3,3,0.78,2.08878441699198,3.93138102399826,2,2,2
31,1,3,0.536666666666667,3.05580827499216,3.86693863199616,2,2,3
31,4,4,0.98,1.53024381499563,2.24508698099817,2,2,2
31,2,2,0.786666666666667,1.99034659199242,3.20943439200346,2,2,1
31,3,3,0.798333333333333,1.33958839799743,2.5266538040014,2,2,1
31,2,2,0.811666666666667,2.46000462501252,3.35897719700006,2,2,1
31,1,1,0.503333333333333,5.22683365999546,9.23065049199795,2,2,3
31,2,2,0.886666666666667,2.31283955300751,4.17912843100203,2,2,1
31,2,2,0.781666666666667,1.90992231199925,3.28160362600465,2,2,1
31,1,4,0.613333333333333,3.06404716499674,4.60252440698969,2,2,4
31,1,1,0.506666666666667,3.55551844500587,4.43122068401135,2,2,4
31,3,3,0.751666666666667,2.40549888199894,6.64906793400587,2,2,4
31,1,2,0.935,2.66895900199597,3.68115123099415,2,2,2
31,2,2,0.861666666666667,2.12679522899271,3.75384237799153,2,2,1
31,1,1,0.578333333333333,4.52527109799848,5.4173093970021,2,2,2
31,1,1,0.543333333333333,2.7116762779915,3.65004374500131,2,2,2
31,3,1,0.498333333333333,6.2344816870027,8.20514466099849,2,2,1
31,1,1,0.248333333333333,4.30538874199556,5.99680642799649,2,2,2
31,1,1,0.773333333333333,4.00479859700135,5.04687726199336,2,2,4
31,2,2,0.665,2.30167485399579,3.02482466900256,2,2,3
31,1,3,0.838333333333333,2.45860148700012,3.37247003799712,2,2,3
31,2,2,0.585,2.56908123000176,3.36334015699686,2,2,3
31,1,3,0.466666666666667,3.15929457900347,4.50627200400049,2,2,3
31,2,2,0.658333333333333,2.4706266150024,5.58635369200783,2,2,4
31,1,1,0.821666666666667,2.10631037200801,4.34044487899519,2,2,3
31,2,2,0.74,1.55297292700561,3.18755224099732,2,2,4
31,4,3,0.491666666666667,6.10304704000009,8.64909973900649,2,2,3
31,2,2,0.75,1.80480725801317,3.27163745601138,2,2,1
31,2,2,0.885,1.61548725100874,2.23364073800622,2,2,4
31,2,2,0.926666666666667,2.09205445500265,3.18264617200475,2,2,1
31,4,3,0.553333333333333,2.6101013749867,3.58889035099128,2,2,3
31,1,1,0.51,2.07643118900887,3.50384161701368,2,1,NaN
31,2,2,0.996666666666667,1.68531359599729,2.37679482500243,2,1,NaN
31,4,3,0.495,2.05897530099901,3.43030050600646,2,1,NaN
31,1,4,0.263333333333333,5.95915147500637,8.36137125300593,2,1,NaN
31,1,1,0.396666666666667,1.79989518399816,2.79473003999738,2,1,NaN
31,1,1,0.315,4.41426162899006,5.99282983598823,2,1,NaN
31,4,2,0.51,1.87293310400855,2.84481644901098,2,1,NaN
31,2,2,0.75,7.63628863000486,9.84706674399786,2,1,NaN
31,1,1,0.245,7.75243695899553,9.42891902200063,2,1,NaN
31,2,2,0.506666666666667,2.2063118119986,3.3376788010064,2,1,NaN
31,3,3,0.72,1.59854659100529,2.60102137600188,2,1,NaN
31,3,3,0.698333333333333,1.3083151900064,2.36820718900708,2,1,NaN
31,1,3,0.648333333333333,1.34805538300134,2.28730505700514,2,1,NaN
31,1,2,0.61,1.71021321999433,3.53824784098833,2,1,NaN
31,3,3,0.961666666666667,1.26975272000709,2.26489823199518,2,1,NaN
31,2,2,0.803333333333333,1.45759709599952,2.53294505800295,2,1,NaN
31,3,3,0.893333333333333,1.13833417800197,2.25410016300157,2,1,NaN
31,2,2,0.525,1.93444256699877,2.97854390999419,2,1,NaN
31,4,1,0.505,13.0523670249968,14.2233607350063,2,1,NaN
31,4,3,0.565,1.54796250000072,2.80641373799881,2,1,NaN
31,1,1,0.73,1.92090054700384,2.82129383400024,2,1,NaN
31,2,2,0.745,1.18928058700112,3.2091378220066,2,1,NaN
31,4,3,0.785,1.35502215400629,3.30278498600819,2,1,NaN
31,4,4,0.501666666666667,4.49211928500154,5.16771133900329,2,1,NaN
31,2,2,0.628333333333333,2.17579284199746,3.26629695900192,2,1,NaN
31,1,2,0.265,6.67392648699752,8.72526931299944,2,1,NaN
31,2,2,0.851666666666667,2.48416735199862,4.32030523699359,2,1,NaN
31,2,2,0.585,2.44357445700734,3.51131318700209,2,1,NaN
31,1,4,0.713333333333333,1.63702855400334,4.19264927999757,2,1,NaN
31,4,4,0.813333333333333,1.23381327799871,3.39726313400024,2,1,NaN
31,2,2,0.768333333333333,1.61477323000145,2.73072937400138,2,1,NaN
31,2,2,0.85,1.86227372000576,2.84946616599336,2,1,NaN
31,2,4,0.525,2.13791307600331,3.1170077269926,2,1,NaN
31,3,3,0.805,2.08296759800578,2.91008483500627,2,1,NaN
31,3,4,0.313333333333333,4.33971359400311,6.09582062400295,2,1,NaN
31,2,2,0.701666666666667,1.67266225999629,3.89977470699523,2,1,NaN
31,3,2,0.62,2.25674401200376,3.31707749700581,2,1,NaN
31,2,2,0.758333333333333,1.63341241299349,2.70874530199217,2,1,NaN
31,1,4,0.535,2.73089777800487,3.35822527200799,2,1,NaN
31,4,4,0.265,1.56245177600067,2.67701057199156,2,1,NaN
31,4,4,0.741666666666667,1.50882361900585,3.26369796700601,2,1,NaN
31,4,4,0.516666666666667,2.34373833599966,3.32200148499396,2,1,NaN
31,1,1,0.75,1.20753128800425,2.37885772700247,2,1,NaN
31,2,2,0.766666666666667,1.27823176298989,2.37779903499177,2,1,NaN
31,3,4,0.44,2.67733801700524,3.89608577000035,2,1,NaN
31,1,1,0.37,2.79773554499843,3.80043407999619,2,1,NaN
31,2,2,0.4,1.73840456501057,2.76499973400496,2,1,NaN
31,1,4,0.503333333333333,1.44116325699724,2.22062669500883,2,1,NaN
31,1,2,0.506666666666667,2.7033218860015,4.05759902299906,2,1,NaN
31,1,1,0.606666666666667,1.63348787500581,2.62863962500705,2,1,NaN
31,3,3,0.748333333333333,1.61366329800512,2.65703097899677,2,1,NaN
31,2,2,0.816666666666667,1.40163413499249,2.26807205899968,2,1,NaN
31,3,3,0.756666666666667,1.86123993199726,2.88055986900872,2,1,NaN
31,2,2,0.598333333333333,1.84775401599472,2.90535491099581,2,1,NaN
31,3,3,0.751666666666667,1.72053945000516,2.77998521301197,2,1,NaN
31,2,2,0.63,1.45496115699643,2.64247105699906,2,1,NaN
31,1,1,0.86,1.73943615998724,2.86200969399943,2,1,NaN
31,4,2,0.793333333333333,1.51892901300744,2.86609950600541,2,1,NaN
31,4,4,0.493333333333333,2.09726478200173,3.50781371899939,2,1,NaN
31,1,3,0.575,2.74626348199672,3.64493648400821,2,1,NaN
31,4,3,0.753333333333333,1.59692986900336,3.1366905610048,2,1,NaN
31,1,2,0.623333333333333,1.26904769099201,2.40751316599199,2,1,NaN
31,4,3,0.621666666666667,1.73917089099996,3.57342784099455,2,1,NaN
31,3,3,0.795,1.48971828600042,2.17967401600617,2,1,NaN
31,2,2,0.606666666666667,1.84024786500959,3.42840966299991,2,1,NaN
31,3,3,0.508333333333333,2.04406503599603,2.61523809599748,2,1,NaN
31,4,2,0.705,1.24116756999865,3.22015839300002,2,1,NaN
31,1,1,0.755,1.11819562900928,2.20863344900135,2,1,NaN
31,4,4,0.586666666666667,1.59568607399706,4.37521222099895,2,1,NaN
31,3,3,0.723333333333333,1.6650075570069,5.1239900799992,2,1,NaN
31,2,2,0.633333333333333,7.13118483200378,7.93331235399819,2,3,4
31,4,4,0.496666666666667,3.03730531100882,4.88786001800327,2,3,2
31,4,2,0.526666666666667,2.20483126898762,3.11246627999935,2,3,2
31,2,2,0.603333333333333,2.59698744199704,3.79129735600145,2,3,4
31,4,2,0.546666666666667,4.01762210100424,5.02791182999499,2,3,2
31,2,2,0.895,1.08394080300059,2.0550735709985,2,3,4
31,4,4,0.693333333333333,1.98478890099796,3.11674682000012,2,3,2
31,2,2,0.686666666666667,1.91268129400851,2.95631312399928,2,3,4
31,4,2,0.805,1.87972438799625,2.73904728399066,2,3,2
31,2,2,0.796666666666667,1.42364702300983,2.56980923400261,2,3,4
31,2,4,0.616666666666667,2.11069671400764,2.85908705400652,2,3,4
31,2,2,0.501666666666667,4.96242081299715,5.38810962899879,2,3,4
31,2,2,0.893333333333333,1.06926569699135,1.84908620399074,2,3,4
31,4,4,0.575,1.51408088099561,2.54154318600195,2,3,2
31,4,4,0.838333333333333,2.05837928199617,2.81382439000299,2,3,2
31,4,4,0.813333333333333,2.04666719699162,3.86442198899749,2,3,2
31,2,2,0.605,2.47200696299842,3.86664609699801,2,3,4
31,2,2,0.535,2.25850462500239,3.62871569299023,2,3,4
31,2,2,0.76,1.68505958899914,3.09748917000252,2,3,4
31,2,2,0.941666666666667,2.12641915801214,5.09745824300626,2,3,4
31,2,2,0.95,1.70191898099438,2.81749505299376,2,3,4
31,4,4,0.673333333333333,2.07420585000364,3.38879994300078,2,3,2
31,2,2,0.908333333333333,1.6555968610046,2.89166961101,2,3,4
31,2,2,0.74,1.89857403800124,2.75728313700529,2,3,4
31,4,4,0.951666666666667,2.75405685300939,3.7974678180035,2,3,2
31,2,2,0.93,1.32562323599996,3.1850062260055,2,3,4
31,2,2,1,1.57190304801043,2.47928468300961,2,3,4
31,2,2,0.491666666666667,4.2781348110002,5.43364864400064,2,3,4
31,2,2,0.576666666666667,2.15960868200636,2.79460887800087,2,3,4
31,2,2,0.61,1.81248054899334,2.34481868598959,2,3,4
31,2,2,0.765,1.67644183899392,2.40059705499152,2,3,4
31,4,2,0.565,2.37121931799629,3.10930521199771,2,3,2
31,4,4,0.91,1.96427652900456,3.35230266900908,2,3,2
31,4,4,0.885,1.83457894901221,3.22928588700597,2,3,2
31,4,2,0.65,1.75876157499442,2.6905241439963,2,3,2
31,1,1,0.658333333333333,2.26864735099662,4.16744102099619,2,2,4
31,3,3,0.816666666666667,1.94674658098666,2.65361477898841,2,2,2
31,2,2,0.625,2.5820615440025,3.62581545799912,2,2,4
31,3,3,0.5,4.71438607099117,5.84511065299739,2,2,2
31,2,2,0.598333333333333,2.01914683399082,4.28576404199703,2,2,3
31,1,3,0.546666666666667,2.73208687799342,3.87851484899875,2,2,3
31,1,1,0.666666666666667,2.26134280899714,3.87127269699704,2,2,3
31,1,4,0.853333333333333,2.2066727019992,4.13694778000354,2,2,4
31,1,1,0.503333333333333,6.63796117799939,7.38441798300482,2,2,3
31,4,4,0.92,2.10314261300664,2.77076892199693,2,2,2
31,3,3,0.568333333333333,2.18961991500692,3.30600176000735,2,2,2
31,2,2,0.656666666666667,2.36714002098597,3.02591299399501,2,2,3
31,2,2,0.765,1.74021943900152,3.63012786400213,2,2,1
31,1,1,0.638333333333333,2.76752809800382,4.12238753600104,2,2,2
31,3,3,0.501666666666667,5.96691357399686,7.65074145399558,2,2,2
31,2,2,0.663333333333333,1.98069237900199,2.52884616599476,2,2,1
31,3,3,0.841666666666667,2.44586800999241,3.62475930299843,2,2,4
31,2,2,0.598333333333333,1.87404225899081,2.50877466499514,2,2,1
31,4,2,0.758333333333333,5.87627286999486,8.01510784499987,2,2,2
31,3,3,0.84,2.56397229799768,5.35956738798996,2,2,2
31,1,1,0.5,4.19273958999838,4.92289362600422,2,2,4
31,2,2,0.625,2.23918458999833,3.02728575700894,2,2,4
31,2,2,0.68,1.97926574099984,3.06165977699857,2,2,4
31,3,4,0.738333333333333,2.53443759599759,3.63316494900209,2,2,4
31,1,1,0.56,5.9932169370004,7.95691843699024,2,2,3
31,3,3,0.645,2.02725897998607,2.87789063899254,2,2,4
31,1,1,0.628333333333333,3.70980040999711,5.64130173099693,2,2,4
31,4,4,0.546666666666667,2.79910690399993,3.49048764600593,2,2,3
31,1,3,0.465,3.48015215300256,4.1315313380037,2,2,3
31,2,2,0.681666666666667,2.18308040298871,2.70579966600053,2,2,4
31,1,1,0.795,3.02464371600945,3.90004279700224,2,2,4
31,4,4,0.938333333333333,2.80967608599167,4.3961181880004,2,2,1
31,3,3,0.895,2.54136078599549,4.12030374600727,2,2,4
31,3,3,0.681666666666667,2.84527433299809,4.18446305800171,2,2,2
31,1,2,0.636666666666667,2.71415326399438,3.83620225699269,2,2,2
32,1,2,0.578333333333333,0.999077474989463,1.64132397698995,2,3,2
32,1,1,0.575,0.972051117001683,2.10327883300488,2,3,2
32,1,1,0.768333333333333,1.24650377099169,2.08108282298781,2,3,2
32,2,2,0.668333333333333,0.961222926998744,2.18934923400229,2,3,1
32,2,2,0.926666666666667,1.00805336800113,1.87454088300001,2,3,1
32,2,2,0.621666666666667,1.73898385799839,2.76681960799033,2,3,1
32,2,2,0.916666666666667,1.28179763100343,2.03792356100166,2,3,1
32,2,2,0.863333333333333,1.04727131398977,1.92944433299999,2,3,1
32,1,1,0.465,0.896323605004,1.58696726200287,2,3,2
32,2,2,0.928333333333333,0.824737233997439,1.61092929099686,2,3,1
32,1,1,0.373333333333333,1.64650235100999,2.40094677801244,2,3,2
32,2,2,0.698333333333333,0.980702054992435,1.67262897000182,2,3,1
32,1,1,0.501666666666667,2.47256411399576,2.89303414800088,2,3,2
32,1,1,0.566666666666667,1.35565329200472,1.87050020600145,2,3,2
32,1,1,0.501666666666667,1.51072367299639,1.9141766870016,2,3,2
32,2,2,0.715,1.23221569698944,2.37899698699766,2,3,1
32,2,2,0.988333333333333,1.03112297500775,2.16176489299687,2,3,1
32,1,2,0.488333333333333,1.5430978499935,2.90710743099044,2,3,2
32,1,1,0.546666666666667,1.14452235800854,1.80296628701035,2,3,2
32,2,2,0.696666666666667,0.854763730007107,1.36944745300571,2,3,1
32,2,2,0.658333333333333,0.902772451008786,1.39391181700921,2,3,1
32,2,2,0.568333333333333,1.18972844300151,1.73641523899278,2,3,1
32,1,1,0.463333333333333,1.01568258799671,1.91430117900018,2,3,2
32,2,2,0.715,1.07290139699762,1.83721865699044,2,3,1
32,2,1,0.143333333333333,0.942576830988401,2.16905507099,2,3,1
32,1,2,0.501666666666667,1.08507995700347,1.56010471800982,2,3,2
32,1,1,0.675,0.997050887992373,1.74517609699978,2,3,2
32,2,2,0.67,0.870055757011869,1.944750663999,2,3,1
32,2,2,0.805,0.942660780987353,1.57767570199212,2,3,1
32,2,2,0.801666666666667,1.03036299599626,2.04894478799542,2,3,1
32,2,2,0.42,1.14658127799339,1.79876430600416,2,3,1
32,2,2,0.756666666666667,0.793796570011182,1.5479464240052,2,3,1
32,2,2,0.911666666666667,0.738731626988738,1.74160618799215,2,3,1
32,2,2,0.666666666666667,0.771899597995798,1.5348808169947,2,3,1
32,1,1,0.68,1.31014621499344,3.17624430799333,2,3,2
32,2,2,0.645,1.25753759499639,1.91643007998937,2,2,3
32,1,1,0.535,1.34678358100064,3.81473394900968,2,2,4
32,2,2,0.94,1.00710416099173,2.04949598599342,2,2,4
32,3,3,0.796666666666667,1.29949002199282,1.90139158300008,2,2,2
32,1,1,0.8,1.27782481099712,1.88039838100667,2,2,4
32,2,2,0.75,1.14586015099485,2.05199981000624,2,2,4
32,3,3,0.731666666666667,1.26155372700305,1.76119036100863,2,2,1
32,3,3,0.895,1.13423841899203,1.8721452030004,2,2,1
32,1,4,0.496666666666667,1.67426626100496,4.37264588300604,2,2,4
32,4,4,0.84,1.18340076600725,1.89143367701035,2,2,1
32,3,1,0.331666666666667,1.80292587200529,3.19053466100013,2,2,1
32,1,2,0.726666666666667,2.32064161800372,3.06689119999646,2,2,2
32,2,2,0.601666666666667,1.1957504979946,2.3825264939951,2,2,4
32,1,1,0.255,3.63392662699334,4.68457790398679,2,2,3
32,3,3,0.356666666666667,3.27397905600083,4.67687737499364,2,2,1
32,1,3,0.508333333333333,3.17135867400793,5.83132209700125,2,2,3
32,4,3,0.703333333333333,1.43664262599486,3.40769926199573,2,2,3
32,2,2,0.916666666666667,1.14539268100634,1.98883918000502,2,2,1
32,3,3,0.815,1.32809943199391,2.37046688600094,2,2,1
32,2,2,0.688333333333333,1.01595867700235,2.01057887000206,2,2,1
32,4,2,0.66,2.62165540900605,3.27996425599849,2,2,2
32,2,2,0.61,0.991247639001813,1.61761041499267,2,2,1
32,3,3,0.736666666666667,2.19806921599957,3.34570063799038,2,2,4
32,3,3,0.545,1.63669156099786,3.16063011699589,2,2,1
32,4,1,0.46,2.28363303700462,4.06164082900796,2,2,1
32,2,2,0.796666666666667,1.18121881299885,2.04779751801107,2,2,1
32,1,2,0.555,1.18565709399991,2.25343393199728,2,2,2
32,4,2,0.555,5.11842926600366,6.36877911200281,2,2,2
32,1,4,0.503333333333333,2.35254896900733,3.60494807900977,2,2,4
32,3,3,0.815,1.28606783600117,2.32006979300058,2,2,2
32,3,3,0.696666666666667,1.26279164200241,2.33105741499458,2,2,4
32,1,2,0.605,2.93592145199364,3.73040999399382,2,2,2
32,2,2,0.585,1.12675548999687,1.74504712199268,2,2,4
32,3,3,0.501666666666667,1.03145691899408,1.31556050699146,2,2,2
32,4,2,0.883333333333333,1.5624969950004,2.27643265500956,2,2,2
32,2,2,0.555,1.06662383100775,2.05271860399807,2,1,NaN
32,3,3,0.693333333333333,1.18305598499137,2.16299440099101,2,1,NaN
32,1,1,0.57,1.11839294899255,2.1223902849888,2,1,NaN
32,1,1,0.748333333333333,1.79196733300341,2.6758140620077,2,1,NaN
32,3,3,0.848333333333333,1.08372531399073,1.71134946699021,2,1,NaN
32,4,3,0.565,3.50187694499618,4.10481464699842,2,1,NaN
32,4,2,0.501666666666667,1.43755136299296,2.19272826999077,2,1,NaN
32,3,3,0.653333333333333,1.46903768800257,2.41522266399988,2,1,NaN
32,4,2,0.591666666666667,1.34581163300027,1.81295070599299,2,1,NaN
32,4,4,0.7,1.32798557200294,2.08376769200549,2,1,NaN
32,3,2,0.373333333333333,1.18702410800324,2.03007717900618,2,1,NaN
32,2,2,0.52,1.12832313099352,1.85187513098936,2,1,NaN
32,4,4,0.478333333333333,1.47702776800725,2.66470601300534,2,1,NaN
32,4,4,0.506666666666667,1.56802770200011,2.65918704500655,2,1,NaN
32,2,1,0.0766666666666667,1.29202333599096,2.58244935399853,2,1,NaN
32,1,2,0.476666666666667,1.33780030799971,2.45370823598932,2,1,NaN
32,2,2,0.746666666666667,1.24599488099921,1.92887730299844,2,1,NaN
32,3,3,0.8,1.22393892900436,2.07448843700695,2,1,NaN
32,4,4,0.541666666666667,1.53135814399866,2.42328701399674,2,1,NaN
32,4,3,0.505,1.37694055800966,2.37221638900519,2,1,NaN
32,3,3,0.683333333333333,1.20804345699435,2.3784894089913,2,1,NaN
32,3,2,0.75,1.40739637200022,3.52286948999972,2,1,NaN
32,2,2,0.611666666666667,1.22332307799661,1.96235157900082,2,1,NaN
32,1,1,0.823333333333333,1.42375198400987,2.42647811400821,2,1,NaN
32,2,2,0.808333333333333,1.14017949100526,1.77528616899508,2,1,NaN
32,4,3,0.518333333333333,1.4761878940044,2.51070133900794,2,1,NaN
32,1,1,0.445,1.14129429000604,1.97614985500695,2,1,NaN
32,2,2,0.573333333333333,0.892755114007741,1.76812649100611,2,1,NaN
32,2,2,0.595,0.844927221012767,1.63878711800498,2,1,NaN
32,4,3,0.553333333333333,1.39376320100564,2.02907615700678,2,1,NaN
32,3,3,0.641666666666667,1.09496497501095,2.11448030899919,2,1,NaN
32,4,3,0.493333333333333,2.31307573600498,3.17204463499365,2,1,NaN
32,4,2,0.635,3.64674065999861,4.78653256500547,2,1,NaN
32,2,2,0.713333333333333,0.995022570001311,1.59873579199484,2,1,NaN
32,3,3,0.75,1.27438399399398,2.26152533398999,2,1,NaN
32,1,3,0.591666666666667,1.02795959600189,2.07123627400142,2,1,NaN
32,3,3,0.771666666666667,1.17579666800157,1.85129366100591,2,1,NaN
32,2,2,0.85,1.34917815600056,2.29530698199233,2,1,NaN
32,1,1,0.605,1.3432298740081,2.13716110499809,2,1,NaN
32,1,1,0.533333333333333,1.05584668699885,2.07474282200565,2,1,NaN
32,1,3,0.521666666666667,1.47609023099358,2.07002350599214,2,1,NaN
32,4,3,0.591666666666667,1.39951883700269,2.03534601800493,2,1,NaN
32,4,1,0.23,2.62074605200905,3.48888765199808,2,1,NaN
32,3,3,0.661666666666667,1.07857651700033,1.51359592199151,2,1,NaN
32,2,2,0.651666666666667,1.26506818999769,1.93899356799375,2,1,NaN
32,2,2,0.696666666666667,1.01819002100092,1.50873078900622,2,1,NaN
32,1,3,0.0983333333333333,1.22126568200474,2.41599539500021,2,1,NaN
32,3,3,0.66,1.06679681099195,1.58139438400394,2,1,NaN
32,1,2,0.631666666666667,1.42665555900021,1.92442192400631,2,1,NaN
32,4,3,0.461666666666667,1.72461762398598,2.66408867899736,2,1,NaN
32,2,2,0.246666666666667,2.24704450700665,3.12283341400325,2,1,NaN
32,1,1,0.13,2.11221337399911,2.86822852300247,2,1,NaN
32,3,3,0.423333333333333,1.36282805600786,2.23709172300005,2,1,NaN
32,3,3,0.713333333333333,1.07150792000175,1.54793919999793,2,1,NaN
32,3,3,0.611666666666667,0.888608234992716,1.38818630699825,2,1,NaN
32,3,3,0.583333333333333,0.888521152999601,1.32380344100238,2,1,NaN
32,3,3,0.615,0.779543565004133,1.42968574100814,2,1,NaN
32,1,1,0.458333333333333,1.08138153799518,1.82084601800307,2,1,NaN
32,3,3,0.548333333333333,1.03163913299795,1.49934804899385,2,1,NaN
32,3,3,0.826666666666667,1.13829681700736,1.98934154100425,2,1,NaN
32,3,3,0.793333333333333,0.873682646008092,1.50779536300979,2,1,NaN
32,4,2,0.596666666666667,0.820573075005086,1.89700114300649,2,1,NaN
32,2,2,0.743333333333333,1.31143812599475,2.65213101699192,2,1,NaN
32,1,2,0.775,1.30744931699883,1.84642379799334,2,1,NaN
32,4,1,0.246666666666667,2.56825082600699,3.59445075401163,2,1,NaN
32,3,1,0.266666666666667,2.18851070800156,3.07109083900286,2,1,NaN
32,4,3,0.138333333333333,0.951108544002636,2.20244520099368,2,1,NaN
32,4,1,0.055,1.46193600200058,3.57750594400568,2,1,NaN
32,2,2,0.791666666666667,1.0988913080073,1.54254719099845,2,1,NaN
32,4,3,0.533333333333333,1.82859946398821,2.63170248099777,2,1,NaN
32,2,2,0.561666666666667,1.3177833219961,2.32888283699867,2,3,4
32,4,4,0.86,1.05538629299554,1.82522144299583,2,3,2
32,4,4,0.788333333333333,0.813235116002033,1.84719735999533,2,3,2
32,2,2,0.693333333333333,1.89772596399416,2.80531294899993,2,3,4
32,4,4,0.895,1.08783104899339,1.80267628800357,2,3,2
32,2,2,0.723333333333333,0.974552075000247,1.79426766101096,2,3,4
32,2,2,0.916666666666667,1.08421594300307,1.65573663200485,2,3,4
32,2,2,0.871666666666667,0.976241330004996,1.69242811499862,2,3,4
32,2,2,0.958333333333333,0.868009521000204,1.63086254500377,2,3,4
32,2,2,0.973333333333333,1.17800134100253,1.87734666001052,2,3,4
32,4,4,0.86,1.90874418900057,2.86421220100601,2,3,2
32,2,2,0.81,1.09530811900913,1.67528419900918,2,3,4
32,4,2,0.0383333333333333,1.13189211899589,2.38202665999415,2,3,2
32,2,2,0.916666666666667,0.978073527003289,1.7418376620044,2,3,4
32,4,4,0.696666666666667,1.0441797139938,1.77445541399356,2,3,2
32,4,2,0.9,1.41127508899081,1.99022830699687,2,3,2
32,2,2,0.948333333333333,0.889795194001636,1.60455286400975,2,3,4
32,2,2,0.836666666666667,0.928506387004745,1.69253013801062,2,3,4
32,4,4,0.928333333333333,0.884616950992495,1.73506111399911,2,3,2
32,4,4,0.953333333333333,0.773128619010095,1.49558314100432,2,3,2
32,2,2,0.97,0.831624640995869,1.9941689089901,2,3,4
32,4,2,0.675,1.3175319039874,2.13559979099955,2,3,2
32,2,2,0.93,0.790985055995407,1.62501821499609,2,3,4
32,4,4,0.748333333333333,0.813079168001423,1.80051936100062,2,3,2
32,4,4,0.533333333333333,1.62766304000979,2.41491563500313,2,3,2
32,4,4,0.743333333333333,1.52031546499347,2.53977132299042,2,3,2
32,4,2,0.553333333333333,1.08920646700426,2.10835261900502,2,3,2
32,2,2,0.735,1.10737615199469,2.07048526298604,2,3,4
32,2,2,0.97,1.03105664000032,1.91534004299319,2,3,4
32,4,2,0.72,1.16960954898968,2.06135497699142,2,3,2
32,2,2,0.81,1.09329892499954,1.80797032998817,2,3,4
32,4,4,0.681666666666667,1.47538515199267,2.14982931199484,2,3,2
32,2,2,0.903333333333333,0.707697402001941,1.24611957499292,2,3,4
32,4,2,0.501666666666667,1.28824151400477,2.20370505799656,2,3,2
32,2,2,0.71,0.886444174000644,1.42507204100548,2,3,4
32,1,2,0.501666666666667,2.21666834800271,2.9248555660015,2,2,2
32,4,2,0.631666666666667,1.11429670800862,1.51614671699645,2,2,2
32,2,2,0.42,0.868516581002041,1.5271372749994,2,2,1
32,4,1,0.0666666666666667,0.862094354000874,2.28107220100355,2,2,1
32,1,1,0.39,1.64095949599869,2.9552383239934,2,2,4
32,3,3,0.881666666666667,1.25656614299805,1.98649456999556,2,2,4
32,4,4,0.501666666666667,1.56720318700536,2.21898275600688,2,2,2
32,2,2,0.83,1.00540021900088,1.47254027500458,2,2,1
32,3,3,0.33,1.11330056800216,1.66885061899666,2,2,1
32,2,2,0.848333333333333,0.989674982993165,1.44979851700191,2,2,3
32,3,2,0.005,0.875380739002139,2.20633200899465,2,2,2
32,2,2,0.955,1.14584394400299,1.93947084200045,2,2,3
32,3,3,0.851666666666667,1.02702229200804,1.63843034500314,2,2,4
32,3,3,0.651666666666667,1.3843658320111,1.97185205601272,2,2,1
32,3,3,0.851666666666667,1.40844840199861,1.995984106994,2,2,2
32,2,2,0.781666666666667,1.0945277580031,1.64947287199902,2,2,3
32,1,1,0.64,1.86778333300026,3.42258579500776,2,2,2
32,4,2,0.623333333333333,1.62406708298658,2.08387362898793,2,2,2
32,1,1,0.688333333333333,1.99472200100718,2.50291129900143,2,2,3
32,2,2,0.935,0.989254852000158,1.74422138500086,2,2,1
32,1,1,0.83,1.06972150200454,1.70417335900129,2,2,2
32,2,2,0.89,0.977138312999159,1.73983330800547,2,2,4
32,4,3,0.896666666666667,1.26607008000428,1.89292797699454,2,2,3
32,4,3,0.495,1.54857534400071,2.78481094200106,2,2,3
32,2,2,0.83,0.995288813006482,1.54953371999727,2,2,1
32,4,2,0.895,1.34053597999446,1.94414772599703,2,2,2
32,3,3,0.861666666666667,1.06102706000092,1.77656305700657,2,2,1
32,3,3,0.866666666666667,1.25242673099274,1.84824283399212,2,2,4
32,3,2,0.368333333333333,1.64870073201018,2.56323096599954,2,2,2
32,3,3,0.681666666666667,1.36077179899439,2.13933668199752,2,2,4
32,1,1,0.881666666666667,1.60125835899089,2.53196932699939,2,2,3
32,2,2,0.766666666666667,1.12166012900707,1.69312558000092,2,2,1
32,2,2,0.936666666666667,1.82918337000592,2.79999947700708,2,2,3
32,1,1,0.378333333333333,1.19414402700204,2.11692335900443,2,2,4
32,2,2,0.501666666666667,1.0207584680029,1.73593636399892,2,2,1
32,2,2,0.553333333333333,1.05174814700149,1.95060255700082,2,2,3
32,4,1,0.441666666666667,1.45913008600473,2.30997951701283,2,2,1
32,3,3,0.785,1.90128018399992,3.19932251100545,2,2,1
32,1,3,0.0766666666666667,2.73702513799071,3.41983837699809,2,2,3
32,2,2,0.388333333333333,1.24559979699552,2.20152529500774,2,2,4
32,3,2,0.6,1.72300268599065,2.73425993799174,2,2,2
32,1,1,0.633333333333333,1.45944421300374,2.21475183201255,2,2,3
32,3,3,0.576666666666667,1.3935861899954,2.52355889999308,2,2,4
32,4,1,0.145,2.1463174620003,3.13283911500184,2,2,1
32,2,2,0.325,1.08263406399055,1.94140766799683,2,2,4
32,2,2,0.343333333333333,1.02759793799487,1.77582800800155,2,2,3
32,4,1,0.0316666666666667,1.29928495700005,2.14280785500887,2,2,1
32,4,4,0.815,1.53960950500914,2.57537402800517,2,2,3
32,3,2,0.541666666666667,1.82620464600041,2.97375269400072,2,2,2
32,4,3,0.501666666666667,1.7615394010063,2.36393030399631,2,2,3
32,3,3,0.613333333333333,1.25662637699861,1.65933158100233,2,2,2
32,1,1,0.576666666666667,1.22817999300605,1.73528012901079,2,2,4
32,4,1,0.426666666666667,1.67745673199533,2.42451347499446,2,2,1
32,4,3,0.648333333333333,1.02699102000042,2.30258071499702,2,2,3
32,2,2,0.95,1.30974496999988,2.49568968100357,2,2,4
32,4,4,0.596666666666667,2.15927358000772,3.2012297379988,2,2,1
32,4,4,0.686666666666667,2.03566084899649,2.73457375999715,2,2,2
32,1,1,0.648333333333333,1.08447984101076,1.78299962900928,2,2,3
32,4,2,0.511666666666667,1.09947184599878,2.3114196480019,2,2,2
32,3,3,0.72,1.20401927600324,2.77520949300379,2,2,1
32,1,2,0.713333333333333,1.61179133898986,2.41510724599357,2,2,2
32,4,4,0.0516666666666667,2.38438091200078,3.41982042499876,2,2,1
32,3,3,0.873333333333333,1.05248937800934,1.62305352301337,2,2,4
32,2,2,0.708333333333333,1.02685738899163,1.61329454599763,2,2,4
32,3,3,0.723333333333333,1.14436382699932,1.67588911100756,2,2,2
32,4,4,0.533333333333333,1.7876968139899,3.03131363099965,2,2,2
32,3,3,0.901666666666667,1.20716813100444,1.85835176400724,2,2,1
32,2,2,0.656666666666667,1.07582618200104,1.66216738399817,2,2,3
32,2,2,0.398333333333333,1.55907111198758,2.65076538699213,2,2,4
32,1,3,0.425,1.66674349100504,2.74945354899683,2,2,3
32,4,2,0.576666666666667,1.32739192299778,1.89793209200434,2,1,NaN
32,1,3,0.516666666666667,1.17802130599739,1.78926121800032,2,1,NaN
32,3,3,0.556666666666667,0.84142056600831,1.45957715400436,2,1,NaN
32,1,1,0.42,2.43763993500033,3.08922636100033,2,1,NaN
32,3,3,0.59,0.959691341005964,1.4983502170071,2,1,NaN
32,1,1,0.438333333333333,1.13103523700556,1.8377879299951,2,1,NaN
32,3,3,0.641666666666667,0.952641689000302,1.66630132000137,2,1,NaN
32,1,1,0.246666666666667,1.4841289229953,2.12751890500658,2,1,NaN
32,1,1,0.501666666666667,1.24565879700822,1.81637102400418,2,1,NaN
32,1,2,0.556666666666667,1.38726886500081,1.83028416900197,2,1,NaN
32,4,2,0.266666666666667,1.89701903500827,2.56461818300886,2,1,NaN
32,4,4,0.835,1.30431299499469,3.93131450899818,2,1,NaN
32,3,3,0.823333333333333,1.32739874698746,1.89007177499298,2,1,NaN
32,1,1,0.501666666666667,1.32306917200913,1.81342796499666,2,1,NaN
32,2,2,0.518333333333333,1.09702026398736,1.54738400499627,2,1,NaN
32,3,3,0.693333333333333,1.58562149001227,2.03657949001354,2,1,NaN
32,3,3,0.79,0.903217337996466,1.62536302999069,2,1,NaN
32,2,2,0.806666666666667,1.14937345900398,2.80736294900998,2,1,NaN
32,4,3,0.78,1.05873732799955,1.86234492900257,2,1,NaN
32,2,2,0.71,1.11865047199535,1.8743588149955,2,1,NaN
32,4,2,0.578333333333333,1.01867653899535,1.51718020800035,2,1,NaN
32,1,1,0.808333333333333,1.33314345701365,1.93691034000949,2,1,NaN
32,2,2,0.478333333333333,1.00656195099873,2.11318086201209,2,1,NaN
32,3,3,0.726666666666667,1.18488285300555,2.13872904199525,2,1,NaN
32,3,3,0.813333333333333,0.913299804989947,1.66029626899399,2,1,NaN
32,1,2,0.501666666666667,2.46985789900646,2.94560539801023,2,1,NaN
32,2,2,0.5,1.28551809299097,1.85652228799881,2,1,NaN
32,4,4,0.656666666666667,1.33001342100033,2.28472205500293,2,1,NaN
32,1,1,0.715,1.43716251100705,2.14451161300531,2,1,NaN
32,2,2,0.816666666666667,1.02143155199883,2.02382935900823,2,1,NaN
32,3,3,0.885,1.44319622901094,2.23916727300093,2,1,NaN
32,2,2,0.761666666666667,1.31259793799836,1.80327262000355,2,1,NaN
32,4,1,0.536666666666667,1.47067855700152,2.03292664799665,2,1,NaN
32,1,3,0.505,1.28396953300398,2.24688735599921,2,1,NaN
32,4,3,0.646666666666667,1.69581658999959,2.45918945300218,2,1,NaN
32,2,3,0.501666666666667,1.27466877100233,1.76569274600479,2,3,3
32,2,2,0.616666666666667,1.3544550719962,1.86196836599265,2,3,3
32,3,3,0.711666666666667,1.01502283599984,1.52904602600029,2,3,2
32,2,2,0.578333333333333,1.64757356898917,2.29055031698954,2,3,3
32,3,3,0.94,1.29022530000657,1.71740244200919,2,3,2
32,3,3,0.941666666666667,0.94011356899864,1.5200871029956,2,3,2
32,3,3,0.891666666666667,0.806083199000568,1.79406122000364,2,3,2
32,2,2,0.696666666666667,1.07760443599545,1.64822963099869,2,3,3
32,2,2,0.611666666666667,0.889421401996515,1.51557488000253,2,3,3
32,2,2,0.583333333333333,1.36375107598724,2.6538796479872,2,3,3
32,3,3,0.713333333333333,1.2480318040034,1.80379279000044,2,3,2
32,3,3,0.82,0.862645308996434,1.64870583899028,2,3,2
32,2,2,0.501666666666667,1.21853107999777,1.59834174500429,2,3,3
32,3,3,0.59,1.29013635199226,1.88403427299636,2,3,2
32,3,3,0.69,1.01338818100339,1.5830449310015,2,3,2
32,3,3,0.658333333333333,1.19578203800484,1.79909914000018,2,3,2
32,2,3,0.655,0.714950006004074,1.52507584499836,2,3,3
32,2,2,0.686666666666667,0.964906128996518,1.47329267700843,2,3,3
32,2,3,0.421666666666667,1.52044654398924,2.29097128199646,2,3,3
32,2,2,0.885,1.09864589599601,1.46133897299296,2,3,3
32,3,2,0.49,1.04777907401149,1.42571826100175,2,3,2
32,2,2,0.501666666666667,0.981178226997145,1.35226714599412,2,3,3
32,2,2,0.471666666666667,1.04614779399708,1.80842246799148,2,3,3
32,2,2,0.516666666666667,1.18847680800536,1.8546691149968,2,3,3
32,2,2,0.57,1.58491977299855,2.25134545800393,2,3,3
32,3,3,0.78,1.03742272499949,1.56011478000437,2,3,2
32,2,3,0.0983333333333333,0.965448449991527,2.77540998900076,2,3,3
32,3,3,0.61,1.27644852899539,1.78269132699643,2,3,2
32,3,3,0.651666666666667,0.795480807006243,1.2708644939994,2,3,2
32,3,3,0.79,0.864124364990857,1.42653566099762,2,3,2
32,3,2,0.0616666666666667,1.788810500002,2.92762859699724,2,3,2
32,3,2,0.501666666666667,1.16496162200929,1.55315938200511,2,3,2
32,2,2,0.745,1.38196550299472,1.92955036700005,2,3,3
32,2,2,0.158333333333333,2.38277119700797,3.57886414999666,2,3,3
32,3,3,0.888333333333333,1.01235612800519,1.69601126400812,2,3,2
32,2,2,0.501666666666667,1.4709556989983,2.10631568799727,2,2,1
32,4,4,0.341666666666667,2.33750653600146,3.23698304100253,2,2,3
32,2,2,0,4.06956312600232,5.38403707499674,2,2,3
32,4,2,0.78,2.08071023500815,2.81885850500839,2,2,2
32,3,3,0.501666666666667,0.982044591000886,1.50420634300099,2,2,2
32,1,4,0.903333333333333,1.42502771998988,2.25888607899833,2,2,4
32,2,2,0.501666666666667,1.24507062899647,1.74478112299403,2,2,3
32,3,2,0.005,0.782144454991794,2.34580683099921,2,2,1
32,2,3,0.665,1.49366593000013,1.92176375900453,2,2,3
32,4,3,0.0516666666666667,0.720011763012735,2.57113376801135,2,2,2
32,1,1,0.481666666666667,1.83957950600598,3.16259439600981,2,2,2
32,3,2,0.0866666666666667,1.26965645200107,2.48790989500412,2,2,4
32,4,4,0.558333333333333,1.72018732500146,2.603422700995,2,2,2
32,4,3,0.501666666666667,1.71838578100142,3.22536771699379,2,2,3
32,4,4,0.29,1.85101010699873,3.77371436099929,2,2,3
32,3,3,0.656666666666667,1.27310580199992,2.90867146900564,2,2,2
32,3,3,0.578333333333333,1.03421653500118,1.54984629699902,2,2,2
32,3,3,0.7,0.659610197006259,1.18340201499814,2,2,1
32,3,3,0.501666666666667,0.523116776996176,1.0316953510046,2,2,1
32,2,2,0.501666666666667,1.27389775100164,1.68571627599886,2,2,3
32,2,2,0.415,1.06891571699816,1.68757917000039,2,2,4
32,1,1,0.0133333333333333,3.47309553599916,4.54773354400822,2,2,2
32,4,4,0.796666666666667,2.22262449499976,2.89015080800164,2,2,3
32,3,3,0.686666666666667,1.37682071399468,1.84453682799358,2,2,1
32,2,2,0.851666666666667,1.00559273900581,1.53769865400682,2,2,1
32,3,3,0.771666666666667,1.20747080500587,1.85088224400533,2,2,4
32,3,3,0.833333333333333,1.28427887799626,1.82294732400624,2,2,2
32,3,3,0.831666666666667,0.914099863002775,1.4525606649986,2,2,4
32,1,1,0.92,1.26326247199904,2.16199076999328,2,2,2
32,1,1,0.501666666666667,2.19048660701083,2.81753611699969,2,2,4
32,3,3,0.781666666666667,1.12409375999414,1.94259086900274,2,2,2
32,4,3,0.736666666666667,1.21228236299066,1.70289388899982,2,2,3
32,3,3,0.501666666666667,2.36770896399685,2.8099464160041,2,2,1
32,1,1,0.63,1.26835105099599,1.61630551199778,2,2,3
32,1,1,0.00666666666666667,2.69884751399513,3.28568285999063,2,2,2
32,3,3,0.58,1.05659781300346,1.49967239800026,2,3,1
32,1,1,0.656666666666667,1.41917817399371,1.98277482599951,2,3,3
32,1,1,0.363333333333333,1.52264351899794,2.18946096100262,2,3,3
32,3,3,0.7,0.962066566993599,1.33994103300211,2,3,1
32,1,1,0.726666666666667,1.33116245300334,1.74162947598961,2,3,3
32,1,1,0.91,1.02867428099853,1.57652173699171,2,3,3
32,1,1,0.598333333333333,1.66000757399888,2.48681641899748,2,3,3
32,1,3,0.683333333333333,1.11895327099774,1.49840183499327,2,3,3
32,3,3,0.868333333333333,1.06616900899098,1.87785338699177,2,3,1
32,3,3,0.745,0.805378474004101,1.48054745500849,2,3,1
32,1,1,0.363333333333333,1.1212842160021,1.71536036800535,2,3,3
32,3,3,0.9,0.86622107400035,1.5183188009978,2,3,1
32,3,3,0.733333333333333,0.749133546996745,1.21680955999182,2,3,1
32,3,1,0.0333333333333333,0.723999787995126,1.8862100480037,2,3,1
32,3,3,0.835,0.927210857000318,1.43473175399413,2,3,1
32,3,3,0.796666666666667,1.0207980129926,1.61610037198989,2,3,1
32,1,1,0.531666666666667,1.68286159999843,2.23810932300694,2,3,3
32,1,1,0.626666666666667,0.959915054991143,1.47478125199268,2,3,3
32,3,3,0.796666666666667,0.683549034001771,1.14928186399629,2,3,1
32,1,1,0.256666666666667,1.49167007200595,2.38407384700258,2,3,3
32,3,3,0.791666666666667,1.06727557099657,1.52610937900317,2,3,1
32,3,3,0.645,0.787891712010605,1.49455963200307,2,3,1
32,1,3,0.00166666666666667,0.89522270100133,2.06560933000583,2,3,3
32,3,3,0.88,1.0750763459946,1.49442549300147,2,3,1
32,3,3,0.633333333333333,0.700963246999891,1.20047706499463,2,3,1
32,3,3,0.575,0.708347375999438,1.11880706799275,2,3,1
32,3,3,0.85,0.719077086992911,1.13088381799753,2,3,1
32,1,1,0.335,0.552093809994403,1.52234576699266,2,3,3
32,3,3,0.663333333333333,0.483903956992435,1.00564413199027,2,3,1
32,3,3,0.885,0.500729715990019,1.19768416999432,2,3,1
32,1,1,0.228333333333333,0.500860371001181,1.23716497300484,2,3,3
32,1,1,0.496666666666667,1.47110630800307,1.93071935500484,2,3,3
32,3,3,0.995,0.759972029001801,1.1710978839983,2,3,1
32,3,3,0.788333333333333,0.576517155001056,1.23637101300119,2,3,1
32,3,3,0.721666666666667,0.790913273987826,1.31272047599487,2,3,1
32,1,3,0.501666666666667,1.06964768799662,1.41536358300073,2,1,NaN
32,3,2,0.635,0.500875527999597,1.42250197399699,2,1,NaN
32,1,2,0.453333333333333,1.33849199100223,1.83659103501122,2,1,NaN
32,2,2,0.576666666666667,0.983375730007538,1.53854648899869,2,1,NaN
32,1,3,0.571666666666667,0.801498773013009,1.25280219400884,2,1,NaN
32,1,3,0.838333333333333,0.743126319008297,1.19281045699609,2,1,NaN
32,3,3,0.803333333333333,0.500757594010793,1.06525560600858,2,1,NaN
32,3,3,0.885,0.506854336010292,1.16521222000301,2,1,NaN
32,2,2,0.571666666666667,0.628005443999427,1.25553031799791,2,1,NaN
32,4,3,0.741666666666667,1.62499854300404,2.2291777520004,2,1,NaN
32,2,2,0.906666666666667,1.19062604299688,1.60858990100678,2,1,NaN
32,4,2,0.01,0.525602619003621,1.65645714300626,2,1,NaN
32,2,2,0.681666666666667,0.721832055991399,1.23657847399591,2,1,NaN
32,4,3,0.708333333333333,1.84829325300234,2.17945977300406,2,1,NaN
32,4,4,0.363333333333333,1.07913401498809,1.90716284498922,2,1,NaN
32,3,3,0.786666666666667,0.978118292012368,1.41363339500094,2,1,NaN
32,4,2,0.638333333333333,1.44070391698915,1.92399172698788,2,1,NaN
32,4,3,0.766666666666667,0.874537404000876,1.28529022599105,2,1,NaN
32,4,4,0.401666666666667,1.13388000198756,2.30534136199276,2,1,NaN
32,4,4,0.36,1.0320909130096,1.70814228701056,2,1,NaN
32,4,2,0.578333333333333,1.6274491899967,2.0555491999985,2,1,NaN
32,3,3,0.188333333333333,0.751832339010434,1.73786066600587,2,1,NaN
32,3,3,0.501666666666667,0.577408661003574,2.3164071689971,2,1,NaN
32,3,3,0.501666666666667,0.586699435996707,1.03833646400017,2,1,NaN
32,1,2,0.375,1.0490589569963,1.94084793300135,2,1,NaN
32,3,1,0.0483333333333333,1.05820968199987,2.19033324600605,2,1,NaN
32,2,2,0.393333333333333,1.37781253700086,2.30066747000092,2,1,NaN
32,2,2,0.8,1.02009836200159,1.37435654099681,2,1,NaN
32,4,1,0.228333333333333,1.34026103999349,2.10329791500408,2,1,NaN
32,1,3,0.518333333333333,1.45505398100067,1.97082774101,2,1,NaN
32,3,3,0.543333333333333,1.01483366198954,1.50479261399596,2,1,NaN
32,2,3,0.636666666666667,0.897490033006761,1.4529270970088,2,1,NaN
32,2,2,0.755,1.10276036499999,1.61867429199629,2,1,NaN
32,2,2,0.66,1.33319790899986,1.67136523099907,2,1,NaN
32,4,3,0.183333333333333,1.96127203700598,2.69148915899859,2,1,NaN
32,4,4,0.795,1.06883046000439,1.71214111000882,2,3,1
32,1,1,0.505,1.11869613299496,1.71480426499329,2,3,4
32,1,1,0.6,0.897735149002983,1.55540053300501,2,3,4
32,4,4,0.74,0.842502038009115,1.40517529900535,2,3,1
32,1,1,0.216666666666667,0.500850337004522,1.08516965899616,2,3,4
32,4,4,0.953333333333333,0.597988418012392,1.04089508800826,2,3,1
32,4,4,0.126666666666667,0.596110547005082,1.83062889300345,2,3,1
32,4,4,0.888333333333333,0.849420170998201,1.33996063700761,2,3,1
32,4,1,0.12,0.484161825006595,1.50916950301325,2,3,1
32,4,1,0.11,0.500854744008393,1.80136846700043,2,3,1
32,1,1,0.946666666666667,0.699283139998442,1.39805217301182,2,3,4
32,4,4,0.62,0.71472624001035,1.36494143000164,2,3,1
32,4,4,0.986666666666667,0.634084922989132,1.13331900499179,2,3,1
32,4,4,0.615,0.916148203992634,1.64716994400078,2,3,1
32,1,1,0.585,0.500734200002626,1.23673002400028,2,3,4
32,1,1,0.686666666666667,0.590713960991707,1.27452288899804,2,3,4
32,4,4,0.57,1.15560866599844,1.62308266699256,2,3,1
32,1,1,0.786666666666667,1.2098646890081,1.71580939300475,2,3,4
32,1,1,0.665,0.668042933000834,1.25473227098701,2,3,4
32,4,4,0.391666666666667,0.945687209008611,1.91642443400633,2,3,1
32,1,1,0.84,0.539613521003048,1.01465142899542,2,3,4
32,1,1,0.688333333333333,0.922345227998449,1.38912964299379,2,3,4
32,4,1,0.715,1.33776515700447,1.75660774100106,2,3,1
32,4,4,0.966666666666667,1.00236416699772,1.61239701299928,2,3,1
32,4,1,0.416666666666667,1.05597152998962,1.62000786399585,2,3,1
32,4,1,0.341666666666667,1.06196249299683,1.95242576900637,2,3,1
32,1,1,0.476666666666667,0.862986926003941,1.6184498520015,2,3,4
32,4,4,0.76,0.965346060998854,1.42372591700405,2,3,1
32,1,4,0.085,0.755625321995467,2.64632620899647,2,3,4
32,1,1,0.793333333333333,1.0076339829975,1.42726314200263,2,3,4
32,4,1,0.123333333333333,0.605255436996231,1.64729703299236,2,3,1
32,4,4,0.68,1.49038414699316,1.89286089199595,2,3,1
32,4,4,0.801666666666667,1.42107439199754,2.07165978298872,2,3,1
32,1,1,0.811666666666667,0.928043783002067,1.60993936700106,2,3,4
32,1,1,0.763333333333333,1.03063327299606,1.55239796299429,2,3,4
32,3,3,0.501666666666667,0.644399318000069,1.85656661100802,2,1,NaN
32,4,3,0.568333333333333,0.83326639799634,1.23629634200188,2,1,NaN
32,2,3,0.558333333333333,0.663332274009008,1.14581271400675,2,1,NaN
32,4,4,0.173333333333333,1.40910301500116,2.20475211599842,2,1,NaN
32,3,2,0.7,0.703506110003218,1.05017839300854,2,1,NaN
32,4,3,0.635,0.572768017998897,1.03145596099785,2,1,NaN
32,2,2,0.355,1.22708411401254,1.64712782300194,2,1,NaN
32,1,2,0.33,0.70430325299094,1.45009064298938,2,1,NaN
32,2,2,0.453333333333333,0.509085236000828,1.52900480499375,2,1,NaN
32,4,4,0.593333333333333,0.500738249000278,0.954273796989582,2,1,NaN
32,1,2,0.496666666666667,1.06444942900271,1.37877728400053,2,1,NaN
32,2,2,0.675,0.58467565200408,1.05052629200509,2,1,NaN
32,1,1,0.706666666666667,0.966292050987249,1.42544097999053,2,1,NaN
32,4,2,0.733333333333333,1.23642353800824,1.57512997600134,2,1,NaN
32,4,4,0.343333333333333,1.19547661699471,1.82997258999967,2,1,NaN
32,2,2,0.691666666666667,0.985254215003806,1.2762176690012,2,1,NaN
32,1,2,0.38,0.509155562991509,1.32820184199954,2,1,NaN
32,2,4,0.0233333333333333,0.735134588001529,1.93730640401191,2,1,NaN
32,4,2,0.576666666666667,1.3841976949916,1.86670459799643,2,1,NaN
32,4,1,0.501666666666667,1.46016576699913,2.10355638001056,2,1,NaN
32,3,3,0.511666666666667,1.1428680930112,1.40187678500661,2,1,NaN
32,3,3,0.571666666666667,0.56578826099576,0.897265455991146,2,1,NaN
32,4,2,0.548333333333333,1.25774887800799,1.66799224200076,2,1,NaN
32,2,2,0.67,0.702362903000903,1.20835196900589,2,1,NaN
32,4,4,0.578333333333333,1.02917553299631,1.52070877699589,2,1,NaN
32,4,2,0.766666666666667,1.07174764100637,1.44981062599982,2,1,NaN
32,4,2,0.501666666666667,1.30876622800133,2.00757470099779,2,1,NaN
32,3,3,0.64,1.12310710200109,1.91929271900153,2,1,NaN
32,2,2,0.743333333333333,1.08577149799385,1.40806479299499,2,1,NaN
32,4,4,0.561666666666667,1.2927979810047,1.86322175600799,2,1,NaN
32,1,3,0.501666666666667,1.32103773200652,1.78008645000227,2,1,NaN
32,1,1,0.528333333333333,1.11203553900123,1.59551674200338,2,1,NaN
32,1,1,0.436666666666667,0.958654561996809,1.43474632600555,2,1,NaN
32,1,1,0.611666666666667,0.748797020001803,1.6330259910028,2,1,NaN
32,1,1,0.73,1.33063189699897,1.82088039600058,2,1,NaN
32,1,1,0.501666666666667,1.26860655999917,1.84714865600108,2,2,2
32,1,1,0.615,1.71309175000351,2.32385512700421,2,2,2
32,1,2,0.293333333333333,1.86679184000241,2.43749733400182,2,2,2
32,4,1,0.665,1.98412389699661,2.72275402500236,2,2,1
32,4,2,0.346666666666667,1.73706772600417,2.28434082800231,2,2,2
32,3,3,0.851666666666667,1.14005208500021,1.80627898099192,2,2,4
32,1,1,0.865,1.08990316199197,1.78898805099016,2,2,3
32,2,2,0.536666666666667,1.92197035301069,2.43702840500919,2,2,1
32,3,3,0.878333333333333,1.07901898000273,1.63367947499501,2,2,2
32,4,1,0.501666666666667,2.01180347800255,2.67030479900131,2,2,1
32,2,2,0.735,1.27180537900131,1.72994414600544,2,2,3
32,4,3,0.501666666666667,1.64120561999152,2.02801835299761,2,2,3
32,1,1,0.903333333333333,1.67801678499382,2.37754522699106,2,2,2
32,3,3,0.896666666666667,1.01250781700946,1.54313853201165,2,2,4
32,1,1,0.501666666666667,1.16606614200282,1.61736921800184,2,2,3
32,4,2,0.501666666666667,2.19621690800705,2.60007731700898,2,2,2
32,1,1,0.501666666666667,1.20211083699542,1.6460288369999,2,2,3
32,1,2,0.27,2.00704899399716,2.78649354098889,2,2,2
32,3,3,0.481666666666667,1.30926715300302,1.96865721300128,2,2,4
32,2,2,0.35,1.41292877399246,1.88745441699575,2,2,3
32,4,1,0.0966666666666667,1.48840814299183,2.16303960699588,2,2,1
32,1,1,0.876666666666667,1.15189675499278,1.91608978000295,2,2,4
32,2,2,0.685,1.61030017401208,2.46821535000345,2,2,4
32,3,3,1,1.00555854200502,1.39159400299832,2,2,2
32,1,3,0.286666666666667,1.56549194300896,2.6255073229986,2,2,3
32,1,3,0.55,0.778495884995209,1.79806372399617,2,2,2
32,1,1,0.276666666666667,1.16126771799463,2.27729533099046,2,2,3
32,2,2,0.59,1.73222899300163,2.2801667409949,2,2,3
32,4,2,0.451666666666667,1.63138488600089,2.49102197900356,2,2,2
32,2,3,0.82,1.16966583099565,1.54051429999527,2,2,3
32,4,4,0.551666666666667,1.3872681799985,2.05442451901035,2,2,1
32,2,2,0.501666666666667,1.08821051000268,1.56360927199421,2,2,3
32,2,2,0.536666666666667,1.49684530199738,2.52447413999471,2,2,4
32,1,1,0.63,1.16129852099402,1.66095609599142,2,2,3
32,2,3,0,1.11812402300711,4.24026143600349,2,2,1
32,3,3,0.635,0.968420282006264,1.30865983600961,2,1,NaN
32,1,3,0.961666666666667,1.11523370399664,1.46321296899987,2,1,NaN
32,4,3,0.736666666666667,0.743714679992991,1.17986640500021,2,1,NaN
32,1,1,0.948333333333333,1.18428293601028,2.40326579300745,2,1,NaN
32,1,2,0.343333333333333,1.43027605500538,2.00075739099702,2,1,NaN
32,4,3,0.548333333333333,1.02050273001078,1.45633604199975,2,1,NaN
32,3,2,0.376666666666667,0.585529797011986,1.50074295701052,2,1,NaN
32,2,3,0.296666666666667,0.500793967003119,1.43906448000052,2,1,NaN
32,1,1,0.78,1.28273083698878,1.6452518649894,2,1,NaN
32,4,3,0.366666666666667,0.584032538012252,1.44971991400234,2,1,NaN
32,4,3,0.575,0.597235873006866,1.22458241300774,2,1,NaN
32,3,3,0.771666666666667,0.795126587996492,1.14270594099071,2,1,NaN
32,4,3,0.68,1.22120984000503,1.66373957700853,2,1,NaN
32,2,2,0.716666666666667,1.5295467810065,1.90737199800787,2,1,NaN
32,4,3,0.603333333333333,1.97174300000188,2.47917682299158,2,1,NaN
32,3,3,0.645,0.72676973399939,1.13923724699998,2,1,NaN
32,2,2,0.49,1.26452249899739,1.80351940200489,2,1,NaN
32,1,3,0.501666666666667,1.53594688199519,1.93893544698949,2,1,NaN
32,2,1,0.295,1.09667900300701,2.05284457199741,2,1,NaN
32,4,3,0.58,2.90966176599613,3.43136201299785,2,1,NaN
32,3,3,0.358333333333333,0.697131862005335,1.58847848200821,2,1,NaN
32,1,1,0.79,1.02467493599397,1.51550271800079,2,1,NaN
32,2,2,0.62,1.11494982300792,1.55779649900796,2,1,NaN
32,2,2,0.38,1.42785533399729,1.99170492099074,2,1,NaN
32,4,3,0.501666666666667,1.80364277800254,2.27755331300432,2,1,NaN
32,3,3,0.638333333333333,0.822437540991814,1.54496398298943,2,1,NaN
32,1,1,0.146666666666667,1.3595474879985,1.96210074400005,2,1,NaN
32,4,3,0.666666666666667,1.23917482500838,1.69758364801237,2,1,NaN
32,3,3,0.74,1.2256943990069,1.80454251600895,2,1,NaN
32,2,3,0.705,1.09665457399387,1.59510509300162,2,1,NaN
32,1,3,0.795,0.96016505100124,1.61838360200636,2,1,NaN
32,3,3,0.696666666666667,0.757729873002972,1.27310682099778,2,1,NaN
32,2,2,0.673333333333333,1.38712506501179,1.81331097500515,2,1,NaN
32,2,2,0.568333333333333,1.56036146600673,2.02823662200535,2,1,NaN
32,1,3,0.693333333333333,2.31825527900946,2.99348418100271,2,1,NaN
32,1,1,0.501666666666667,1.18445102700207,1.46764783399703,2,2,4
32,2,3,0.656666666666667,0.764572001993656,1.16739872499602,2,2,3
32,3,3,0.898333333333333,0.837550162003026,1.24064040300436,2,2,1
32,2,2,0.668333333333333,0.811102926993044,1.22971379899536,2,2,3
32,1,2,0.87,1.04072609900322,1.41892358500627,2,2,2
32,4,2,0.198333333333333,1.85556226500194,2.37113812599273,2,2,2
32,2,2,0.466666666666667,1.23850619699806,2.10422949200438,2,2,3
32,3,3,0.625,1.22440611800994,1.56375618099992,2,2,1
32,3,3,0.683333333333333,1.18474692098971,1.69305726099992,2,2,2
32,4,2,0.501666666666667,1.61866727100278,2.07870958000422,2,2,2
32,1,1,0.801666666666667,1.10974059198634,1.48831708799116,2,2,3
32,1,3,0.77,1.07302065799013,1.88539841599413,2,2,3
32,1,1,0.503333333333333,1.16489624499809,1.50358598299499,2,2,3
32,3,3,0.673333333333333,1.06391327299934,1.44236354299937,2,2,4
32,2,2,0.87,1.20498209299694,1.64707466600521,2,2,1
32,4,4,0.57,1.03358935800497,1.62163977100863,2,2,1
32,1,1,0.113333333333333,1.2794947430084,2.24173097300809,2,2,3
32,3,3,0.623333333333333,1.08479492399783,1.55129350100469,2,2,2
32,2,2,0.501666666666667,1.22166253099567,1.50547523099522,2,2,3
32,4,4,0.15,2.46371483299299,3.0914828699897,2,2,1
32,2,3,0.085,1.09773031600344,4.24485377100063,2,2,1
32,1,2,0.598333333333333,1.54055086898734,2.72034843999427,2,2,2
32,2,2,0.675,1.19713518700155,1.75144174600428,2,2,3
32,1,3,0.501666666666667,1.19785583899647,1.65626232499199,2,2,3
32,1,3,0.723333333333333,1.2828659430088,1.98153221599932,2,2,3
32,2,2,0.363333333333333,1.38640254100028,2.00600557500729,2,2,4
32,1,3,0.183333333333333,1.39271933099371,2.10057597300329,2,2,3
32,3,3,0.728333333333333,1.07508248600061,1.62142485499498,2,2,4
32,1,1,0.0366666666666667,2.13698301199474,3.13129174998903,2,2,3
32,3,3,0.56,0.961039284011349,1.34029178100172,2,2,4
32,2,3,0.435,1.20320441899821,2.66287710399774,2,2,4
32,3,3,0.736666666666667,0.942689817005885,1.60946117900312,2,2,2
32,1,1,0.0916666666666667,2.02115546300774,2.74392937301309,2,2,3
32,2,3,0.466666666666667,2.02786326500063,3.02999209100381,2,2,3
32,1,1,0.475,1.51204980500916,2.40378854400478,2,2,3
32,3,3,0.596666666666667,1.63650371700351,2.43983938000747,2,3,4
32,4,3,0.651666666666667,0.584184610997909,1.18752668699017,2,3,3
32,3,3,0.785,0.561153909002314,1.21898131900525,2,3,4
32,4,4,0.888333333333333,0.500729321996914,1.38590853600181,2,3,3
32,3,3,0.491666666666667,0.500812095007859,1.12194880101015,2,3,4
32,4,4,0.831666666666667,0.93040631400072,1.44530986600148,2,3,3
32,4,3,0.578333333333333,0.543219519007835,1.1780742030096,2,3,3
32,3,3,0.896666666666667,0.567699577994063,1.13153226899158,2,3,4
32,3,3,0.911666666666667,0.500822062997031,1.34055652799725,2,3,4
32,3,3,0.831666666666667,2.06730342499213,2.59770165599184,2,3,4
32,4,4,0.691666666666667,0.912993051999365,1.85294227300619,2,3,3
32,4,3,0.501666666666667,0.862599984000553,2.10562720499001,2,3,3
32,3,3,0.886666666666667,0.672968727012631,1.15576731700276,2,3,4
32,3,3,0.888333333333333,0.6017609200062,1.25396238399844,2,3,4
32,4,4,0.943333333333333,0.783886454009917,1.72271125001134,2,3,3
32,4,4,0.788333333333333,1.10552465899673,2.03642859599495,2,3,3
32,4,4,0.771666666666667,1.06293770199409,1.60911468700215,2,3,3
32,4,3,0.781666666666667,0.701525342999958,1.08759839599952,2,3,3
32,4,4,0.925,2.07309421600075,2.51698373100953,2,3,3
32,3,3,0.543333333333333,1.30661156700808,1.94207763200393,2,3,4
32,4,3,0.603333333333333,0.755984976000036,1.23985703599465,2,3,3
32,3,3,0.501666666666667,1.75403580600687,3.05310831400857,2,3,4
32,4,3,0.795,2.32521801200346,2.70356966200052,2,3,3
32,4,4,0.69,1.03896090800117,1.58637117099715,2,3,3
32,3,3,0.871666666666667,1.28654795899638,1.81025058799423,2,3,4
32,4,3,0.506666666666667,0.965161435000482,1.83294971799478,2,3,3
32,3,3,0.8,1.10636786499526,1.60569654799474,2,3,4
32,3,3,0.888333333333333,0.745474691007985,1.23613231400668,2,3,4
32,3,3,0.973333333333333,0.719687892007641,1.11496183200506,2,3,4
32,3,3,0.611666666666667,0.500767407007515,0.836536609000177,2,3,4
32,4,3,0.45,1.07294776500203,1.57894407700223,2,3,3
32,4,3,0.00166666666666667,0.760465914005181,2.25925569800893,2,3,3
32,4,4,0.818333333333333,1.31578265799908,2.03036278299987,2,3,3
32,3,3,0.62,0.840884802004439,1.3318358240067,2,3,4
32,3,3,0.828333333333333,0.619098770999699,1.18275752400223,2,3,4
